,,,heartbeat_id,heartbeat_id,heartbeat_start_sample,heartbeat_start_sample,heartbeat_end_sample,heartbeat_end_sample,q_peak_sample,q_peak_sample,b_point_sample,b_point_sample,rr_interval_ms,rr_interval_ms,heart_rate_bpm,heart_rate_bpm,pep_sample,pep_sample,pep_ms,pep_ms,nan_reason,nan_reason,error_per_sample_ms,absolute_error_per_sample_ms,absolute_relative_error_per_sample_percent
,,,estimated,reference,estimated,reference,estimated,reference,estimated,reference,estimated,reference,estimated,reference,estimated,reference,estimated,reference,estimated,reference,estimated,reference,metric,metric,metric
participant,phase,,,,,,,,,,,,,,,,,,,,,,,,
GDN0005,Pause,0,0,0,352,352,808,808,500,492,565,568,912.0,912.0,65.78947368421052,65.78947368421052,65,76,130.0,152.0,,,22.0,22.0,14.473684210526317
GDN0005,Pause,1,1,1,808,808,1252,1252,956,948,1023,1025,874.0,874.0,68.64988558352402,68.64988558352402,67,77,134.0,154.0,,,20.0,20.0,12.987012987012985
GDN0005,Pause,2,2,2,1252,1252,1686,1686,1394,1386,1460,1456,864.0,864.0,69.44444444444444,69.44444444444444,66,70,132.0,140.0,,,8.0,8.0,5.714285714285714
GDN0005,Pause,3,3,3,1686,1686,2116,2115,1825,1817,1889,1888,858.0,858.0,69.93006993006993,69.93006993006993,64,71,128.0,142.0,,,14.0,14.0,9.859154929577464
GDN0005,Pause,4,4,4,2116,2115,2570,2570,2253,2246,2318,2293,936.0,936.0,64.1025641025641,64.1025641025641,65,47,130.0,94.0,,,-36.0,36.0,38.297872340425535
GDN0005,Pause,5,5,5,2570,2570,3036,3036,2720,2714,2788,2780,928.0,928.0,64.6551724137931,64.6551724137931,68,66,136.0,132.0,,,-4.0,4.0,3.0303030303030303
GDN0005,Pause,6,6,6,3036,3036,3471,3471,3185,3178,3253,3254,840.0,840.0,71.42857142857143,71.42857142857143,68,76,136.0,152.0,,,16.0,16.0,10.526315789473683
GDN0005,Pause,7,7,7,3471,3471,3890,3890,3605,3597,3676,3674,836.0,836.0,71.77033492822967,71.77033492822967,71,77,142.0,154.0,,,12.0,12.0,7.792207792207792
GDN0005,Pause,8,8,8,3890,3890,4308,4308,4023,4016,4090,4093,838.0,838.0,71.59904534606206,71.59904534606206,67,77,134.0,154.0,,,20.0,20.0,12.987012987012985
GDN0005,Pause,9,9,9,4308,4308,4730,4730,4442,4435,4510,4512,846.0,846.0,70.92198581560284,70.92198581560284,68,77,136.0,154.0,,,18.0,18.0,11.688311688311687
GDN0005,Pause,10,10,10,4730,4730,5150,5150,4867,4859,4935,4915,838.0,838.0,71.59904534606206,71.59904534606206,68,56,136.0,112.0,,,-24.0,24.0,21.428571428571427
GDN0005,Pause,11,11,11,5150,5150,5571,5571,5286,5278,5350,5337,842.0,842.0,71.25890736342043,71.25890736342043,64,59,128.0,118.0,,,-10.0,10.0,8.47457627118644
GDN0005,Pause,13,13,13,6013,6013,6480,6480,6158,6152,6223,6223,948.0,948.0,63.29113924050633,63.29113924050633,65,71,130.0,142.0,,,12.0,12.0,8.450704225352112
GDN0005,Pause,14,14,14,6480,6480,6954,6954,6633,6627,6697,6682,948.0,948.0,63.29113924050633,63.29113924050633,64,55,128.0,110.0,,,-18.0,18.0,16.363636363636363
GDN0005,Pause,15,15,15,6954,6954,7416,7416,7107,7100,7172,7145,912.0,912.0,65.78947368421052,65.78947368421052,65,45,130.0,90.0,,,-40.0,40.0,44.44444444444444
GDN0005,Pause,16,16,16,7416,7416,7852,7852,7564,7556,7630,7609,850.0,850.0,70.58823529411765,70.58823529411765,66,53,132.0,106.0,,,-26.0,26.0,24.528301886792452
GDN0005,Pause,17,17,17,7852,7852,8262,8262,7990,7981,8056,8040,804.0,804.0,74.62686567164178,74.62686567164178,66,59,132.0,118.0,,,-14.0,14.0,11.864406779661017
GDN0005,Pause,18,18,18,8262,8262,8657,8657,8391,8383,8456,8447,782.0,782.0,76.72634271099744,76.72634271099744,65,64,130.0,128.0,,,-2.0,2.0,1.5625
GDN0005,Pause,19,19,19,8657,8657,9047,9047,8782,8774,8846,8828,778.0,778.0,77.12082262210797,77.12082262210797,64,54,128.0,108.0,,,-20.0,20.0,18.51851851851852
GDN0005,Pause,20,20,20,9047,9047,9445,9445,9169,9163,9235,9201,806.0,806.0,74.44168734491315,74.44168734491315,66,38,132.0,76.0,,,-56.0,56.0,73.68421052631578
GDN0005,Pause,21,21,21,9445,9445,9854,9854,9573,9566,9637,9643,824.0,824.0,72.81553398058253,72.81553398058253,64,77,128.0,154.0,,,26.0,26.0,16.883116883116884
GDN0005,Pause,22,22,22,9854,9854,10259,10259,9985,9979,10051,10057,804.0,804.0,74.62686567164178,74.62686567164178,66,78,132.0,156.0,,,24.0,24.0,15.384615384615385
GDN0005,Pause,23,23,23,10259,10259,10683,10683,10387,10380,10455,10459,872.0,872.0,68.80733944954129,68.80733944954129,68,79,136.0,158.0,,,22.0,22.0,13.924050632911392
GDN0005,Pause,24,24,24,10683,10683,11132,11132,10823,10816,10890,10880,912.0,912.0,65.78947368421052,65.78947368421052,67,64,134.0,128.0,,,-6.0,6.0,4.6875
GDN0005,Pause,25,25,25,11132,11132,11590,11590,11281,11272,11345,11339,916.0,916.0,65.50218340611353,65.50218340611353,64,67,128.0,134.0,,,6.0,6.0,4.477611940298507
GDN0005,Pause,26,26,26,11590,11590,12042,12042,11738,11730,11802,11797,900.0,900.0,66.66666666666667,66.66666666666667,64,67,128.0,134.0,,,6.0,6.0,4.477611940298507
GDN0005,Pause,27,27,27,12042,12042,12515,12515,12188,12180,12252,12249,968.0,968.0,61.98347107438017,61.98347107438017,64,69,128.0,138.0,,,10.0,10.0,7.246376811594203
GDN0005,Pause,28,28,28,12515,12515,13015,13015,12671,12665,12737,12737,1018.0,1018.0,58.93909626719057,58.93909626719057,66,72,132.0,144.0,,,12.0,12.0,8.333333333333332
GDN0005,Pause,29,29,29,13015,13015,13517,13517,13180,13173,13246,13241,996.0,996.0,60.24096385542169,60.24096385542169,66,68,132.0,136.0,,,4.0,4.0,2.941176470588235
GDN0005,Pause,30,30,30,13517,13517,14013,14013,13678,13671,13745,13728,990.0,990.0,60.60606060606061,60.60606060606061,67,57,134.0,114.0,,,-20.0,20.0,17.543859649122805
GDN0005,Pause,31,31,31,14013,14013,14501,14501,14174,14166,14239,14235,968.0,968.0,61.98347107438017,61.98347107438017,65,69,130.0,138.0,,,8.0,8.0,5.797101449275362
GDN0005,Pause,32,32,32,14501,14501,14981,14981,14658,14651,14725,14725,958.0,958.0,62.63048016701462,62.63048016701462,67,74,134.0,148.0,,,14.0,14.0,9.45945945945946
GDN0005,Pause,33,33,33,14981,14981,15460,15460,15137,15129,15201,15187,956.0,956.0,62.761506276150634,62.761506276150634,64,58,128.0,116.0,,,-12.0,12.0,10.344827586206897
GDN0005,Pause,34,34,34,15460,15460,15925,15925,15615,15607,15682,15666,916.0,916.0,65.50218340611353,65.50218340611353,67,59,134.0,118.0,,,-16.0,16.0,13.559322033898304
GDN0005,Pause,35,35,35,15925,15925,16379,16379,16074,16066,16139,16121,906.0,906.0,66.2251655629139,66.2251655629139,65,55,130.0,110.0,,,-20.0,20.0,18.181818181818183
GDN0005,Pause,36,36,36,16379,16379,16836,16836,16526,16518,16590,16577,916.0,916.0,65.50218340611353,65.50218340611353,64,59,128.0,118.0,,,-10.0,10.0,8.47457627118644
GDN0005,Pause,37,37,37,16836,16836,17310,17310,16983,16977,17049,17051,966.0,966.0,62.11180124223603,62.11180124223603,66,74,132.0,148.0,,,16.0,16.0,10.81081081081081
GDN0005,Pause,38,38,38,17310,17310,17802,17802,17466,17459,17533,17534,994.0,994.0,60.36217303822938,60.36217303822938,67,75,134.0,150.0,,,16.0,16.0,10.666666666666668
GDN0005,Pause,39,39,39,17802,17802,18294,18294,17963,17956,18030,18011,980.0,980.0,61.224489795918366,61.224489795918366,67,55,134.0,110.0,,,-24.0,24.0,21.818181818181817
GDN0005,Pause,40,40,40,18294,18294,18788,18788,18454,18446,18520,18522,992.0,992.0,60.483870967741936,60.483870967741936,66,76,132.0,152.0,,,20.0,20.0,13.157894736842104
GDN0005,Pause,41,41,41,18788,18788,19282,19282,18949,18942,19015,19007,986.0,986.0,60.851926977687626,60.851926977687626,66,65,132.0,130.0,,,-2.0,2.0,1.5384615384615385
GDN0005,Pause,42,42,42,19282,19282,19774,19774,19444,19435,19510,19511,980.0,980.0,61.224489795918366,61.224489795918366,66,76,132.0,152.0,,,20.0,20.0,13.157894736842104
GDN0005,Pause,44,44,44,20256,20256,20722,20722,20412,20403,20476,20471,920.0,920.0,65.21739130434783,65.21739130434783,64,68,128.0,136.0,,,8.0,8.0,5.88235294117647
GDN0005,Pause,45,45,45,20722,20722,21174,21174,20872,20863,20939,20929,894.0,894.0,67.11409395973155,67.11409395973155,67,66,134.0,132.0,,,-2.0,2.0,1.5151515151515151
GDN0005,Pause,46,46,46,21174,21174,21621,21621,21319,21310,21382,21379,896.0,896.0,66.96428571428571,66.96428571428571,63,69,126.0,138.0,,,12.0,12.0,8.695652173913043
GDN0005,Pause,47,47,47,21621,21621,22096,22096,21765,21759,21830,21830,980.0,980.0,61.224489795918366,61.224489795918366,65,71,130.0,142.0,,,12.0,12.0,8.450704225352112
GDN0005,Pause,48,48,48,22096,22096,22600,22600,22255,22249,22321,22323,1022.0,1022.0,58.708414872798436,58.708414872798436,66,74,132.0,148.0,,,16.0,16.0,10.81081081081081
GDN0005,Pause,49,49,49,22600,22600,23107,23107,22765,22759,22832,22816,1010.0,1010.0,59.40594059405941,59.40594059405941,67,57,134.0,114.0,,,-20.0,20.0,17.543859649122805
GDN0005,Pause,50,50,50,23107,23107,23606,23606,23271,23264,23340,23308,990.0,990.0,60.60606060606061,60.60606060606061,69,44,138.0,88.0,,,-50.0,50.0,56.81818181818182
GDN0005,Pause,51,51,51,23606,23606,24100,24100,23767,23760,23833,23828,988.0,988.0,60.72874493927126,60.72874493927126,66,68,132.0,136.0,,,4.0,4.0,2.941176470588235
GDN0005,Pause,52,52,52,24100,24100,24577,24577,24261,24253,24326,24311,936.0,936.0,64.1025641025641,64.1025641025641,65,58,130.0,116.0,,,-14.0,14.0,12.068965517241379
GDN0005,Pause,53,53,53,24577,24577,25024,25024,24729,24721,24793,24793,872.0,872.0,68.80733944954129,68.80733944954129,64,72,128.0,144.0,,,16.0,16.0,11.11111111111111
GDN0005,Pause,54,54,54,25024,25024,25455,25455,25166,25158,25230,25225,854.0,854.0,70.2576112412178,70.2576112412178,64,67,128.0,134.0,,,6.0,6.0,4.477611940298507
GDN0005,Pause,55,55,55,25455,25455,25880,25880,25592,25584,25656,25653,848.0,848.0,70.75471698113208,70.75471698113208,64,69,128.0,138.0,,,10.0,10.0,7.246376811594203
GDN0005,Pause,56,56,56,25880,25880,26338,26338,26015,26008,26080,26077,954.0,954.0,62.89308176100629,62.89308176100629,65,69,130.0,138.0,,,8.0,8.0,5.797101449275362
GDN0005,Pause,57,57,57,26338,26338,26827,26827,26491,26485,26558,26550,992.0,992.0,60.483870967741936,60.483870967741936,67,65,134.0,130.0,,,-4.0,4.0,3.076923076923077
GDN0005,Pause,58,58,58,26827,26827,27289,27289,26988,26981,27053,27053,886.0,886.0,67.72009029345372,67.72009029345372,65,72,130.0,144.0,,,14.0,14.0,9.722222222222223
GDN0005,Pause,59,59,59,27289,27289,27731,27731,27431,27424,27499,27488,884.0,884.0,67.87330316742081,67.87330316742081,68,64,136.0,128.0,,,-8.0,8.0,6.25
GDN0005,Pause,60,60,60,27731,27731,28188,28188,27872,27866,27942,27946,930.0,930.0,64.51612903225806,64.51612903225806,70,80,140.0,160.0,,,20.0,20.0,12.5
GDN0005,Pause,61,61,61,28188,28188,28672,28672,28339,28331,28405,28395,988.0,988.0,60.72874493927126,60.72874493927126,66,64,132.0,128.0,,,-4.0,4.0,3.125
GDN0005,Pause,62,62,62,28672,28672,29172,29172,28833,28825,28900,28905,1006.0,1006.0,59.642147117296226,59.642147117296226,67,80,134.0,160.0,,,26.0,26.0,16.25
GDN0005,Pause,63,63,63,29172,29172,29656,29656,29337,29329,29402,29389,948.0,948.0,63.29113924050633,63.29113924050633,65,60,130.0,120.0,,,-10.0,10.0,8.333333333333332
GDN0005,Valsalva,0,0,0,403,403,859,859,551,543,616,619,912.0,912.0,65.78947368421052,65.78947368421052,65,76,130.0,152.0,,,22.0,22.0,14.473684210526317
GDN0005,Valsalva,1,1,1,859,859,1310,1310,1008,999,1072,1075,896.0,896.0,66.96428571428571,66.96428571428571,64,76,128.0,152.0,,,24.0,24.0,15.789473684210526
GDN0005,Valsalva,2,2,2,1310,1310,1770,1770,1455,1448,1518,1518,932.0,932.0,64.37768240343347,64.37768240343347,63,70,126.0,140.0,,,14.0,14.0,10.0
GDN0005,Valsalva,3,3,3,1770,1770,2256,2256,1920,1913,1985,1981,994.0,994.0,60.36217303822938,60.36217303822938,65,68,130.0,136.0,,,6.0,6.0,4.411764705882353
GDN0005,Valsalva,4,4,4,2256,2256,2754,2754,2417,2410,2483,2491,998.0,998.0,60.120240480961925,60.120240480961925,66,81,132.0,162.0,,,30.0,30.0,18.51851851851852
GDN0005,Valsalva,5,5,5,2754,2754,3244,3244,2917,2909,2981,2987,970.0,970.0,61.855670103092784,61.855670103092784,64,78,128.0,156.0,,,28.0,28.0,17.94871794871795
GDN0005,Valsalva,6,6,6,3244,3244,3722,3722,3402,3394,3466,3465,948.0,948.0,63.29113924050633,63.29113924050633,64,71,128.0,142.0,,,14.0,14.0,9.859154929577464
GDN0005,Valsalva,7,7,7,3722,3722,4174,4174,3876,3868,3940,3942,880.0,880.0,68.18181818181819,68.18181818181819,64,74,128.0,148.0,,,20.0,20.0,13.513513513513514
GDN0005,Valsalva,8,8,8,4174,4174,4606,4606,4318,4309,4379,4377,854.0,854.0,70.2576112412178,70.2576112412178,61,68,122.0,136.0,,,14.0,14.0,10.294117647058822
GDN0005,Valsalva,9,9,9,4606,4606,5036,5036,4743,4736,4807,4810,864.0,864.0,69.44444444444444,69.44444444444444,64,74,128.0,148.0,,,20.0,20.0,13.513513513513514
GDN0005,Valsalva,10,10,10,5036,5036,5495,5495,5174,5168,5240,5247,948.0,948.0,63.29113924050633,63.29113924050633,66,79,132.0,158.0,,,26.0,26.0,16.455696202531644
GDN0005,Valsalva,11,11,11,5495,5495,5980,5980,5648,5641,5714,5721,980.0,980.0,61.224489795918366,61.224489795918366,66,80,132.0,160.0,,,28.0,28.0,17.5
GDN0005,Valsalva,12,12,12,5980,5980,6479,6479,6138,6131,6204,6215,1008.0,1008.0,59.523809523809526,59.523809523809526,66,84,132.0,168.0,,,36.0,36.0,21.428571428571427
GDN0005,Valsalva,13,13,13,6479,6479,6977,6977,6643,6635,6707,6709,992.0,992.0,60.483870967741936,60.483870967741936,64,74,128.0,148.0,,,20.0,20.0,13.513513513513514
GDN0005,Valsalva,14,14,14,6977,6977,7456,7456,7140,7132,7203,7200,938.0,938.0,63.965884861407254,63.965884861407254,63,68,126.0,136.0,,,10.0,10.0,7.352941176470589
GDN0005,Valsalva,15,15,15,7456,7456,7921,7921,7608,7600,7672,7671,926.0,926.0,64.79481641468682,64.79481641468682,64,71,128.0,142.0,,,14.0,14.0,9.859154929577464
GDN0005,Valsalva,16,16,16,7921,7921,8402,8402,8070,8063,8134,8140,980.0,980.0,61.224489795918366,61.224489795918366,64,77,128.0,154.0,,,26.0,26.0,16.883116883116884
GDN0005,Valsalva,17,17,17,8402,8402,8893,8893,8560,8553,8625,8629,984.0,984.0,60.97560975609756,60.97560975609756,65,76,130.0,152.0,,,22.0,22.0,14.473684210526317
GDN0005,Valsalva,18,18,18,8893,8893,9378,9378,9053,9046,9116,9121,962.0,962.0,62.37006237006237,62.37006237006237,63,75,126.0,150.0,,,24.0,24.0,16.0
GDN0005,Valsalva,19,19,19,9378,9378,9838,9838,9534,9526,9599,9606,900.0,900.0,66.66666666666667,66.66666666666667,65,80,130.0,160.0,,,30.0,30.0,18.75
GDN0005,Valsalva,20,20,20,9838,9838,10275,10275,9985,9976,10050,10038,858.0,858.0,69.93006993006993,69.93006993006993,65,62,130.0,124.0,,,-6.0,6.0,4.838709677419355
GDN0005,Valsalva,21,21,21,10275,10275,10707,10707,10414,10406,10478,10472,868.0,868.0,69.12442396313364,69.12442396313364,64,66,128.0,132.0,,,4.0,4.0,3.0303030303030303
GDN0005,Valsalva,22,22,22,10707,10707,11163,11163,10846,10839,10911,10897,936.0,936.0,64.1025641025641,64.1025641025641,65,58,130.0,116.0,,,-14.0,14.0,12.068965517241379
GDN0005,Valsalva,23,23,23,11163,11163,11648,11648,11315,11308,11377,11376,988.0,988.0,60.72874493927126,60.72874493927126,62,68,124.0,136.0,,,12.0,12.0,8.823529411764707
GDN0005,Valsalva,24,24,24,11648,11648,12153,12153,11808,11801,11873,11879,1022.0,1022.0,58.708414872798436,58.708414872798436,65,78,130.0,156.0,,,26.0,26.0,16.666666666666664
GDN0005,Valsalva,25,25,25,12153,12153,12658,12658,12320,12312,12385,12386,1002.0,1002.0,59.880239520958085,59.880239520958085,65,74,130.0,148.0,,,18.0,18.0,12.162162162162163
GDN0005,Valsalva,26,26,26,12658,12658,13146,13146,12821,12813,12889,12881,964.0,964.0,62.24066390041494,62.24066390041494,68,68,136.0,136.0,,,0.0,0.0,0.0
GDN0005,Valsalva,27,27,27,13146,13146,13609,13609,13304,13295,13365,13353,906.0,906.0,66.2251655629139,66.2251655629139,61,58,122.0,116.0,,,-6.0,6.0,5.172413793103448
GDN0005,Valsalva,28,28,28,13609,13609,14066,14066,13756,13749,13818,13810,918.0,918.0,65.359477124183,65.359477124183,62,61,124.0,122.0,,,-2.0,2.0,1.639344262295082
GDN0005,Valsalva,29,29,29,14066,14066,14518,14518,14215,14207,14278,14276,894.0,894.0,67.11409395973155,67.11409395973155,63,69,126.0,138.0,,,12.0,12.0,8.695652173913043
GDN0005,Valsalva,30,30,30,14518,14518,14942,14942,14662,14654,14728,14735,824.0,824.0,72.81553398058253,72.81553398058253,66,81,132.0,162.0,,,30.0,30.0,18.51851851851852
GDN0005,Valsalva,31,31,31,14942,14942,15354,15354,15074,15066,15140,15149,826.0,826.0,72.63922518159806,72.63922518159806,66,83,132.0,166.0,,,34.0,34.0,20.481927710843372
GDN0005,Valsalva,32,32,32,15354,15354,15776,15776,15488,15479,15556,15566,852.0,852.0,70.4225352112676,70.4225352112676,68,87,136.0,174.0,,,38.0,38.0,21.839080459770116
GDN0005,Valsalva,33,33,33,15776,15776,16204,16204,15913,15905,15980,15975,858.0,858.0,69.93006993006993,69.93006993006993,67,70,134.0,140.0,,,6.0,6.0,4.285714285714286
GDN0005,Valsalva,34,34,34,16204,16204,16648,16648,16342,16334,16407,16394,906.0,906.0,66.2251655629139,66.2251655629139,65,60,130.0,120.0,,,-10.0,10.0,8.333333333333332
GDN0005,Valsalva,35,35,35,16648,16648,17135,17135,16794,16787,16858,16856,1008.0,1008.0,59.523809523809526,59.523809523809526,64,69,128.0,138.0,,,10.0,10.0,7.246376811594203
GDN0005,Valsalva,36,36,36,17135,17135,17633,17633,17298,17291,17363,17368,990.0,990.0,60.60606060606061,60.60606060606061,65,77,130.0,154.0,,,24.0,24.0,15.584415584415584
GDN0005,Valsalva,37,37,37,17633,17633,18112,18112,17794,17787,17859,17867,942.0,942.0,63.69426751592357,63.69426751592357,65,80,130.0,160.0,,,30.0,30.0,18.75
GDN0005,Valsalva,38,38,38,18112,18112,18570,18570,18266,18257,18332,18323,900.0,900.0,66.66666666666667,66.66666666666667,66,66,132.0,132.0,,,0.0,0.0,0.0
GDN0005,Valsalva,39,39,39,18570,18570,19022,19022,18715,18707,18777,18781,908.0,908.0,66.07929515418502,66.07929515418502,62,74,124.0,148.0,,,24.0,24.0,16.216216216216218
GDN0005,Valsalva,40,40,40,19022,19022,19483,19483,19168,19161,19233,19224,930.0,930.0,64.51612903225806,64.51612903225806,65,63,130.0,126.0,,,-4.0,4.0,3.1746031746031744
GDN0005,Valsalva,41,41,41,19483,19483,19945,19945,19633,19626,19698,19697,920.0,920.0,65.21739130434783,65.21739130434783,65,71,130.0,142.0,,,12.0,12.0,8.450704225352112
GDN0005,Valsalva,42,42,42,19945,19945,20408,20408,20093,20086,20161,20171,930.0,930.0,64.51612903225806,64.51612903225806,68,85,136.0,170.0,,,34.0,34.0,20.0
GDN0005,Valsalva,43,43,43,20408,20408,20856,20856,20559,20551,20626,20629,876.0,876.0,68.4931506849315,68.4931506849315,67,78,134.0,156.0,,,22.0,22.0,14.102564102564102
GDN0005,Valsalva,44,44,44,20856,20856,21292,21292,20998,20990,21064,21053,872.0,872.0,68.80733944954129,68.80733944954129,66,63,132.0,126.0,,,-6.0,6.0,4.761904761904762
GDN0005,Valsalva,45,45,45,21292,21292,21754,21754,21433,21426,21498,21492,952.0,952.0,63.02521008403362,63.02521008403362,65,66,130.0,132.0,,,2.0,2.0,1.5151515151515151
GDN0005,Valsalva,46,46,46,21754,21754,22254,22254,21908,21901,21974,21970,1024.0,1024.0,58.59375,58.59375,66,69,132.0,138.0,,,6.0,6.0,4.3478260869565215
GDN0005,Valsalva,47,47,47,22254,22254,22768,22768,22420,22413,22484,22482,1030.0,1030.0,58.252427184466015,58.252427184466015,64,69,128.0,138.0,,,10.0,10.0,7.246376811594203
GDN0005,Valsalva,48,48,48,22768,22768,23272,23272,22935,22927,23000,22995,996.0,996.0,60.24096385542169,60.24096385542169,65,68,130.0,136.0,,,6.0,6.0,4.411764705882353
GDN0005,Valsalva,49,49,49,23272,23272,23750,23750,23435,23426,23499,23486,936.0,936.0,64.1025641025641,64.1025641025641,64,60,128.0,120.0,,,-8.0,8.0,6.666666666666667
GDN0005,Valsalva,50,50,50,23750,23750,24232,24232,23902,23894,23966,23965,980.0,980.0,61.224489795918366,61.224489795918366,64,71,128.0,142.0,,,14.0,14.0,9.859154929577464
GDN0005,Valsalva,51,51,51,24232,24232,24736,24736,24391,24384,24454,24455,1022.0,1022.0,58.708414872798436,58.708414872798436,63,71,126.0,142.0,,,16.0,16.0,11.267605633802818
GDN0005,Valsalva,52,52,52,24736,24736,25250,25250,24903,24895,24967,24970,1032.0,1032.0,58.13953488372093,58.13953488372093,64,75,128.0,150.0,,,22.0,22.0,14.666666666666666
GDN0005,Valsalva,53,53,53,25250,25250,25751,25751,25419,25411,25479,25471,986.0,986.0,60.851926977687626,60.851926977687626,60,60,120.0,120.0,,,0.0,0.0,0.0
GDN0005,Valsalva,54,54,54,25751,25751,26226,26226,25913,25905,25977,25971,928.0,928.0,64.6551724137931,64.6551724137931,64,66,128.0,132.0,,,4.0,4.0,3.0303030303030303
GDN0005,Valsalva,55,55,55,26226,26226,26702,26702,26376,26368,26439,26441,966.0,966.0,62.11180124223603,62.11180124223603,63,73,126.0,146.0,,,20.0,20.0,13.698630136986301
GDN0005,Valsalva,56,56,56,26702,26702,27202,27202,26859,26851,26923,26916,1018.0,1018.0,58.93909626719057,58.93909626719057,64,65,128.0,130.0,,,2.0,2.0,1.5384615384615385
GDN0005,Valsalva,57,57,57,27202,27202,27708,27708,27368,27360,27432,27441,1008.0,1008.0,59.523809523809526,59.523809523809526,64,81,128.0,162.0,,,34.0,34.0,20.98765432098765
GDN0005,Valsalva,58,58,58,27708,27708,28179,28179,27871,27864,27936,27932,908.0,908.0,66.07929515418502,66.07929515418502,65,68,130.0,136.0,,,6.0,6.0,4.411764705882353
GDN0005,Valsalva,59,59,59,28179,28179,28623,28623,28327,28318,28392,28397,876.0,876.0,68.4931506849315,68.4931506849315,65,79,130.0,158.0,,,28.0,28.0,17.72151898734177
GDN0005,Valsalva,60,60,60,28623,28623,29064,29064,28765,28756,28829,28833,886.0,886.0,67.72009029345372,67.72009029345372,64,77,128.0,154.0,,,26.0,26.0,16.883116883116884
GDN0005,Valsalva,61,61,61,29064,29064,29500,29500,29207,29199,29272,29282,866.0,866.0,69.28406466512702,69.28406466512702,65,83,130.0,166.0,,,36.0,36.0,21.686746987951807
GDN0005,Valsalva,62,62,62,29500,29500,29933,29933,29641,29633,29705,29692,,,,,64,59,128.0,118.0,,,-10.0,10.0,8.47457627118644
GDN0005,HoldingBreath,0,0,0,346,346,771,771,484,476,552,540,850.0,850.0,70.58823529411765,70.58823529411765,68,64,136.0,128.0,,,-8.0,8.0,6.25
GDN0005,HoldingBreath,1,1,1,771,771,1173,1173,910,901,973,973,778.0,778.0,77.12082262210797,77.12082262210797,63,72,126.0,144.0,,,18.0,18.0,12.5
GDN0005,HoldingBreath,3,3,3,1553,1553,1926,1926,1671,1664,1736,1741,746.0,746.0,80.4289544235925,80.4289544235925,65,77,130.0,154.0,,,24.0,24.0,15.584415584415584
GDN0005,HoldingBreath,4,4,4,1926,1926,2306,2306,2044,2036,2112,2121,766.0,766.0,78.32898172323759,78.32898172323759,68,85,136.0,170.0,,,34.0,34.0,20.0
GDN0005,HoldingBreath,5,5,5,2306,2306,2697,2697,2427,2420,2495,2499,790.0,790.0,75.94936708860759,75.94936708860759,68,79,136.0,158.0,,,22.0,22.0,13.924050632911392
GDN0005,HoldingBreath,6,6,6,2697,2697,3085,3085,2823,2815,2889,2892,768.0,768.0,78.125,78.125,66,77,132.0,154.0,,,22.0,22.0,14.285714285714285
GDN0005,HoldingBreath,7,7,7,3085,3085,3487,3487,3206,3198,3274,3279,826.0,826.0,72.63922518159806,72.63922518159806,68,81,136.0,162.0,,,26.0,26.0,16.049382716049383
GDN0005,HoldingBreath,9,9,9,3909,3909,4332,4332,4045,4038,4112,4117,844.0,844.0,71.09004739336493,71.09004739336493,67,79,134.0,158.0,,,24.0,24.0,15.18987341772152
GDN0005,HoldingBreath,10,10,10,4332,4332,4741,4741,4469,4460,4533,4521,802.0,802.0,74.81296758104737,74.81296758104737,64,61,128.0,122.0,,,-6.0,6.0,4.918032786885246
GDN0005,HoldingBreath,11,11,11,4741,4741,5131,5131,4869,4862,4932,4920,770.0,770.0,77.92207792207792,77.92207792207792,63,58,126.0,116.0,,,-10.0,10.0,8.620689655172415
GDN0005,HoldingBreath,12,12,12,5131,5131,5516,5516,5254,5247,5318,5307,770.0,770.0,77.92207792207792,77.92207792207792,64,60,128.0,120.0,,,-8.0,8.0,6.666666666666667
GDN0005,HoldingBreath,13,13,13,5516,5516,5913,5913,5638,5632,5704,5703,806.0,806.0,74.44168734491315,74.44168734491315,66,71,132.0,142.0,,,10.0,10.0,7.042253521126761
GDN0005,HoldingBreath,15,15,15,6342,6342,6814,6814,6484,6478,6545,6538,974.0,974.0,61.601642710472284,61.601642710472284,61,60,122.0,120.0,,,-2.0,2.0,1.6666666666666667
GDN0005,HoldingBreath,16,16,16,6814,6814,7308,7308,6971,6964,7035,7035,996.0,996.0,60.24096385542169,60.24096385542169,64,71,128.0,142.0,,,14.0,14.0,9.859154929577464
GDN0005,HoldingBreath,17,17,17,7308,7308,7799,7799,7469,7462,7532,7528,974.0,974.0,61.601642710472284,61.601642710472284,63,66,126.0,132.0,,,6.0,6.0,4.545454545454546
GDN0005,HoldingBreath,18,18,18,7799,7799,8261,8261,7957,7949,8019,8004,898.0,898.0,66.81514476614699,66.81514476614699,62,55,124.0,110.0,,,-14.0,14.0,12.727272727272727
GDN0005,HoldingBreath,19,19,19,8261,8261,8692,8692,8406,8398,8468,8472,844.0,844.0,71.09004739336493,71.09004739336493,62,74,124.0,148.0,,,24.0,24.0,16.216216216216218
GDN0005,HoldingBreath,20,20,20,8692,8692,9119,9119,8828,8820,8891,8894,858.0,858.0,69.93006993006993,69.93006993006993,63,74,126.0,148.0,,,22.0,22.0,14.864864864864865
GDN0005,HoldingBreath,21,21,21,9119,9119,9542,9542,9258,9249,9319,9305,840.0,840.0,71.42857142857143,71.42857142857143,61,56,122.0,112.0,,,-10.0,10.0,8.928571428571429
GDN0005,HoldingBreath,22,22,22,9542,9542,9955,9955,9677,9669,9739,9739,818.0,818.0,73.34963325183375,73.34963325183375,62,70,124.0,140.0,,,16.0,16.0,11.428571428571429
GDN0005,HoldingBreath,23,23,23,9955,9955,10372,10372,10086,10079,10149,10143,844.0,844.0,71.09004739336493,71.09004739336493,63,64,126.0,128.0,,,2.0,2.0,1.5625
GDN0005,HoldingBreath,24,24,24,10372,10372,10800,10800,10507,10499,10571,10577,862.0,862.0,69.60556844547564,69.60556844547564,64,78,128.0,156.0,,,28.0,28.0,17.94871794871795
GDN0005,HoldingBreath,25,25,25,10800,10800,11243,11243,10939,10931,11003,11009,898.0,898.0,66.81514476614699,66.81514476614699,64,78,128.0,156.0,,,28.0,28.0,17.94871794871795
GDN0005,HoldingBreath,26,26,26,11243,11243,11695,11695,11388,11380,11451,11439,908.0,908.0,66.07929515418502,66.07929515418502,63,59,126.0,118.0,,,-8.0,8.0,6.779661016949152
GDN0005,HoldingBreath,27,27,27,11695,11695,12141,12141,11842,11834,11904,11901,882.0,882.0,68.02721088435374,68.02721088435374,62,67,124.0,134.0,,,10.0,10.0,7.462686567164178
GDN0005,HoldingBreath,28,28,28,12141,12141,12567,12567,12284,12276,12345,12336,838.0,838.0,71.59904534606206,71.59904534606206,61,60,122.0,120.0,,,-2.0,2.0,1.6666666666666667
GDN0005,HoldingBreath,29,29,29,12567,12567,12980,12980,12702,12695,12764,12762,818.0,818.0,73.34963325183375,73.34963325183375,62,67,124.0,134.0,,,10.0,10.0,7.462686567164178
GDN0005,HoldingBreath,30,30,30,12980,12980,13397,13397,13110,13103,13173,13164,842.0,842.0,71.25890736342043,71.25890736342043,63,61,126.0,122.0,,,-4.0,4.0,3.278688524590164
GDN0005,HoldingBreath,31,31,31,13397,13397,13815,13815,13531,13524,13593,13589,834.0,834.0,71.94244604316548,71.94244604316548,62,65,124.0,130.0,,,6.0,6.0,4.615384615384616
GDN0005,HoldingBreath,32,32,32,13815,13815,14237,14237,13948,13941,14010,13988,848.0,848.0,70.75471698113208,70.75471698113208,62,47,124.0,94.0,,,-30.0,30.0,31.914893617021278
GDN0005,HoldingBreath,33,33,33,14237,14237,14666,14666,14373,14365,14437,14427,864.0,864.0,69.44444444444444,69.44444444444444,64,62,128.0,124.0,,,-4.0,4.0,3.225806451612903
GDN0005,HoldingBreath,34,34,34,14666,14666,15079,15079,14806,14797,14867,14854,806.0,806.0,74.44168734491315,74.44168734491315,61,57,122.0,114.0,,,-8.0,8.0,7.017543859649122
GDN0005,HoldingBreath,35,35,35,15079,15079,15472,15472,15209,15200,15270,15257,776.0,776.0,77.31958762886597,77.31958762886597,61,57,122.0,114.0,,,-8.0,8.0,7.017543859649122
GDN0005,HoldingBreath,36,36,36,15472,15472,15858,15858,15597,15589,15659,15650,768.0,768.0,78.125,78.125,62,61,124.0,122.0,,,-2.0,2.0,1.639344262295082
GDN0005,HoldingBreath,37,37,37,15858,15858,16244,16244,15979,15973,16042,16038,776.0,776.0,77.31958762886597,77.31958762886597,63,65,126.0,130.0,,,4.0,4.0,3.076923076923077
GDN0005,HoldingBreath,38,38,38,16244,16244,16642,16642,16366,16360,16431,16426,806.0,806.0,74.44168734491315,74.44168734491315,65,66,130.0,132.0,,,2.0,2.0,1.5151515151515151
GDN0005,HoldingBreath,39,39,39,16642,16642,17063,17063,16770,16764,16834,16827,862.0,862.0,69.60556844547564,69.60556844547564,64,63,128.0,126.0,,,-2.0,2.0,1.5873015873015872
GDN0005,HoldingBreath,40,40,40,17063,17063,17506,17506,17201,17194,17264,17252,900.0,900.0,66.66666666666667,66.66666666666667,63,58,126.0,116.0,,,-10.0,10.0,8.620689655172415
GDN0005,HoldingBreath,41,41,41,17506,17506,17962,17962,17651,17645,17714,17713,918.0,918.0,65.359477124183,65.359477124183,63,68,126.0,136.0,,,10.0,10.0,7.352941176470589
GDN0005,HoldingBreath,42,42,42,17962,17962,18422,18422,18110,18103,18173,18174,920.0,920.0,65.21739130434783,65.21739130434783,63,71,126.0,142.0,,,16.0,16.0,11.267605633802818
GDN0005,HoldingBreath,43,43,43,18422,18422,18887,18887,18571,18564,18632,18628,934.0,934.0,64.23982869379014,64.23982869379014,61,64,122.0,128.0,,,6.0,6.0,4.6875
GDN0005,HoldingBreath,44,44,44,18887,18887,19359,19359,19038,19031,19100,19096,950.0,950.0,63.15789473684211,63.15789473684211,62,65,124.0,130.0,,,6.0,6.0,4.615384615384616
GDN0005,HoldingBreath,45,45,45,19359,19359,19836,19836,19513,19506,19575,19571,958.0,958.0,62.63048016701462,62.63048016701462,62,65,124.0,130.0,,,6.0,6.0,4.615384615384616
GDN0005,HoldingBreath,46,46,46,19836,19836,20316,20316,19991,19984,20053,20057,960.0,960.0,62.5,62.5,62,73,124.0,146.0,,,22.0,22.0,15.068493150684931
GDN0005,HoldingBreath,47,47,47,20316,20316,20795,20795,20471,20464,20532,20536,958.0,958.0,62.63048016701462,62.63048016701462,61,72,122.0,144.0,,,22.0,22.0,15.277777777777779
GDN0005,HoldingBreath,48,48,48,20795,20795,21269,21269,20950,20943,21013,21013,942.0,942.0,63.69426751592357,63.69426751592357,63,70,126.0,140.0,,,14.0,14.0,10.0
GDN0005,HoldingBreath,49,49,49,21269,21269,21736,21736,21421,21415,21482,21477,930.0,930.0,64.51612903225806,64.51612903225806,61,62,122.0,124.0,,,2.0,2.0,1.6129032258064515
GDN0005,HoldingBreath,50,50,50,21736,21736,22195,22195,21886,21879,21948,21948,912.0,912.0,65.78947368421052,65.78947368421052,62,69,124.0,138.0,,,14.0,14.0,10.144927536231885
GDN0005,HoldingBreath,51,51,51,22195,22195,22648,22648,22342,22336,22405,22408,902.0,902.0,66.51884700665188,66.51884700665188,63,72,126.0,144.0,,,18.0,18.0,12.5
GDN0005,HoldingBreath,52,52,52,22648,22648,23104,23104,22793,22786,22856,22859,918.0,918.0,65.359477124183,65.359477124183,63,73,126.0,146.0,,,20.0,20.0,13.698630136986301
GDN0005,HoldingBreath,53,53,53,23104,23104,23564,23564,23252,23245,23316,23319,920.0,920.0,65.21739130434783,65.21739130434783,64,74,128.0,148.0,,,20.0,20.0,13.513513513513514
GDN0005,HoldingBreath,54,54,54,23564,23564,24021,24021,23712,23705,23775,23762,910.0,910.0,65.93406593406593,65.93406593406593,63,57,126.0,114.0,,,-12.0,12.0,10.526315789473683
GDN0005,HoldingBreath,55,55,55,24021,24021,24475,24475,24167,24160,24231,24232,908.0,908.0,66.07929515418502,66.07929515418502,64,72,128.0,144.0,,,16.0,16.0,11.11111111111111
GDN0005,HoldingBreath,56,56,56,24475,24475,24932,24932,24621,24614,24684,24687,918.0,918.0,65.359477124183,65.359477124183,63,73,126.0,146.0,,,20.0,20.0,13.698630136986301
GDN0005,HoldingBreath,57,57,57,24932,24932,25386,25386,25080,25073,25143,25144,902.0,902.0,66.51884700665188,66.51884700665188,63,71,126.0,142.0,,,16.0,16.0,11.267605633802818
GDN0005,HoldingBreath,58,58,58,25386,25386,25841,25841,25532,25525,25596,25586,914.0,914.0,65.64551422319475,65.64551422319475,64,61,128.0,122.0,,,-6.0,6.0,4.918032786885246
GDN0005,HoldingBreath,59,59,59,25841,25841,26303,26303,25987,25981,26051,26042,930.0,930.0,64.51612903225806,64.51612903225806,64,61,128.0,122.0,,,-6.0,6.0,4.918032786885246
GDN0005,HoldingBreath,60,60,60,26303,26303,26767,26767,26452,26445,26516,26515,926.0,926.0,64.79481641468682,64.79481641468682,64,70,128.0,140.0,,,12.0,12.0,8.571428571428571
GDN0005,HoldingBreath,61,61,61,26767,26767,27227,27227,26916,26909,26982,26981,916.0,916.0,65.50218340611353,65.50218340611353,66,72,132.0,144.0,,,12.0,12.0,8.333333333333332
GDN0005,HoldingBreath,62,62,62,27227,27227,27674,27674,27375,27367,27439,27445,882.0,882.0,68.02721088435374,68.02721088435374,64,78,128.0,156.0,,,28.0,28.0,17.94871794871795
GDN0005,HoldingBreath,63,63,63,27674,27674,28095,28095,27817,27809,27878,27859,822.0,822.0,72.99270072992701,72.99270072992701,61,50,122.0,100.0,,,-22.0,22.0,22.0
GDN0005,HoldingBreath,64,64,64,28095,28095,28500,28500,28227,28219,28289,28281,802.0,802.0,74.81296758104737,74.81296758104737,62,62,124.0,124.0,,,0.0,0.0,0.0
GDN0005,HoldingBreath,65,65,65,28500,28500,28908,28908,28627,28621,28691,28686,826.0,826.0,72.63922518159806,72.63922518159806,64,65,128.0,130.0,,,2.0,2.0,1.5384615384615385
GDN0005,HoldingBreath,66,66,66,28908,28908,29325,29325,29040,29033,29104,29090,836.0,836.0,71.77033492822967,71.77033492822967,64,57,128.0,114.0,,,-14.0,14.0,12.280701754385964
GDN0005,HoldingBreath,67,67,67,29325,29325,29751,29751,29457,29451,29521,29497,862.0,862.0,69.60556844547564,69.60556844547564,64,46,128.0,92.0,,,-36.0,36.0,39.130434782608695
GDN0005,TiltUp,0,0,0,16,16,443,443,154,145,213,202,854.0,854.0,70.2576112412178,70.2576112412178,59,57,118.0,114.0,,,-4.0,4.0,3.508771929824561
GDN0005,TiltUp,1,1,1,443,443,866,866,579,573,642,608,842.0,842.0,71.25890736342043,71.25890736342043,63,35,126.0,70.0,,,-56.0,56.0,80.0
GDN0005,TiltUp,2,2,2,866,866,1270,1270,1000,994,1064,1068,792.0,792.0,75.75757575757575,75.75757575757575,64,74,128.0,148.0,,,20.0,20.0,13.513513513513514
GDN0005,TiltUp,3,3,3,1270,1270,1664,1664,1398,1390,1457,1464,786.0,786.0,76.33587786259541,76.33587786259541,59,74,118.0,148.0,,,30.0,30.0,20.27027027027027
GDN0005,TiltUp,4,4,4,1664,1664,2050,2050,1791,1781,1848,1865,764.0,764.0,78.53403141361257,78.53403141361257,57,84,114.0,168.0,,,54.0,54.0,32.142857142857146
GDN0005,TiltUp,5,5,5,2050,2050,2432,2432,2172,2165,2240,2243,762.0,762.0,78.74015748031496,78.74015748031496,68,78,136.0,156.0,,,20.0,20.0,12.82051282051282
GDN0005,TiltUp,6,6,6,2432,2432,2815,2815,2552,2545,2615,2626,768.0,768.0,78.125,78.125,63,81,126.0,162.0,,,36.0,36.0,22.22222222222222
GDN0005,TiltUp,8,8,8,3206,3206,3598,3598,3332,3325,3397,3405,778.0,778.0,77.12082262210797,77.12082262210797,65,80,130.0,160.0,,,30.0,30.0,18.75
GDN0005,TiltUp,9,9,9,3598,3598,3982,3982,3722,3716,3788,3794,764.0,764.0,78.53403141361257,78.53403141361257,66,78,132.0,156.0,,,24.0,24.0,15.384615384615385
GDN0005,TiltUp,10,10,10,3982,3982,4353,4353,4105,4101,4167,4177,728.0,728.0,82.41758241758242,82.41758241758242,62,76,124.0,152.0,,,28.0,28.0,18.421052631578945
GDN0005,TiltUp,11,11,11,4353,4353,4720,4720,4471,4469,4537,4548,738.0,738.0,81.30081300813008,81.30081300813008,66,79,132.0,158.0,,,26.0,26.0,16.455696202531644
GDN0005,TiltUp,12,12,12,4720,4720,5086,5086,4839,4838,4905,4918,728.0,728.0,82.41758241758242,82.41758241758242,66,80,132.0,160.0,,,28.0,28.0,17.5
GDN0005,TiltUp,13,13,13,5086,5086,5451,5451,5203,5202,5267,5275,732.0,732.0,81.9672131147541,81.9672131147541,64,73,128.0,146.0,,,18.0,18.0,12.32876712328767
GDN0005,TiltUp,14,14,14,5451,5451,5823,5823,5567,5560,5635,5644,752.0,752.0,79.7872340425532,79.7872340425532,68,84,136.0,168.0,,,32.0,32.0,19.047619047619047
GDN0005,TiltUp,16,16,16,6202,6202,6581,6581,6323,6317,6390,6400,756.0,756.0,79.36507936507937,79.36507936507937,67,83,134.0,166.0,,,32.0,32.0,19.27710843373494
GDN0005,TiltUp,17,17,17,6581,6581,6955,6955,6702,6694,6768,6774,744.0,744.0,80.64516129032258,80.64516129032258,66,80,132.0,160.0,,,28.0,28.0,17.5
GDN0005,TiltUp,18,18,18,6955,6955,7322,7322,7066,7075,7141,7150,728.0,728.0,82.41758241758242,82.41758241758242,75,75,150.0,150.0,,,0.0,0.0,0.0
GDN0005,TiltUp,19,19,19,7322,7322,7676,7676,7433,7439,7505,7512,700.0,700.0,85.71428571428572,85.71428571428572,72,73,144.0,146.0,,,2.0,2.0,1.36986301369863
GDN0005,TiltUp,20,20,20,7676,7676,8023,8023,7790,7788,7856,7863,688.0,688.0,87.2093023255814,87.2093023255814,66,75,132.0,150.0,,,18.0,18.0,12.0
GDN0005,TiltUp,21,21,21,8023,8023,8371,8371,8133,8123,8201,8209,702.0,702.0,85.47008547008548,85.47008547008548,68,86,136.0,172.0,,,36.0,36.0,20.930232558139537
GDN0005,TiltUp,22,22,22,8371,8371,8738,8738,8484,8474,8551,8562,750.0,750.0,80.0,80.0,67,88,134.0,176.0,,,42.0,42.0,23.863636363636363
GDN0005,TiltUp,23,23,23,8738,8738,9129,9129,8859,8856,8929,8937,800.0,800.0,75.0,75.0,70,81,140.0,162.0,,,22.0,22.0,13.580246913580247
GDN0005,TiltUp,25,25,25,9533,9533,9945,9945,9667,9665,9732,9742,830.0,830.0,72.28915662650603,72.28915662650603,65,77,130.0,154.0,,,24.0,24.0,15.584415584415584
GDN0005,TiltUp,26,26,26,9945,9945,10344,10344,10076,10072,10148,10150,780.0,780.0,76.92307692307692,76.92307692307692,72,78,144.0,156.0,,,12.0,12.0,7.6923076923076925
GDN0005,TiltUp,27,27,27,10344,10344,10724,10724,10471,10469,10536,10543,752.0,752.0,79.7872340425532,79.7872340425532,65,74,130.0,148.0,,,18.0,18.0,12.162162162162163
GDN0005,TiltUp,28,28,28,10724,10724,11096,11096,10844,10840,10931,10965,738.0,738.0,81.30081300813008,81.30081300813008,87,125,174.0,250.0,,,76.0,76.0,30.4
GDN0005,TiltUp,29,29,29,11096,11096,11462,11462,11212,11205,11283,11293,728.0,728.0,82.41758241758242,82.41758241758242,71,88,142.0,176.0,,,34.0,34.0,19.318181818181817
GDN0005,TiltUp,30,30,30,11462,11462,11826,11826,11574,11569,11644,11654,728.0,728.0,82.41758241758242,82.41758241758242,70,85,140.0,170.0,,,30.0,30.0,17.647058823529413
GDN0005,TiltUp,31,31,31,11826,11826,12189,12189,11943,11942,12003,12000,726.0,726.0,82.64462809917356,82.64462809917356,60,58,120.0,116.0,,,-4.0,4.0,3.4482758620689653
GDN0005,TiltUp,32,32,32,12189,12189,12547,12547,12307,12306,12382,12380,710.0,710.0,84.50704225352113,84.50704225352113,75,74,150.0,148.0,,,-2.0,2.0,1.3513513513513513
GDN0005,TiltUp,34,34,34,12901,12901,13266,13266,13017,13013,13080,13094,742.0,742.0,80.86253369272237,80.86253369272237,63,81,126.0,162.0,,,36.0,36.0,22.22222222222222
GDN0005,TiltUp,35,35,35,13266,13266,13651,13651,13385,13379,13452,13467,784.0,784.0,76.53061224489795,76.53061224489795,67,88,134.0,176.0,,,42.0,42.0,23.863636363636363
GDN0005,TiltUp,36,36,36,13651,13651,14047,14047,13778,13777,13844,13857,798.0,798.0,75.18796992481202,75.18796992481202,66,80,132.0,160.0,,,28.0,28.0,17.5
GDN0005,TiltUp,37,37,37,14047,14047,14448,14448,14176,14168,14243,14257,804.0,804.0,74.62686567164178,74.62686567164178,67,89,134.0,178.0,,,44.0,44.0,24.719101123595504
GDN0005,TiltUp,38,38,38,14448,14448,14850,14850,14581,14579,14647,14659,804.0,804.0,74.62686567164178,74.62686567164178,66,80,132.0,160.0,,,28.0,28.0,17.5
GDN0005,TiltUp,39,39,39,14850,14850,15243,15243,14978,14972,15046,15056,774.0,774.0,77.51937984496124,77.51937984496124,68,84,136.0,168.0,,,32.0,32.0,19.047619047619047
GDN0005,TiltUp,40,40,40,15243,15243,15625,15625,15363,15357,15435,15436,760.0,760.0,78.94736842105263,78.94736842105263,72,79,144.0,158.0,,,14.0,14.0,8.860759493670885
GDN0005,TiltUp,41,41,41,15625,15625,15997,15997,15747,15745,15815,15828,736.0,736.0,81.52173913043478,81.52173913043478,68,83,136.0,166.0,,,30.0,30.0,18.072289156626507
GDN0005,TiltUp,42,42,42,15997,15997,16358,16358,16113,16107,16184,16192,714.0,714.0,84.03361344537815,84.03361344537815,71,85,142.0,170.0,,,28.0,28.0,16.470588235294116
GDN0005,TiltUp,43,43,43,16358,16358,16712,16712,16471,16465,16543,16556,706.0,706.0,84.98583569405099,84.98583569405099,72,91,144.0,182.0,,,38.0,38.0,20.87912087912088
GDN0005,TiltUp,44,44,44,16712,16712,17076,17076,16822,16817,16894,16909,738.0,738.0,81.30081300813008,81.30081300813008,72,92,144.0,184.0,,,40.0,40.0,21.73913043478261
GDN0005,TiltUp,45,45,45,17076,17076,17462,17462,17194,17188,17262,17274,790.0,790.0,75.94936708860759,75.94936708860759,68,86,136.0,172.0,,,36.0,36.0,20.930232558139537
GDN0005,TiltUp,46,46,46,17462,17462,17855,17855,17590,17589,17657,17672,786.0,786.0,76.33587786259541,76.33587786259541,67,83,134.0,166.0,,,32.0,32.0,19.27710843373494
GDN0005,TiltUp,47,47,47,17855,17855,18245,18245,17985,17983,18052,18065,776.0,776.0,77.31958762886597,77.31958762886597,67,82,134.0,164.0,,,30.0,30.0,18.29268292682927
GDN0005,TiltUp,48,48,48,18245,18245,18625,18625,18368,18370,18444,18452,750.0,750.0,80.0,80.0,76,82,152.0,164.0,,,12.0,12.0,7.317073170731707
GDN0005,TiltUp,49,49,49,18625,18625,18994,18994,18746,18730,18813,18825,732.0,732.0,81.9672131147541,81.9672131147541,67,95,134.0,190.0,,,56.0,56.0,29.47368421052631
GDN0005,TiltUp,51,51,51,19357,19357,19715,19715,19476,19474,19545,19556,710.0,710.0,84.50704225352113,84.50704225352113,69,82,138.0,164.0,,,26.0,26.0,15.853658536585366
GDN0005,TiltUp,52,52,52,19715,19715,20066,20066,19829,19827,19898,19910,700.0,700.0,85.71428571428572,85.71428571428572,69,83,138.0,166.0,,,28.0,28.0,16.867469879518072
GDN0005,TiltUp,53,53,53,20066,20066,20415,20415,20176,20171,20248,20261,696.0,696.0,86.20689655172414,86.20689655172414,72,90,144.0,180.0,,,36.0,36.0,20.0
GDN0005,TiltUp,54,54,54,20415,20415,20766,20766,20528,20526,20595,20611,704.0,704.0,85.22727272727273,85.22727272727273,67,85,134.0,170.0,,,36.0,36.0,21.176470588235293
GDN0005,TiltUp,56,56,56,21123,21123,21477,21477,21239,21233,21309,21323,702.0,702.0,85.47008547008548,85.47008547008548,70,90,140.0,180.0,,,40.0,40.0,22.22222222222222
GDN0005,TiltUp,57,57,57,21477,21477,21820,21820,21589,21573,21657,21670,678.0,678.0,88.49557522123894,88.49557522123894,68,97,136.0,194.0,,,58.0,58.0,29.896907216494846
GDN0005,TiltUp,58,58,58,21820,21820,22157,22157,21928,21920,21998,22006,670.0,670.0,89.55223880597015,89.55223880597015,70,86,140.0,172.0,,,32.0,32.0,18.6046511627907
GDN0005,TiltUp,59,59,59,22157,22157,22493,22493,22265,22262,22331,22340,674.0,674.0,89.02077151335311,89.02077151335311,66,78,132.0,156.0,,,24.0,24.0,15.384615384615385
GDN0005,TiltUp,60,60,60,22493,22493,22831,22831,22600,22592,22667,22675,676.0,676.0,88.75739644970413,88.75739644970413,67,83,134.0,166.0,,,32.0,32.0,19.27710843373494
GDN0005,TiltUp,61,61,61,22831,22831,23165,23165,22938,22932,23004,23019,664.0,664.0,90.36144578313252,90.36144578313252,66,87,132.0,174.0,,,42.0,42.0,24.137931034482758
GDN0005,TiltUp,62,62,62,23165,23165,23489,23489,23272,23263,23340,23350,640.0,640.0,93.75,93.75,68,87,136.0,174.0,,,38.0,38.0,21.839080459770116
GDN0005,TiltUp,63,63,63,23489,23489,23804,23804,23591,23582,23658,23671,626.0,626.0,95.84664536741214,95.84664536741214,67,89,134.0,178.0,,,44.0,44.0,24.719101123595504
GDN0005,TiltUp,64,64,64,23804,23804,24114,24114,23904,23896,23970,23984,616.0,616.0,97.40259740259741,97.40259740259741,66,88,132.0,176.0,,,44.0,44.0,25.0
GDN0005,TiltUp,65,65,65,24114,24114,24420,24420,24213,24203,24279,24287,610.0,610.0,98.36065573770492,98.36065573770492,66,84,132.0,168.0,,,36.0,36.0,21.428571428571427
GDN0005,TiltUp,66,66,66,24420,24420,24726,24726,24518,24516,24589,24594,612.0,612.0,98.03921568627452,98.03921568627452,71,78,142.0,156.0,,,14.0,14.0,8.974358974358974
GDN0005,TiltUp,67,67,67,24726,24726,25038,25038,24824,24814,24892,24903,632.0,632.0,94.9367088607595,94.9367088607595,68,89,136.0,178.0,,,42.0,42.0,23.595505617977526
GDN0005,TiltUp,68,68,68,25038,25038,25364,25364,25140,25130,25208,25220,662.0,662.0,90.63444108761328,90.63444108761328,68,90,136.0,180.0,,,44.0,44.0,24.444444444444443
GDN0005,TiltUp,69,69,69,25364,25364,25702,25702,25471,25461,25537,25550,682.0,682.0,87.97653958944281,87.97653958944281,66,89,132.0,178.0,,,46.0,46.0,25.842696629213485
GDN0005,TiltUp,70,70,70,25702,25702,26048,26048,25811,25801,25878,25891,698.0,698.0,85.9598853868195,85.9598853868195,67,90,134.0,180.0,,,46.0,46.0,25.555555555555554
GDN0005,TiltUp,71,71,71,26048,26048,26399,26399,26160,26151,26223,26241,704.0,704.0,85.22727272727273,85.22727272727273,63,90,126.0,180.0,,,54.0,54.0,30.0
GDN0005,TiltUp,72,72,72,26399,26399,26751,26751,26512,26503,26579,26590,704.0,704.0,85.22727272727273,85.22727272727273,67,87,134.0,174.0,,,40.0,40.0,22.988505747126435
GDN0005,TiltUp,73,73,73,26751,26751,27103,27103,26864,26855,26928,26943,704.0,704.0,85.22727272727273,85.22727272727273,64,88,128.0,176.0,,,48.0,48.0,27.27272727272727
GDN0005,TiltUp,74,74,74,27103,27103,27450,27450,27217,27206,27280,27295,690.0,690.0,86.95652173913044,86.95652173913044,63,89,126.0,178.0,,,52.0,52.0,29.213483146067414
GDN0005,TiltUp,75,75,75,27450,27450,27796,27796,27561,27552,27628,27636,692.0,692.0,86.70520231213874,86.70520231213874,67,84,134.0,168.0,,,34.0,34.0,20.238095238095237
GDN0005,TiltUp,76,76,76,27796,27796,28145,28145,27907,27899,27972,27982,702.0,702.0,85.47008547008548,85.47008547008548,65,83,130.0,166.0,,,36.0,36.0,21.686746987951807
GDN0005,TiltUp,77,77,77,28145,28145,28496,28496,28257,28249,28326,28334,700.0,700.0,85.71428571428572,85.71428571428572,69,85,138.0,170.0,,,32.0,32.0,18.823529411764707
GDN0005,TiltUp,79,79,79,28841,28841,29184,29184,28949,28943,29017,29022,686.0,686.0,87.46355685131195,87.46355685131195,68,79,136.0,158.0,,,22.0,22.0,13.924050632911392
GDN0005,TiltUp,80,80,80,29184,29184,29533,29533,29294,29286,29359,29375,704.0,704.0,85.22727272727273,85.22727272727273,65,89,130.0,178.0,,,48.0,48.0,26.96629213483146
GDN0005,TiltUp,81,81,81,29533,29533,29885,29885,29646,29638,29711,29725,,,,,65,87,130.0,174.0,,,44.0,44.0,25.287356321839084
GDN0005,TiltLevel,0,0,0,380,380,920,920,555,549,624,625,1080.0,1080.0,55.55555555555555,55.55555555555555,69,76,138.0,152.0,,,14.0,14.0,9.210526315789473
GDN0005,TiltLevel,1,1,1,920,920,1459,1459,1095,1089,1161,1144,1078.0,1078.0,55.65862708719851,55.65862708719851,66,55,132.0,110.0,,,-22.0,22.0,20.0
GDN0005,TiltLevel,2,2,2,1459,1459,1994,1994,1635,1628,1698,1697,1064.0,1064.0,56.39097744360902,56.39097744360902,63,69,126.0,138.0,,,12.0,12.0,8.695652173913043
GDN0005,TiltLevel,3,3,3,1994,1994,2519,2519,2167,2160,2230,2239,1044.0,1044.0,57.47126436781609,57.47126436781609,63,79,126.0,158.0,,,32.0,32.0,20.253164556962027
GDN0005,TiltLevel,5,5,5,3022,3022,3498,3498,3183,3175,3249,3229,936.0,936.0,64.1025641025641,64.1025641025641,66,54,132.0,108.0,,,-24.0,24.0,22.22222222222222
GDN0005,TiltLevel,6,6,6,3498,3498,3975,3975,3650,3642,3714,3710,962.0,962.0,62.37006237006237,62.37006237006237,64,68,128.0,136.0,,,8.0,8.0,5.88235294117647
GDN0005,TiltLevel,7,7,7,3975,3975,4476,4476,4129,4123,4194,4197,1024.0,1024.0,58.59375,58.59375,65,74,130.0,148.0,,,18.0,18.0,12.162162162162163
GDN0005,TiltLevel,8,8,8,4476,4476,4994,4994,4642,4635,4707,4713,1044.0,1044.0,57.47126436781609,57.47126436781609,65,78,130.0,156.0,,,26.0,26.0,16.666666666666664
GDN0005,TiltLevel,9,9,9,4994,4994,5508,5508,5164,5157,5228,5231,1018.0,1018.0,58.93909626719057,58.93909626719057,64,74,128.0,148.0,,,20.0,20.0,13.513513513513514
GDN0005,TiltLevel,10,10,10,5508,5508,5997,5997,5674,5666,5737,5724,958.0,958.0,62.63048016701462,62.63048016701462,63,58,126.0,116.0,,,-10.0,10.0,8.620689655172415
GDN0005,TiltLevel,11,11,11,5997,5997,6482,6482,6154,6146,6219,6202,974.0,974.0,61.601642710472284,61.601642710472284,65,56,130.0,112.0,,,-18.0,18.0,16.071428571428573
GDN0005,TiltLevel,12,12,12,6482,6482,6989,6989,6639,6632,6706,6689,1036.0,1036.0,57.915057915057915,57.915057915057915,67,57,134.0,114.0,,,-20.0,20.0,17.543859649122805
GDN0005,TiltLevel,13,13,13,6989,6989,7516,7516,7157,7150,7222,7217,1064.0,1064.0,56.39097744360902,56.39097744360902,65,67,130.0,134.0,,,4.0,4.0,2.9850746268656714
GDN0005,TiltLevel,14,14,14,7516,7516,8023,8023,7689,7683,7757,7754,988.0,988.0,60.72874493927126,60.72874493927126,68,71,136.0,142.0,,,6.0,6.0,4.225352112676056
GDN0005,TiltLevel,15,15,15,8023,8023,8499,8499,8185,8177,8249,8223,932.0,932.0,64.37768240343347,64.37768240343347,64,46,128.0,92.0,,,-36.0,36.0,39.130434782608695
GDN0005,TiltLevel,16,16,16,8499,8499,8960,8960,8650,8642,8715,8703,916.0,916.0,65.50218340611353,65.50218340611353,65,61,130.0,122.0,,,-8.0,8.0,6.557377049180328
GDN0005,TiltLevel,17,17,17,8960,8960,9453,9453,9107,9100,9172,9171,1026.0,1026.0,58.47953216374269,58.47953216374269,65,71,130.0,142.0,,,12.0,12.0,8.450704225352112
GDN0005,TiltLevel,18,18,18,9453,9453,9984,9984,9619,9613,9687,9680,1080.0,1080.0,55.55555555555555,55.55555555555555,68,67,136.0,134.0,,,-2.0,2.0,1.4925373134328357
GDN0005,TiltLevel,19,19,19,9984,9984,10525,10525,10160,10153,10226,10209,1082.0,1082.0,55.452865064695004,55.452865064695004,66,56,132.0,112.0,,,-20.0,20.0,17.857142857142858
GDN0005,TiltLevel,20,20,20,10525,10525,11044,11044,10701,10694,10765,10766,1016.0,1016.0,59.05511811023622,59.05511811023622,64,72,128.0,144.0,,,16.0,16.0,11.11111111111111
GDN0005,TiltLevel,21,21,21,11044,11044,11533,11533,11211,11203,11275,11252,958.0,958.0,62.63048016701462,62.63048016701462,64,49,128.0,98.0,,,-30.0,30.0,30.612244897959183
GDN0005,TiltLevel,22,22,22,11533,11533,12035,12035,11688,11682,11756,11749,1028.0,1028.0,58.36575875486381,58.36575875486381,68,67,136.0,134.0,,,-2.0,2.0,1.4925373134328357
GDN0005,TiltLevel,23,23,23,12035,12035,12560,12560,12202,12195,12269,12254,1062.0,1062.0,56.497175141242934,56.497175141242934,67,59,134.0,118.0,,,-16.0,16.0,13.559322033898304
GDN0005,TiltLevel,24,24,24,12560,12560,13084,13084,12733,12726,12798,12783,1040.0,1040.0,57.69230769230769,57.69230769230769,65,57,130.0,114.0,,,-16.0,16.0,14.035087719298245
GDN0005,TiltLevel,25,25,25,13084,13084,13603,13603,13254,13247,13321,13316,1038.0,1038.0,57.80346820809248,57.80346820809248,67,69,134.0,138.0,,,4.0,4.0,2.898550724637681
GDN0005,TiltLevel,26,26,26,13603,13603,14107,14107,13773,13766,13837,13827,990.0,990.0,60.60606060606061,60.60606060606061,64,61,128.0,122.0,,,-6.0,6.0,4.918032786885246
GDN0005,TiltLevel,27,27,27,14107,14107,14570,14570,14269,14260,14336,14313,892.0,892.0,67.26457399103138,67.26457399103138,67,53,134.0,106.0,,,-28.0,28.0,26.41509433962264
GDN0005,TiltLevel,28,28,28,14570,14570,14999,14999,14714,14706,14779,14775,840.0,840.0,71.42857142857143,71.42857142857143,65,69,130.0,138.0,,,8.0,8.0,5.797101449275362
GDN0005,TiltLevel,29,29,29,14999,14999,15433,15433,15134,15126,15204,15212,882.0,882.0,68.02721088435374,68.02721088435374,70,86,140.0,172.0,,,32.0,32.0,18.6046511627907
GDN0005,TiltLevel,30,30,30,15433,15433,15891,15891,15574,15568,15638,15646,936.0,936.0,64.1025641025641,64.1025641025641,64,78,128.0,156.0,,,28.0,28.0,17.94871794871795
GDN0005,TiltLevel,31,31,31,15891,15891,16375,16375,16041,16035,16108,16113,984.0,984.0,60.97560975609756,60.97560975609756,67,78,134.0,156.0,,,22.0,22.0,14.102564102564102
GDN0005,TiltLevel,32,32,32,16375,16375,16887,16887,16535,16527,16599,16593,1046.0,1046.0,57.36137667304015,57.36137667304015,64,66,128.0,132.0,,,4.0,4.0,3.0303030303030303
GDN0005,TiltLevel,33,33,33,16887,16887,17409,17409,17057,17050,17123,17128,1042.0,1042.0,57.58157389635316,57.58157389635316,66,78,132.0,156.0,,,24.0,24.0,15.384615384615385
GDN0005,TiltLevel,34,34,34,17409,17409,17911,17911,17579,17572,17643,17627,984.0,984.0,60.97560975609756,60.97560975609756,64,55,128.0,110.0,,,-18.0,18.0,16.363636363636363
GDN0005,TiltLevel,35,35,35,17911,17911,18393,18393,18072,18064,18135,18120,954.0,954.0,62.89308176100629,62.89308176100629,63,56,126.0,112.0,,,-14.0,14.0,12.5
GDN0005,TiltLevel,36,36,36,18393,18393,18882,18882,18548,18541,18615,18599,990.0,990.0,60.60606060606061,60.60606060606061,67,58,134.0,116.0,,,-18.0,18.0,15.517241379310345
GDN0005,TiltLevel,37,37,37,18882,18882,19393,19393,19041,19035,19108,19084,1040.0,1040.0,57.69230769230769,57.69230769230769,67,49,134.0,98.0,,,-36.0,36.0,36.734693877551024
GDN0005,TiltLevel,38,38,38,19393,19393,19912,19912,19562,19556,19625,19625,1036.0,1036.0,57.915057915057915,57.915057915057915,63,69,126.0,138.0,,,12.0,12.0,8.695652173913043
GDN0005,TiltLevel,39,39,39,19912,19912,20425,20425,20080,20073,20146,20146,1022.0,1022.0,58.708414872798436,58.708414872798436,66,73,132.0,146.0,,,14.0,14.0,9.58904109589041
GDN0005,TiltLevel,40,40,40,20425,20425,20921,20921,20592,20584,20655,20656,974.0,974.0,61.601642710472284,61.601642710472284,63,72,126.0,144.0,,,18.0,18.0,12.5
GDN0005,TiltLevel,41,41,41,20921,20921,21397,21397,21079,21072,21144,21144,942.0,942.0,63.69426751592357,63.69426751592357,65,72,130.0,144.0,,,14.0,14.0,9.722222222222223
GDN0005,TiltLevel,42,42,42,21397,21397,21843,21843,21551,21542,21615,21580,866.0,866.0,69.28406466512702,69.28406466512702,64,38,128.0,76.0,,,-52.0,52.0,68.42105263157895
GDN0005,TiltLevel,43,43,43,21843,21843,22285,22285,21983,21975,22050,22048,892.0,892.0,67.26457399103138,67.26457399103138,67,73,134.0,146.0,,,12.0,12.0,8.21917808219178
GDN0005,TiltLevel,44,44,44,22285,22285,22747,22747,22428,22421,22494,22457,942.0,942.0,63.69426751592357,63.69426751592357,66,36,132.0,72.0,,,-60.0,60.0,83.33333333333334
GDN0005,TiltLevel,45,45,45,22747,22747,23232,23232,22899,22893,22963,22968,986.0,986.0,60.851926977687626,60.851926977687626,64,75,128.0,150.0,,,22.0,22.0,14.666666666666666
GDN0005,TiltLevel,46,46,46,23232,23232,23716,23716,23393,23386,23458,23456,956.0,956.0,62.761506276150634,62.761506276150634,65,70,130.0,140.0,,,10.0,10.0,7.142857142857142
GDN0005,TiltLevel,47,47,47,23716,23716,24173,24173,23872,23864,23936,23934,892.0,892.0,67.26457399103138,67.26457399103138,64,70,128.0,140.0,,,12.0,12.0,8.571428571428571
GDN0005,TiltLevel,48,48,48,24173,24173,24617,24617,24317,24309,24384,24372,886.0,886.0,67.72009029345372,67.72009029345372,67,63,134.0,126.0,,,-8.0,8.0,6.349206349206349
GDN0005,TiltLevel,50,50,50,25079,25079,25561,25561,25230,25224,25298,25287,976.0,976.0,61.47540983606557,61.47540983606557,68,63,136.0,126.0,,,-10.0,10.0,7.936507936507936
GDN0005,TiltLevel,52,52,52,26033,26033,26480,26480,26184,26175,26248,26229,878.0,878.0,68.3371298405467,68.3371298405467,64,54,128.0,108.0,,,-20.0,20.0,18.51851851851852
GDN0005,TiltLevel,53,53,53,26480,26480,26940,26940,26621,26615,26688,26688,942.0,942.0,63.69426751592357,63.69426751592357,67,73,134.0,146.0,,,12.0,12.0,8.21917808219178
GDN0005,TiltLevel,54,54,54,26940,26940,27421,27421,27091,27085,27160,27137,972.0,972.0,61.7283950617284,61.7283950617284,69,52,138.0,104.0,,,-34.0,34.0,32.69230769230769
GDN0005,TiltLevel,55,55,55,27421,27421,27912,27912,27578,27571,27645,27631,988.0,988.0,60.72874493927126,60.72874493927126,67,60,134.0,120.0,,,-14.0,14.0,11.666666666666666
GDN0005,TiltLevel,57,57,57,28386,28386,28843,28843,28537,28529,28602,28585,908.0,908.0,66.07929515418502,66.07929515418502,65,56,130.0,112.0,,,-18.0,18.0,16.071428571428573
GDN0005,TiltLevel,58,58,58,28843,28843,29324,29324,28989,28982,29055,29041,992.0,992.0,60.483870967741936,60.483870967741936,66,59,132.0,118.0,,,-14.0,14.0,11.864406779661017
GDN0005,TiltLevel,59,59,59,29324,29324,29820,29820,29485,29477,29551,29549,,,,,66,72,132.0,144.0,,,12.0,12.0,8.333333333333332
GDN0006,Pause,0,0,0,353,353,919,919,538,532,609,611,1132.0,1132.0,53.0035335689046,53.0035335689046,71,79,142.0,158.0,,,16.0,16.0,10.126582278481013
GDN0006,Pause,1,1,1,919,919,1463,1463,1105,1098,1174,1179,1064.0,1064.0,56.39097744360902,56.39097744360902,69,81,138.0,162.0,,,24.0,24.0,14.814814814814813
GDN0006,Pause,2,2,2,1463,1463,1988,1988,1636,1630,1707,1709,1042.0,1042.0,57.58157389635316,57.58157389635316,71,79,142.0,158.0,,,16.0,16.0,10.126582278481013
GDN0006,Pause,3,3,3,1988,1988,2524,2524,2158,2151,2229,2234,1088.0,1088.0,55.147058823529406,55.147058823529406,71,83,142.0,166.0,,,24.0,24.0,14.457831325301203
GDN0006,Pause,4,4,4,2524,2524,2860,2860,2701,2695,2772,2773,448.0,448.0,133.92857142857142,133.92857142857142,71,78,142.0,156.0,,,14.0,14.0,8.974358974358974
GDN0006,Pause,6,6,6,3145,3145,3611,3611,3245,3237,3313,3312,1092.0,1092.0,54.94505494505494,54.94505494505494,68,75,136.0,150.0,,,14.0,14.0,9.333333333333334
GDN0006,Pause,7,7,7,3611,3611,4146,4146,3789,3783,3861,3869,1060.0,1060.0,56.60377358490566,56.60377358490566,72,86,144.0,172.0,,,28.0,28.0,16.27906976744186
GDN0006,Pause,8,8,8,4146,4146,4686,4686,4319,4313,4389,4386,1088.0,1088.0,55.147058823529406,55.147058823529406,70,73,140.0,146.0,,,6.0,6.0,4.10958904109589
GDN0006,Pause,9,9,9,4686,4686,5233,5233,4864,4857,4934,4942,1098.0,1098.0,54.64480874316939,54.64480874316939,70,85,140.0,170.0,,,30.0,30.0,17.647058823529413
GDN0006,Pause,10,10,10,5233,5233,5770,5770,5412,5406,5483,5478,1062.0,1062.0,56.497175141242934,56.497175141242934,71,72,142.0,144.0,,,2.0,2.0,1.3888888888888888
GDN0006,Pause,11,11,11,5770,5770,6292,6292,5944,5937,6015,6017,1034.0,1034.0,58.027079303675045,58.027079303675045,71,80,142.0,160.0,,,18.0,18.0,11.25
GDN0006,Pause,12,12,12,6292,6292,6824,6824,6460,6454,6531,6542,1080.0,1080.0,55.55555555555555,55.55555555555555,71,88,142.0,176.0,,,34.0,34.0,19.318181818181817
GDN0006,Pause,13,13,13,6824,6824,7371,7371,7000,6994,7072,7080,1102.0,1102.0,54.44646098003629,54.44646098003629,72,86,144.0,172.0,,,28.0,28.0,16.27906976744186
GDN0006,Pause,14,14,14,7371,7371,7925,7925,7552,7545,7624,7633,1112.0,1112.0,53.956834532374096,53.956834532374096,72,88,144.0,176.0,,,32.0,32.0,18.181818181818183
GDN0006,Pause,15,15,15,7925,7925,8479,8479,8109,8102,8181,8190,1106.0,1106.0,54.24954792043399,54.24954792043399,72,88,144.0,176.0,,,32.0,32.0,18.181818181818183
GDN0006,Pause,16,16,16,8479,8479,9020,9020,8661,8654,8732,8736,1068.0,1068.0,56.17977528089887,56.17977528089887,71,82,142.0,164.0,,,22.0,22.0,13.414634146341465
GDN0006,Pause,17,17,17,9020,9020,9564,9564,9193,9188,9266,9271,1098.0,1098.0,54.64480874316939,54.64480874316939,73,83,146.0,166.0,,,20.0,20.0,12.048192771084338
GDN0006,Pause,18,18,18,9564,9564,10112,10112,9743,9737,9815,9821,1096.0,1096.0,54.74452554744525,54.74452554744525,72,84,144.0,168.0,,,24.0,24.0,14.285714285714285
GDN0006,Pause,19,19,19,10112,10112,10660,10660,10291,10285,10363,10371,1094.0,1094.0,54.84460694698354,54.84460694698354,72,86,144.0,172.0,,,28.0,28.0,16.27906976744186
GDN0006,Pause,20,20,20,10660,10660,11201,11201,10839,10832,10910,10918,1078.0,1078.0,55.65862708719851,55.65862708719851,71,86,142.0,172.0,,,30.0,30.0,17.441860465116278
GDN0006,Pause,21,21,21,11201,11201,11738,11738,11378,11371,11447,11451,1072.0,1072.0,55.97014925373134,55.97014925373134,69,80,138.0,160.0,,,22.0,22.0,13.750000000000002
GDN0006,Pause,22,22,22,11738,11738,12278,12278,11913,11907,11986,11995,1084.0,1084.0,55.35055350553505,55.35055350553505,73,88,146.0,176.0,,,30.0,30.0,17.045454545454543
GDN0006,Pause,23,23,23,12278,12278,12816,12816,12456,12450,12528,12530,1072.0,1072.0,55.97014925373134,55.97014925373134,72,80,144.0,160.0,,,16.0,16.0,10.0
GDN0006,Pause,24,24,24,12816,12816,13360,13360,12990,12985,13062,13071,1096.0,1096.0,54.74452554744525,54.74452554744525,72,86,144.0,172.0,,,28.0,28.0,16.27906976744186
GDN0006,Pause,25,25,25,13360,13360,13909,13909,13540,13533,13611,13619,1098.0,1098.0,54.64480874316939,54.64480874316939,71,86,142.0,172.0,,,30.0,30.0,17.441860465116278
GDN0006,Pause,26,26,26,13909,13909,14455,14455,14088,14082,14160,14167,1088.0,1088.0,55.147058823529406,55.147058823529406,72,85,144.0,170.0,,,26.0,26.0,15.294117647058824
GDN0006,Pause,27,27,27,14455,14455,14992,14992,14633,14626,14704,14710,1068.0,1068.0,56.17977528089887,56.17977528089887,71,84,142.0,168.0,,,26.0,26.0,15.476190476190476
GDN0006,Pause,28,28,28,14992,14992,15530,15530,15165,15160,15238,15242,1080.0,1080.0,55.55555555555555,55.55555555555555,73,82,146.0,164.0,,,18.0,18.0,10.975609756097562
GDN0006,Pause,29,29,29,15530,15530,16075,16075,15706,15700,15781,15786,1094.0,1094.0,54.84460694698354,54.84460694698354,75,86,150.0,172.0,,,22.0,22.0,12.790697674418606
GDN0006,Pause,30,30,30,16075,16075,16620,16620,16253,16246,16325,16337,1090.0,1090.0,55.04587155963302,55.04587155963302,72,91,144.0,182.0,,,38.0,38.0,20.87912087912088
GDN0006,Pause,31,31,31,16620,16620,17156,17156,16799,16792,16870,16875,1060.0,1060.0,56.60377358490566,56.60377358490566,71,83,142.0,166.0,,,24.0,24.0,14.457831325301203
GDN0006,Pause,32,32,32,17156,17156,17682,17682,17329,17322,17398,17398,1048.0,1048.0,57.25190839694656,57.25190839694656,69,76,138.0,152.0,,,14.0,14.0,9.210526315789473
GDN0006,Pause,33,33,33,17682,17682,18222,18222,17852,17846,17923,17923,1100.0,1100.0,54.54545454545454,54.54545454545454,71,77,142.0,154.0,,,12.0,12.0,7.792207792207792
GDN0006,Pause,34,34,34,18222,18222,18772,18772,18402,18396,18473,18480,1100.0,1100.0,54.54545454545454,54.54545454545454,71,84,142.0,168.0,,,26.0,26.0,15.476190476190476
GDN0006,Pause,35,35,35,18772,18772,19317,19317,18952,18946,19023,19025,1084.0,1084.0,55.35055350553505,55.35055350553505,71,79,142.0,158.0,,,16.0,16.0,10.126582278481013
GDN0006,Pause,36,36,36,19317,19317,19848,19848,19493,19488,19565,19578,1050.0,1050.0,57.14285714285714,57.14285714285714,72,90,144.0,180.0,,,36.0,36.0,20.0
GDN0006,Pause,37,37,37,19848,19848,20388,20388,20019,20013,20089,20090,1094.0,1094.0,54.84460694698354,54.84460694698354,70,77,140.0,154.0,,,14.0,14.0,9.090909090909092
GDN0006,Pause,38,38,38,20388,20388,20937,20937,20567,20560,20638,20645,1102.0,1102.0,54.44646098003629,54.44646098003629,71,85,142.0,170.0,,,28.0,28.0,16.470588235294116
GDN0006,Pause,39,39,39,20937,20937,21474,21474,21117,21110,21189,21192,1060.0,1060.0,56.60377358490566,56.60377358490566,72,82,144.0,164.0,,,20.0,20.0,12.195121951219512
GDN0006,Pause,40,40,40,21474,21474,21999,21999,21649,21641,21718,21725,1044.0,1044.0,57.47126436781609,57.47126436781609,69,84,138.0,168.0,,,30.0,30.0,17.857142857142858
GDN0006,Pause,41,41,41,21999,21999,22530,22530,22170,22163,22240,22250,1070.0,1070.0,56.074766355140184,56.074766355140184,70,87,140.0,174.0,,,34.0,34.0,19.54022988505747
GDN0006,Pause,42,42,42,22530,22530,23065,23065,22704,22698,22774,22782,1072.0,1072.0,55.97014925373134,55.97014925373134,70,84,140.0,168.0,,,28.0,28.0,16.666666666666664
GDN0006,Pause,43,43,43,23065,23065,23603,23603,23241,23234,23312,23319,1076.0,1076.0,55.762081784386616,55.762081784386616,71,85,142.0,170.0,,,28.0,28.0,16.470588235294116
GDN0006,Pause,44,44,44,23603,23603,24130,24130,23778,23772,23848,23855,1042.0,1042.0,57.58157389635316,57.58157389635316,70,83,140.0,166.0,,,26.0,26.0,15.66265060240964
GDN0006,Pause,45,45,45,24130,24130,24655,24655,24300,24293,24370,24374,1056.0,1056.0,56.81818181818181,56.81818181818181,70,81,140.0,162.0,,,22.0,22.0,13.580246913580247
GDN0006,Pause,46,46,46,24655,24655,25192,25192,24827,24820,24898,24899,1084.0,1084.0,55.35055350553505,55.35055350553505,71,79,142.0,158.0,,,16.0,16.0,10.126582278481013
GDN0006,Pause,47,47,47,25192,25192,25736,25736,25369,25363,25440,25446,1088.0,1088.0,55.147058823529406,55.147058823529406,71,83,142.0,166.0,,,24.0,24.0,14.457831325301203
GDN0006,Pause,48,48,48,25736,25736,26284,26284,25914,25907,25985,25999,1102.0,1102.0,54.44646098003629,54.44646098003629,71,92,142.0,184.0,,,42.0,42.0,22.82608695652174
GDN0006,Pause,49,49,49,26284,26284,26823,26823,26463,26458,26535,26544,1064.0,1064.0,56.39097744360902,56.39097744360902,72,86,144.0,172.0,,,28.0,28.0,16.27906976744186
GDN0006,Pause,50,50,50,26823,26823,27352,27352,26996,26990,27065,27066,1054.0,1054.0,56.92599620493358,56.92599620493358,69,76,138.0,152.0,,,14.0,14.0,9.210526315789473
GDN0006,Pause,51,51,51,27352,27352,27890,27890,27524,27517,27596,27602,1090.0,1090.0,55.04587155963302,55.04587155963302,72,85,144.0,170.0,,,26.0,26.0,15.294117647058824
GDN0006,Pause,52,52,52,27890,27890,28438,28438,28068,28062,28140,28146,1100.0,1100.0,54.54545454545454,54.54545454545454,72,84,144.0,168.0,,,24.0,24.0,14.285714285714285
GDN0006,Pause,53,53,53,28438,28438,28979,28979,28619,28612,28689,28694,1072.0,1072.0,55.97014925373134,55.97014925373134,70,82,140.0,164.0,,,24.0,24.0,14.634146341463413
GDN0006,Pause,54,54,54,28979,28979,29508,29508,29155,29148,29224,29231,1048.0,1048.0,57.25190839694656,57.25190839694656,69,83,138.0,166.0,,,28.0,28.0,16.867469879518072
GDN0006,Valsalva,0,0,0,433,433,975,975,610,604,680,685,1084.0,1084.0,55.35055350553505,55.35055350553505,70,81,140.0,162.0,,,22.0,22.0,13.580246913580247
GDN0006,Valsalva,1,1,1,975,975,1518,1518,1153,1146,1222,1228,1086.0,1086.0,55.248618784530386,55.248618784530386,69,82,138.0,164.0,,,26.0,26.0,15.853658536585366
GDN0006,Valsalva,2,2,2,1518,1518,2062,2062,1696,1689,1765,1770,1088.0,1088.0,55.147058823529406,55.147058823529406,69,81,138.0,162.0,,,24.0,24.0,14.814814814814813
GDN0006,Valsalva,3,3,3,2062,2062,2601,2601,2240,2233,2309,2315,1074.0,1074.0,55.865921787709496,55.865921787709496,69,82,138.0,164.0,,,26.0,26.0,15.853658536585366
GDN0006,Valsalva,4,4,4,2601,2601,3139,3139,2777,2770,2845,2856,1076.0,1076.0,55.762081784386616,55.762081784386616,68,86,136.0,172.0,,,36.0,36.0,20.930232558139537
GDN0006,Valsalva,5,5,5,3139,3139,3673,3673,3315,3308,3385,3383,1064.0,1064.0,56.39097744360902,56.39097744360902,70,75,140.0,150.0,,,10.0,10.0,6.666666666666667
GDN0006,Valsalva,6,6,6,3673,3673,4211,4211,3846,3840,3914,3917,1082.0,1082.0,55.452865064695004,55.452865064695004,68,77,136.0,154.0,,,18.0,18.0,11.688311688311687
GDN0006,Valsalva,7,7,7,4211,4211,4764,4764,4388,4381,4458,4466,1120.0,1120.0,53.57142857142857,53.57142857142857,70,85,140.0,170.0,,,30.0,30.0,17.647058823529413
GDN0006,Valsalva,8,8,8,4764,4764,5330,5330,4948,4941,5016,5024,1140.0,1140.0,52.631578947368425,52.631578947368425,68,83,136.0,166.0,,,30.0,30.0,18.072289156626507
GDN0006,Valsalva,9,9,9,5330,5330,5891,5891,5518,5511,5587,5593,1110.0,1110.0,54.05405405405405,54.05405405405405,69,82,138.0,164.0,,,26.0,26.0,15.853658536585366
GDN0006,Valsalva,10,10,10,5891,5891,6437,6437,6073,6065,6142,6142,1084.0,1084.0,55.35055350553505,55.35055350553505,69,77,138.0,154.0,,,16.0,16.0,10.38961038961039
GDN0006,Valsalva,11,11,11,6437,6437,6986,6986,6615,6608,6684,6689,1104.0,1104.0,54.347826086956516,54.347826086956516,69,81,138.0,162.0,,,24.0,24.0,14.814814814814813
GDN0006,Valsalva,12,12,12,6986,6986,7546,7546,7166,7160,7238,7243,1128.0,1128.0,53.19148936170213,53.19148936170213,72,83,144.0,166.0,,,22.0,22.0,13.253012048192772
GDN0006,Valsalva,13,13,13,7546,7546,8111,8111,7731,7724,7801,7798,1132.0,1132.0,53.0035335689046,53.0035335689046,70,74,140.0,148.0,,,8.0,8.0,5.405405405405405
GDN0006,Valsalva,14,14,14,8111,8111,8662,8662,8297,8290,8367,8372,1086.0,1086.0,55.248618784530386,55.248618784530386,70,82,140.0,164.0,,,24.0,24.0,14.634146341463413
GDN0006,Valsalva,15,15,15,8662,8662,9198,9198,8840,8833,8908,8903,1064.0,1064.0,56.39097744360902,56.39097744360902,68,70,136.0,140.0,,,4.0,4.0,2.857142857142857
GDN0006,Valsalva,16,16,16,9198,9198,9739,9739,9371,9365,9440,9447,1092.0,1092.0,54.94505494505494,54.94505494505494,69,82,138.0,164.0,,,26.0,26.0,15.853658536585366
GDN0006,Valsalva,17,17,17,9739,9739,10290,10290,9917,9911,9988,9997,1108.0,1108.0,54.15162454873646,54.15162454873646,71,86,142.0,172.0,,,30.0,30.0,17.441860465116278
GDN0006,Valsalva,18,18,18,10290,10290,10845,10845,10472,10466,10541,10544,1110.0,1110.0,54.05405405405405,54.05405405405405,69,78,138.0,156.0,,,18.0,18.0,11.538461538461538
GDN0006,Valsalva,19,19,19,10845,10845,11391,11391,11026,11020,11095,11098,1082.0,1082.0,55.452865064695004,55.452865064695004,69,78,138.0,156.0,,,18.0,18.0,11.538461538461538
GDN0006,Valsalva,20,20,20,11391,11391,11928,11928,11568,11561,11636,11629,1072.0,1072.0,55.97014925373134,55.97014925373134,68,68,136.0,136.0,,,0.0,0.0,0.0
GDN0006,Valsalva,21,21,21,11928,11928,12478,12478,12102,12097,12173,12167,1114.0,1114.0,53.85996409335726,53.85996409335726,71,70,142.0,140.0,,,-2.0,2.0,1.4285714285714286
GDN0006,Valsalva,22,22,22,12478,12478,13040,13040,12661,12654,12731,12738,1128.0,1128.0,53.19148936170213,53.19148936170213,70,84,140.0,168.0,,,28.0,28.0,16.666666666666664
GDN0006,Valsalva,23,23,23,13040,13040,13600,13600,13224,13218,13295,13299,1118.0,1118.0,53.66726296958855,53.66726296958855,71,81,142.0,162.0,,,20.0,20.0,12.345679012345679
GDN0006,Valsalva,24,24,24,13600,13600,14148,14148,13784,13777,13853,13853,1082.0,1082.0,55.452865064695004,55.452865064695004,69,76,138.0,152.0,,,14.0,14.0,9.210526315789473
GDN0006,Valsalva,25,25,25,14148,14148,14686,14686,14324,14318,14392,14393,1074.0,1074.0,55.865921787709496,55.865921787709496,68,75,136.0,150.0,,,14.0,14.0,9.333333333333334
GDN0006,Valsalva,26,26,26,14686,14686,15236,15236,14863,14855,14932,14932,1114.0,1114.0,53.85996409335726,53.85996409335726,69,77,138.0,154.0,,,16.0,16.0,10.38961038961039
GDN0006,Valsalva,27,27,27,15236,15236,15794,15794,15419,15412,15489,15493,1118.0,1118.0,53.66726296958855,53.66726296958855,70,81,140.0,162.0,,,22.0,22.0,13.580246913580247
GDN0006,Valsalva,28,28,28,15794,15794,16344,16344,15978,15971,16048,16049,1088.0,1088.0,55.147058823529406,55.147058823529406,70,78,140.0,156.0,,,16.0,16.0,10.256410256410255
GDN0006,Valsalva,29,29,29,16344,16344,16880,16880,16522,16515,16589,16596,1066.0,1066.0,56.28517823639775,56.28517823639775,67,81,134.0,162.0,,,28.0,28.0,17.28395061728395
GDN0006,Valsalva,30,30,30,16880,16880,17424,17424,17056,17048,17123,17128,1100.0,1100.0,54.54545454545454,54.54545454545454,67,80,134.0,160.0,,,26.0,26.0,16.25
GDN0006,Valsalva,31,31,31,17424,17424,17976,17976,17605,17599,17675,17683,1104.0,1104.0,54.347826086956516,54.347826086956516,70,84,140.0,168.0,,,28.0,28.0,16.666666666666664
GDN0006,Valsalva,32,32,32,17976,17976,18526,18526,18157,18150,18227,18233,1100.0,1100.0,54.54545454545454,54.54545454545454,70,83,140.0,166.0,,,26.0,26.0,15.66265060240964
GDN0006,Valsalva,33,33,33,18526,18526,19066,19066,18707,18700,18775,18775,1068.0,1068.0,56.17977528089887,56.17977528089887,68,75,136.0,150.0,,,14.0,14.0,9.333333333333334
GDN0006,Valsalva,34,34,34,19066,19066,19612,19612,19241,19234,19308,19315,1106.0,1106.0,54.24954792043399,54.24954792043399,67,81,134.0,162.0,,,28.0,28.0,17.28395061728395
GDN0006,Valsalva,35,35,35,19612,19612,20165,20165,19793,19787,19862,19870,1106.0,1106.0,54.24954792043399,54.24954792043399,69,83,138.0,166.0,,,28.0,28.0,16.867469879518072
GDN0006,Valsalva,36,36,36,20165,20165,20716,20716,20347,20340,20416,20425,1100.0,1100.0,54.54545454545454,54.54545454545454,69,85,138.0,170.0,,,32.0,32.0,18.823529411764707
GDN0006,Valsalva,37,37,37,20716,20716,21273,21273,20897,20890,20965,20972,1120.0,1120.0,53.57142857142857,53.57142857142857,68,82,136.0,164.0,,,28.0,28.0,17.073170731707318
GDN0006,Valsalva,38,38,38,21273,21273,21819,21819,21458,21450,21526,21520,1078.0,1078.0,55.65862708719851,55.65862708719851,68,70,136.0,140.0,,,4.0,4.0,2.857142857142857
GDN0006,Valsalva,39,39,39,21819,21819,22358,22358,21996,21989,22064,22067,1078.0,1078.0,55.65862708719851,55.65862708719851,68,78,136.0,156.0,,,20.0,20.0,12.82051282051282
GDN0006,Valsalva,40,40,40,22358,22358,22902,22902,22534,22528,22604,22613,1092.0,1092.0,54.94505494505494,54.94505494505494,70,85,140.0,170.0,,,30.0,30.0,17.647058823529413
GDN0006,Valsalva,41,41,41,22902,22902,23447,23447,23080,23074,23149,23152,1088.0,1088.0,55.147058823529406,55.147058823529406,69,78,138.0,156.0,,,18.0,18.0,11.538461538461538
GDN0006,Valsalva,42,42,42,23447,23447,23985,23985,23625,23618,23695,23699,1070.0,1070.0,56.074766355140184,56.074766355140184,70,81,140.0,162.0,,,22.0,22.0,13.580246913580247
GDN0006,Valsalva,43,43,43,23985,23985,24513,24513,24161,24153,24229,24233,1050.0,1050.0,57.14285714285714,57.14285714285714,68,80,136.0,160.0,,,24.0,24.0,15.0
GDN0006,Valsalva,44,44,44,24513,24513,25051,25051,24685,24678,24753,24754,1088.0,1088.0,55.147058823529406,55.147058823529406,68,76,136.0,152.0,,,16.0,16.0,10.526315789473683
GDN0006,Valsalva,45,45,45,25051,25051,25595,25595,25228,25221,25298,25305,1088.0,1088.0,55.147058823529406,55.147058823529406,70,84,140.0,168.0,,,28.0,28.0,16.666666666666664
GDN0006,Valsalva,46,46,46,25595,25595,26133,26133,25772,25766,25842,25844,1072.0,1072.0,55.97014925373134,55.97014925373134,70,78,140.0,156.0,,,16.0,16.0,10.256410256410255
GDN0006,Valsalva,47,47,47,26133,26133,26672,26672,26309,26302,26379,26385,1080.0,1080.0,55.55555555555555,55.55555555555555,70,83,140.0,166.0,,,26.0,26.0,15.66265060240964
GDN0006,Valsalva,48,48,48,26672,26672,27200,27200,26849,26842,26917,26908,1042.0,1042.0,57.58157389635316,57.58157389635316,68,66,136.0,132.0,,,-4.0,4.0,3.0303030303030303
GDN0006,Valsalva,49,49,49,27200,27200,27728,27728,27369,27363,27437,27440,1066.0,1066.0,56.28517823639775,56.28517823639775,68,77,136.0,154.0,,,18.0,18.0,11.688311688311687
GDN0006,Valsalva,50,50,50,27728,27728,28261,28261,27902,27896,27972,27978,1064.0,1064.0,56.39097744360902,56.39097744360902,70,82,140.0,164.0,,,24.0,24.0,14.634146341463413
GDN0006,Valsalva,51,51,51,28261,28261,28792,28792,28435,28428,28504,28512,1060.0,1060.0,56.60377358490566,56.60377358490566,69,84,138.0,168.0,,,30.0,30.0,17.857142857142858
GDN0006,Valsalva,52,52,52,28792,28792,29313,29313,28965,28958,29033,29045,1034.0,1034.0,58.027079303675045,58.027079303675045,68,87,136.0,174.0,,,38.0,38.0,21.839080459770116
GDN0006,Valsalva,53,53,53,29313,29313,29830,29830,29482,29475,29550,29550,,,,,68,75,136.0,150.0,,,14.0,14.0,9.333333333333334
GDN0006,TiltUp,0,0,0,191,191,655,655,343,334,415,428,928.0,928.0,64.6551724137931,64.6551724137931,72,94,144.0,188.0,,,44.0,44.0,23.404255319148938
GDN0006,TiltUp,1,1,1,655,655,1119,1119,807,798,883,896,928.0,928.0,64.6551724137931,64.6551724137931,76,98,152.0,196.0,,,44.0,44.0,22.448979591836736
GDN0006,TiltUp,2,2,2,1119,1119,1584,1584,1271,1263,1347,1356,932.0,932.0,64.37768240343347,64.37768240343347,76,93,152.0,186.0,,,34.0,34.0,18.27956989247312
GDN0006,TiltUp,3,3,3,1584,1584,2048,2048,1737,1729,1813,1825,926.0,926.0,64.79481641468682,64.79481641468682,76,96,152.0,192.0,,,40.0,40.0,20.833333333333336
GDN0006,TiltUp,4,4,4,2048,2048,2510,2510,2200,2192,2279,2284,922.0,922.0,65.0759219088937,65.0759219088937,79,92,158.0,184.0,,,26.0,26.0,14.130434782608695
GDN0006,TiltUp,5,5,5,2510,2510,2965,2965,2661,2653,2738,2750,906.0,906.0,66.2251655629139,66.2251655629139,77,97,154.0,194.0,,,40.0,40.0,20.618556701030926
GDN0006,TiltUp,6,6,6,2965,2965,3420,3420,3113,3106,3190,3200,912.0,912.0,65.78947368421052,65.78947368421052,77,94,154.0,188.0,,,34.0,34.0,18.085106382978726
GDN0006,TiltUp,7,7,7,3420,3420,3874,3874,3570,3561,3649,3661,906.0,906.0,66.2251655629139,66.2251655629139,79,100,158.0,200.0,,,42.0,42.0,21.0
GDN0006,TiltUp,8,8,8,3874,3874,4329,4329,4023,4015,4100,4114,910.0,910.0,65.93406593406593,65.93406593406593,77,99,154.0,198.0,,,44.0,44.0,22.22222222222222
GDN0006,TiltUp,9,9,9,4329,4329,4784,4784,4478,4470,4555,4571,912.0,912.0,65.78947368421052,65.78947368421052,77,101,154.0,202.0,,,48.0,48.0,23.762376237623762
GDN0006,TiltUp,10,10,10,4784,4784,5240,5240,4934,4926,5011,5023,912.0,912.0,65.78947368421052,65.78947368421052,77,97,154.0,194.0,,,40.0,40.0,20.618556701030926
GDN0006,TiltUp,11,11,11,5240,5240,5694,5694,5390,5380,5468,5483,904.0,904.0,66.3716814159292,66.3716814159292,78,103,156.0,206.0,,,50.0,50.0,24.271844660194176
GDN0006,TiltUp,12,12,12,5694,5694,6150,6150,5842,5833,5917,5933,918.0,918.0,65.359477124183,65.359477124183,75,100,150.0,200.0,,,50.0,50.0,25.0
GDN0006,TiltUp,13,13,13,6150,6150,6612,6612,6301,6294,6379,6391,926.0,926.0,64.79481641468682,64.79481641468682,78,97,156.0,194.0,,,38.0,38.0,19.587628865979383
GDN0006,TiltUp,14,14,14,6612,6612,7076,7076,6764,6756,6839,6849,930.0,930.0,64.51612903225806,64.51612903225806,75,93,150.0,186.0,,,36.0,36.0,19.35483870967742
GDN0006,TiltUp,15,15,15,7076,7076,7545,7545,7230,7222,7306,7316,942.0,942.0,63.69426751592357,63.69426751592357,76,94,152.0,188.0,,,36.0,36.0,19.148936170212767
GDN0006,TiltUp,16,16,16,7545,7545,8007,8007,7699,7690,7775,7791,914.0,914.0,65.64551422319475,65.64551422319475,76,101,152.0,202.0,,,50.0,50.0,24.752475247524753
GDN0006,TiltUp,17,17,17,8007,8007,8466,8466,8157,8149,8232,8241,920.0,920.0,65.21739130434783,65.21739130434783,75,92,150.0,184.0,,,34.0,34.0,18.478260869565215
GDN0006,TiltUp,18,18,18,8466,8466,8926,8926,8617,8609,8690,8705,920.0,920.0,65.21739130434783,65.21739130434783,73,96,146.0,192.0,,,46.0,46.0,23.958333333333336
GDN0006,TiltUp,19,19,19,8926,8926,9385,9385,9077,9068,9153,9165,918.0,918.0,65.359477124183,65.359477124183,76,97,152.0,194.0,,,42.0,42.0,21.649484536082475
GDN0006,TiltUp,20,20,20,9385,9385,9843,9843,9537,9527,9612,9625,914.0,914.0,65.64551422319475,65.64551422319475,75,98,150.0,196.0,,,46.0,46.0,23.46938775510204
GDN0006,TiltUp,21,21,21,9843,9843,10291,10291,9993,9985,10069,10079,886.0,886.0,67.72009029345372,67.72009029345372,76,94,152.0,188.0,,,36.0,36.0,19.148936170212767
GDN0006,TiltUp,22,22,22,10291,10291,10741,10741,10436,10427,10513,10521,908.0,908.0,66.07929515418502,66.07929515418502,77,94,154.0,188.0,,,34.0,34.0,18.085106382978726
GDN0006,TiltUp,23,23,23,10741,10741,11196,11196,10891,10882,10963,10976,912.0,912.0,65.78947368421052,65.78947368421052,72,94,144.0,188.0,,,44.0,44.0,23.404255319148938
GDN0006,TiltUp,24,24,24,11196,11196,11657,11657,11346,11338,11421,11433,926.0,926.0,64.79481641468682,64.79481641468682,75,95,150.0,190.0,,,40.0,40.0,21.052631578947366
GDN0006,TiltUp,25,25,25,11657,11657,12115,12115,11808,11801,11886,11897,910.0,910.0,65.93406593406593,65.93406593406593,78,96,156.0,192.0,,,36.0,36.0,18.75
GDN0006,TiltUp,26,26,26,12115,12115,12575,12575,12263,12256,12340,12345,926.0,926.0,64.79481641468682,64.79481641468682,77,89,154.0,178.0,,,24.0,24.0,13.48314606741573
GDN0006,TiltUp,27,27,27,12575,12575,13042,13042,12727,12719,12805,12811,938.0,938.0,63.965884861407254,63.965884861407254,78,92,156.0,184.0,,,28.0,28.0,15.217391304347828
GDN0006,TiltUp,28,28,28,13042,13042,13513,13513,13195,13187,13270,13283,946.0,946.0,63.42494714587738,63.42494714587738,75,96,150.0,192.0,,,42.0,42.0,21.875
GDN0006,TiltUp,29,29,29,13513,13513,13988,13988,13669,13660,13745,13757,950.0,950.0,63.15789473684211,63.15789473684211,76,97,152.0,194.0,,,42.0,42.0,21.649484536082475
GDN0006,TiltUp,30,30,30,13988,13988,14454,14454,14144,14136,14218,14235,924.0,924.0,64.93506493506493,64.93506493506493,74,99,148.0,198.0,,,50.0,50.0,25.252525252525253
GDN0006,TiltUp,31,31,31,14454,14454,14916,14916,14606,14598,14682,14694,922.0,922.0,65.0759219088937,65.0759219088937,76,96,152.0,192.0,,,40.0,40.0,20.833333333333336
GDN0006,TiltUp,32,32,32,14916,14916,15375,15375,15067,15059,15141,15151,918.0,918.0,65.359477124183,65.359477124183,74,92,148.0,184.0,,,36.0,36.0,19.565217391304348
GDN0006,TiltUp,33,33,33,15375,15375,15836,15836,15526,15518,15602,15616,922.0,922.0,65.0759219088937,65.0759219088937,76,98,152.0,196.0,,,44.0,44.0,22.448979591836736
GDN0006,TiltUp,34,34,34,15836,15836,16293,16293,15987,15978,16064,16077,912.0,912.0,65.78947368421052,65.78947368421052,77,99,154.0,198.0,,,44.0,44.0,22.22222222222222
GDN0006,TiltUp,35,35,35,16293,16293,16752,16752,16443,16434,16519,16532,920.0,920.0,65.21739130434783,65.21739130434783,76,98,152.0,196.0,,,44.0,44.0,22.448979591836736
GDN0006,TiltUp,36,36,36,16752,16752,17210,17210,16903,16894,16980,16989,914.0,914.0,65.64551422319475,65.64551422319475,77,95,154.0,190.0,,,36.0,36.0,18.947368421052634
GDN0006,TiltUp,37,37,37,17210,17210,17667,17667,17360,17351,17436,17444,914.0,914.0,65.64551422319475,65.64551422319475,76,93,152.0,186.0,,,34.0,34.0,18.27956989247312
GDN0006,TiltUp,38,38,38,17667,17667,18126,18126,17817,17808,17894,17908,920.0,920.0,65.21739130434783,65.21739130434783,77,100,154.0,200.0,,,46.0,46.0,23.0
GDN0006,TiltUp,39,39,39,18126,18126,18587,18587,18277,18269,18355,18367,922.0,922.0,65.0759219088937,65.0759219088937,78,98,156.0,196.0,,,40.0,40.0,20.408163265306122
GDN0006,TiltUp,40,40,40,18587,18587,19043,19043,18737,18730,18815,18823,908.0,908.0,66.07929515418502,66.07929515418502,78,93,156.0,186.0,,,30.0,30.0,16.129032258064516
GDN0006,TiltUp,41,41,41,19043,19043,19492,19492,19191,19183,19269,19279,892.0,892.0,67.26457399103138,67.26457399103138,78,96,156.0,192.0,,,36.0,36.0,18.75
GDN0006,TiltUp,42,42,42,19492,19492,19940,19940,19637,19629,19713,19723,898.0,898.0,66.81514476614699,66.81514476614699,76,94,152.0,188.0,,,36.0,36.0,19.148936170212767
GDN0006,TiltUp,43,43,43,19940,19940,20392,20392,20086,20078,20164,20171,908.0,908.0,66.07929515418502,66.07929515418502,78,93,156.0,186.0,,,30.0,30.0,16.129032258064516
GDN0006,TiltUp,44,44,44,20392,20392,20849,20849,20540,20532,20618,20627,916.0,916.0,65.50218340611353,65.50218340611353,78,95,156.0,190.0,,,34.0,34.0,17.894736842105264
GDN0006,TiltUp,45,45,45,20849,20849,21307,21307,20998,20990,21075,21085,918.0,918.0,65.359477124183,65.359477124183,77,95,154.0,190.0,,,36.0,36.0,18.947368421052634
GDN0006,TiltUp,46,46,46,21307,21307,21772,21772,21458,21450,21534,21546,934.0,934.0,64.23982869379014,64.23982869379014,76,96,152.0,192.0,,,40.0,40.0,20.833333333333336
GDN0006,TiltUp,47,47,47,21772,21772,22240,22240,21925,21916,22002,22012,938.0,938.0,63.965884861407254,63.965884861407254,77,96,154.0,192.0,,,38.0,38.0,19.791666666666664
GDN0006,TiltUp,48,48,48,22240,22240,22710,22710,22394,22385,22470,22480,940.0,940.0,63.829787234042556,63.829787234042556,76,95,152.0,190.0,,,38.0,38.0,20.0
GDN0006,TiltUp,49,49,49,22710,22710,23180,23180,22864,22856,22940,22953,940.0,940.0,63.829787234042556,63.829787234042556,76,97,152.0,194.0,,,42.0,42.0,21.649484536082475
GDN0006,TiltUp,50,50,50,23180,23180,23651,23651,23334,23326,23409,23422,944.0,944.0,63.55932203389831,63.55932203389831,75,96,150.0,192.0,,,42.0,42.0,21.875
GDN0006,TiltUp,51,51,51,23651,23651,24015,24015,23806,23798,23883,23893,612.0,612.0,98.03921568627452,98.03921568627452,77,95,154.0,190.0,,,36.0,36.0,18.947368421052634
GDN0006,TiltUp,52,52,52,24015,24015,24476,24476,24114,24110,24198,24212,1088.0,1088.0,55.147058823529406,55.147058823529406,84,102,168.0,204.0,,,36.0,36.0,17.647058823529413
GDN0006,TiltUp,53,53,53,24476,24476,24966,24966,24656,24648,24725,24730,922.0,922.0,65.0759219088937,65.0759219088937,69,82,138.0,164.0,,,26.0,26.0,15.853658536585366
GDN0006,TiltUp,54,54,54,24966,24966,25419,25419,25118,25108,25191,25205,898.0,898.0,66.81514476614699,66.81514476614699,73,97,146.0,194.0,,,48.0,48.0,24.742268041237114
GDN0006,TiltUp,55,55,55,25419,25419,25860,25860,25566,25558,25643,25651,874.0,874.0,68.64988558352402,68.64988558352402,77,93,154.0,186.0,,,32.0,32.0,17.20430107526882
GDN0006,TiltUp,56,56,56,25860,25860,26298,26298,26003,25994,26081,26091,876.0,876.0,68.4931506849315,68.4931506849315,78,97,156.0,194.0,,,38.0,38.0,19.587628865979383
GDN0006,TiltUp,57,57,57,26298,26298,26744,26744,26442,26433,26518,26530,900.0,900.0,66.66666666666667,66.66666666666667,76,97,152.0,194.0,,,42.0,42.0,21.649484536082475
GDN0006,TiltUp,58,58,58,26744,26744,27201,27201,26891,26882,26968,26978,922.0,922.0,65.0759219088937,65.0759219088937,77,96,154.0,192.0,,,38.0,38.0,19.791666666666664
GDN0006,TiltUp,59,59,59,27201,27201,27663,27663,27352,27343,27430,27431,926.0,926.0,64.79481641468682,64.79481641468682,78,88,156.0,176.0,,,20.0,20.0,11.363636363636363
GDN0006,TiltUp,60,60,60,27663,27663,28135,28135,27816,27807,27893,27900,954.0,954.0,62.89308176100629,62.89308176100629,77,93,154.0,186.0,,,32.0,32.0,17.20430107526882
GDN0006,TiltUp,61,61,61,28135,28135,28620,28620,28293,28284,28365,28379,980.0,980.0,61.224489795918366,61.224489795918366,72,95,144.0,190.0,,,46.0,46.0,24.210526315789473
GDN0006,TiltUp,62,62,62,28620,28620,29106,29106,28783,28773,28859,28867,966.0,966.0,62.11180124223603,62.11180124223603,76,94,152.0,188.0,,,36.0,36.0,19.148936170212767
GDN0006,TiltUp,63,63,63,29106,29106,29581,29581,29265,29257,29341,29352,942.0,942.0,63.69426751592357,63.69426751592357,76,95,152.0,190.0,,,38.0,38.0,20.0
GDN0006,TiltLevel,0,0,0,282,282,791,791,447,441,513,504,1018.0,1018.0,58.93909626719057,58.93909626719057,66,63,132.0,126.0,,,-6.0,6.0,4.761904761904762
GDN0006,TiltLevel,1,1,1,791,791,1300,1300,956,950,1028,1033,1018.0,1018.0,58.93909626719057,58.93909626719057,72,83,144.0,166.0,,,22.0,22.0,13.253012048192772
GDN0006,TiltLevel,2,2,2,1300,1300,1811,1811,1465,1459,1533,1540,1024.0,1024.0,58.59375,58.59375,68,81,136.0,162.0,,,26.0,26.0,16.049382716049383
GDN0006,TiltLevel,3,3,3,1811,1811,2318,2318,1977,1971,2047,2053,1008.0,1008.0,59.523809523809526,59.523809523809526,70,82,140.0,164.0,,,24.0,24.0,14.634146341463413
GDN0006,TiltLevel,4,4,4,2318,2318,2821,2821,2481,2474,2547,2530,1006.0,1006.0,59.642147117296226,59.642147117296226,66,56,132.0,112.0,,,-20.0,20.0,17.857142857142858
GDN0006,TiltLevel,5,5,5,2821,2821,3332,3332,2984,2978,3054,3061,1032.0,1032.0,58.13953488372093,58.13953488372093,70,83,140.0,166.0,,,26.0,26.0,15.66265060240964
GDN0006,TiltLevel,6,6,6,3332,3332,3852,3852,3500,3494,3570,3574,1042.0,1042.0,57.58157389635316,57.58157389635316,70,80,140.0,160.0,,,20.0,20.0,12.5
GDN0006,TiltLevel,7,7,7,3852,3852,4367,4367,4021,4015,4089,4094,1026.0,1026.0,58.47953216374269,58.47953216374269,68,79,136.0,158.0,,,22.0,22.0,13.924050632911392
GDN0006,TiltLevel,8,8,8,4367,4367,4882,4882,4535,4528,4602,4604,1032.0,1032.0,58.13953488372093,58.13953488372093,67,76,134.0,152.0,,,18.0,18.0,11.842105263157894
GDN0006,TiltLevel,9,9,9,4882,4882,5404,5404,5049,5043,5120,5118,1048.0,1048.0,57.25190839694656,57.25190839694656,71,75,142.0,150.0,,,8.0,8.0,5.333333333333334
GDN0006,TiltLevel,10,10,10,5404,5404,5934,5934,5574,5568,5642,5644,1068.0,1068.0,56.17977528089887,56.17977528089887,68,76,136.0,152.0,,,16.0,16.0,10.526315789473683
GDN0006,TiltLevel,11,11,11,5934,5934,6469,6469,6108,6102,6177,6178,1072.0,1072.0,55.97014925373134,55.97014925373134,69,76,138.0,152.0,,,14.0,14.0,9.210526315789473
GDN0006,TiltLevel,12,12,12,6469,6469,6988,6988,6644,6638,6713,6718,1020.0,1020.0,58.8235294117647,58.8235294117647,69,80,138.0,160.0,,,22.0,22.0,13.750000000000002
GDN0006,TiltLevel,13,13,13,6988,6988,7495,7495,7154,7148,7222,7218,1008.0,1008.0,59.523809523809526,59.523809523809526,68,70,136.0,140.0,,,4.0,4.0,2.857142857142857
GDN0006,TiltLevel,14,14,14,7495,7495,8014,8014,7658,7652,7728,7734,1056.0,1056.0,56.81818181818181,56.81818181818181,70,82,140.0,164.0,,,24.0,24.0,14.634146341463413
GDN0006,TiltLevel,15,15,15,8014,8014,8546,8546,8187,8180,8255,8260,1068.0,1068.0,56.17977528089887,56.17977528089887,68,80,136.0,160.0,,,24.0,24.0,15.0
GDN0006,TiltLevel,16,16,16,8546,8546,9078,9078,8721,8714,8790,8795,1060.0,1060.0,56.60377358490566,56.60377358490566,69,81,138.0,162.0,,,24.0,24.0,14.814814814814813
GDN0006,TiltLevel,17,17,17,9078,9078,9600,9600,9251,9244,9318,9294,1038.0,1038.0,57.80346820809248,57.80346820809248,67,50,134.0,100.0,,,-34.0,34.0,34.0
GDN0006,TiltLevel,18,18,18,9600,9600,10137,10137,9768,9763,9837,9842,1092.0,1092.0,54.94505494505494,54.94505494505494,69,79,138.0,158.0,,,20.0,20.0,12.658227848101266
GDN0006,TiltLevel,19,19,19,10137,10137,10681,10681,10315,10308,10385,10383,1086.0,1086.0,55.248618784530386,55.248618784530386,70,75,140.0,150.0,,,10.0,10.0,6.666666666666667
GDN0006,TiltLevel,20,20,20,10681,10681,11222,11222,10858,10851,10927,10933,1080.0,1080.0,55.55555555555555,55.55555555555555,69,82,138.0,164.0,,,26.0,26.0,15.853658536585366
GDN0006,TiltLevel,21,21,21,11222,11222,11759,11759,11398,11391,11466,11469,1070.0,1070.0,56.074766355140184,56.074766355140184,68,78,136.0,156.0,,,20.0,20.0,12.82051282051282
GDN0006,TiltLevel,22,22,22,11759,11759,12279,12279,11934,11927,12001,12000,1026.0,1026.0,58.47953216374269,58.47953216374269,67,73,134.0,146.0,,,12.0,12.0,8.21917808219178
GDN0006,TiltLevel,23,23,23,12279,12279,12801,12801,12446,12440,12515,12500,1052.0,1052.0,57.03422053231939,57.03422053231939,69,60,138.0,120.0,,,-18.0,18.0,15.0
GDN0006,TiltLevel,24,24,24,12801,12801,13327,13327,12971,12966,13042,13043,1052.0,1052.0,57.03422053231939,57.03422053231939,71,77,142.0,154.0,,,12.0,12.0,7.792207792207792
GDN0006,TiltLevel,25,25,25,13327,13327,13849,13849,13498,13492,13567,13575,1040.0,1040.0,57.69230769230769,57.69230769230769,69,83,138.0,166.0,,,28.0,28.0,16.867469879518072
GDN0006,TiltLevel,26,26,26,13849,13849,14364,14364,14017,14011,14084,14084,1026.0,1026.0,58.47953216374269,58.47953216374269,67,73,134.0,146.0,,,12.0,12.0,8.21917808219178
GDN0006,TiltLevel,27,27,27,14364,14364,14896,14896,14531,14525,14599,14602,1084.0,1084.0,55.35055350553505,55.35055350553505,68,77,136.0,154.0,,,18.0,18.0,11.688311688311687
GDN0006,TiltLevel,28,28,28,14896,14896,15446,15446,15073,15067,15143,15149,1108.0,1108.0,54.15162454873646,54.15162454873646,70,82,140.0,164.0,,,24.0,24.0,14.634146341463413
GDN0006,TiltLevel,29,29,29,15446,15446,15999,15999,15627,15621,15697,15701,1106.0,1106.0,54.24954792043399,54.24954792043399,70,80,140.0,160.0,,,20.0,20.0,12.5
GDN0006,TiltLevel,30,30,30,15999,15999,16544,16544,16180,16174,16247,16254,1080.0,1080.0,55.55555555555555,55.55555555555555,67,80,134.0,160.0,,,26.0,26.0,16.25
GDN0006,TiltLevel,31,31,31,16544,16544,17082,17082,16720,16714,16788,16788,1074.0,1074.0,55.865921787709496,55.865921787709496,68,74,136.0,148.0,,,12.0,12.0,8.108108108108109
GDN0006,TiltLevel,32,32,32,17082,17082,17630,17630,17257,17251,17327,17333,1108.0,1108.0,54.15162454873646,54.15162454873646,70,82,140.0,164.0,,,24.0,24.0,14.634146341463413
GDN0006,TiltLevel,33,33,33,17630,17630,18182,18182,17811,17805,17880,17878,1102.0,1102.0,54.44646098003629,54.44646098003629,69,73,138.0,146.0,,,8.0,8.0,5.47945205479452
GDN0006,TiltLevel,34,34,34,18182,18182,18727,18727,18363,18356,18431,18429,1084.0,1084.0,55.35055350553505,55.35055350553505,68,73,136.0,146.0,,,10.0,10.0,6.8493150684931505
GDN0006,TiltLevel,35,35,35,18727,18727,19259,19259,18905,18898,18973,18965,1052.0,1052.0,57.03422053231939,57.03422053231939,68,67,136.0,134.0,,,-2.0,2.0,1.4925373134328357
GDN0006,TiltLevel,36,36,36,19259,19259,19795,19795,19430,19424,19498,19500,1084.0,1084.0,55.35055350553505,55.35055350553505,68,76,136.0,152.0,,,16.0,16.0,10.526315789473683
GDN0006,TiltLevel,37,37,37,19795,19795,20342,20342,19972,19966,20041,20039,1100.0,1100.0,54.54545454545454,54.54545454545454,69,73,138.0,146.0,,,8.0,8.0,5.47945205479452
GDN0006,TiltLevel,38,38,38,20342,20342,20879,20879,20523,20516,20591,20593,1058.0,1058.0,56.71077504725898,56.71077504725898,68,77,136.0,154.0,,,18.0,18.0,11.688311688311687
GDN0006,TiltLevel,39,39,39,20879,20879,21391,21391,21052,21046,21119,21124,1006.0,1006.0,59.642147117296226,59.642147117296226,67,78,134.0,156.0,,,22.0,22.0,14.102564102564102
GDN0006,TiltLevel,40,40,40,21391,21391,21905,21905,21555,21548,21623,21622,1040.0,1040.0,57.69230769230769,57.69230769230769,68,74,136.0,148.0,,,12.0,12.0,8.108108108108109
GDN0006,TiltLevel,41,41,41,21905,21905,22433,22433,22073,22067,22144,22147,1066.0,1066.0,56.28517823639775,56.28517823639775,71,80,142.0,160.0,,,18.0,18.0,11.25
GDN0006,TiltLevel,42,42,42,22433,22433,22964,22964,22606,22600,22676,22675,1060.0,1060.0,56.60377358490566,56.60377358490566,70,75,140.0,150.0,,,10.0,10.0,6.666666666666667
GDN0006,TiltLevel,43,43,43,22964,22964,23483,23483,23138,23131,23205,23211,1026.0,1026.0,58.47953216374269,58.47953216374269,67,80,134.0,160.0,,,26.0,26.0,16.25
GDN0006,TiltLevel,44,44,44,23483,23483,24022,24022,23650,23644,23718,23723,1104.0,1104.0,54.347826086956516,54.347826086956516,68,79,136.0,158.0,,,22.0,22.0,13.924050632911392
GDN0006,TiltLevel,45,45,45,24022,24022,24577,24577,24202,24196,24272,24274,1114.0,1114.0,53.85996409335726,53.85996409335726,70,78,140.0,156.0,,,16.0,16.0,10.256410256410255
GDN0006,TiltLevel,46,46,46,24577,24577,25135,25135,24759,24753,24828,24831,1116.0,1116.0,53.76344086021505,53.76344086021505,69,78,138.0,156.0,,,18.0,18.0,11.538461538461538
GDN0006,TiltLevel,47,47,47,25135,25135,25680,25680,25316,25311,25385,25382,1078.0,1078.0,55.65862708719851,55.65862708719851,69,71,138.0,142.0,,,4.0,4.0,2.8169014084507045
GDN0006,TiltLevel,48,48,48,25680,25680,26226,26226,25856,25850,25924,25922,1100.0,1100.0,54.54545454545454,54.54545454545454,68,72,136.0,144.0,,,8.0,8.0,5.555555555555555
GDN0006,TiltLevel,49,49,49,26226,26226,26780,26780,26406,26400,26474,26477,1110.0,1110.0,54.05405405405405,54.05405405405405,68,77,136.0,154.0,,,18.0,18.0,11.688311688311687
GDN0006,TiltLevel,50,50,50,26780,26780,27328,27328,26961,26954,27030,27034,1090.0,1090.0,55.04587155963302,55.04587155963302,69,80,138.0,160.0,,,22.0,22.0,13.750000000000002
GDN0006,TiltLevel,51,51,51,27328,27328,27864,27864,27507,27500,27574,27578,1060.0,1060.0,56.60377358490566,56.60377358490566,67,78,134.0,156.0,,,22.0,22.0,14.102564102564102
GDN0006,TiltLevel,52,52,52,27864,27864,28404,28404,28035,28030,28104,28107,1092.0,1092.0,54.94505494505494,54.94505494505494,69,77,138.0,154.0,,,16.0,16.0,10.38961038961039
GDN0006,TiltLevel,53,53,53,28404,28404,28950,28950,28583,28576,28650,28652,1092.0,1092.0,54.94505494505494,54.94505494505494,67,76,134.0,152.0,,,18.0,18.0,11.842105263157894
GDN0006,TiltLevel,54,54,54,28950,28950,29495,29495,29128,29122,29197,29200,1088.0,1088.0,55.147058823529406,55.147058823529406,69,78,138.0,156.0,,,18.0,18.0,11.538461538461538
GDN0007,Pause,0,0,0,102,102,569,569,255,249,323,314,934.0,934.0,64.23982869379014,64.23982869379014,68,65,136.0,130.0,,,-6.0,6.0,4.615384615384616
GDN0007,Pause,1,1,1,569,569,1032,1032,721,715,790,806,924.0,924.0,64.93506493506493,64.93506493506493,69,91,138.0,182.0,,,44.0,44.0,24.175824175824175
GDN0007,Pause,2,2,2,1032,1032,1633,1633,1183,1177,1255,1263,1350.0,1350.0,44.44444444444444,44.44444444444444,72,86,144.0,172.0,,,28.0,28.0,16.27906976744186
GDN0007,Pause,3,3,3,1633,1633,2217,2217,1858,1853,1922,1919,1072.0,1072.0,55.97014925373134,55.97014925373134,64,66,128.0,132.0,,,4.0,4.0,3.0303030303030303
GDN0007,Pause,4,4,4,2217,2217,2725,2725,2394,2389,2462,2422,986.0,986.0,60.851926977687626,60.851926977687626,68,33,136.0,66.0,,,-70.0,70.0,106.06060606060606
GDN0007,Pause,5,5,5,2725,2725,3203,3203,2887,2881,2955,2960,938.0,938.0,63.965884861407254,63.965884861407254,68,79,136.0,158.0,,,22.0,22.0,13.924050632911392
GDN0007,Pause,6,6,6,3203,3203,3665,3665,3356,3351,3424,3425,918.0,918.0,65.359477124183,65.359477124183,68,74,136.0,148.0,,,12.0,12.0,8.108108108108109
GDN0007,Pause,7,7,7,3665,3665,4101,4101,3815,3809,3882,3883,846.0,846.0,70.92198581560284,70.92198581560284,67,74,134.0,148.0,,,14.0,14.0,9.45945945945946
GDN0007,Pause,8,8,8,4101,4101,4527,4527,4238,4233,4308,4303,854.0,854.0,70.2576112412178,70.2576112412178,70,70,140.0,140.0,,,0.0,0.0,0.0
GDN0007,Pause,9,9,9,4527,4527,4946,4946,4665,4660,4731,4735,830.0,830.0,72.28915662650603,72.28915662650603,66,75,132.0,150.0,,,18.0,18.0,12.0
GDN0007,Pause,10,10,10,4946,4946,5365,5365,5079,5074,5147,5144,842.0,842.0,71.25890736342043,71.25890736342043,68,70,136.0,140.0,,,4.0,4.0,2.857142857142857
GDN0007,Pause,11,11,11,5365,5365,5845,5845,5501,5496,5569,5571,1026.0,1026.0,58.47953216374269,58.47953216374269,68,75,136.0,150.0,,,14.0,14.0,9.333333333333334
GDN0007,Pause,12,12,12,5845,5845,6356,6356,6014,6009,6077,6070,1020.0,1020.0,58.8235294117647,58.8235294117647,63,61,126.0,122.0,,,-4.0,4.0,3.278688524590164
GDN0007,Pause,13,13,13,6356,6356,6866,6866,6524,6519,6586,6588,1018.0,1018.0,58.93909626719057,58.93909626719057,62,69,124.0,138.0,,,14.0,14.0,10.144927536231885
GDN0007,Pause,14,14,14,6866,6866,7454,7454,7033,7028,7097,7068,1260.0,1260.0,47.61904761904762,47.61904761904762,64,40,128.0,80.0,,,-48.0,48.0,60.0
GDN0007,Pause,15,15,15,7454,7454,8018,8018,7663,7657,7726,7711,1060.0,1060.0,56.60377358490566,56.60377358490566,63,54,126.0,108.0,,,-18.0,18.0,16.666666666666664
GDN0007,Pause,16,16,16,8018,8018,8517,8517,8193,8188,8258,8253,962.0,962.0,62.37006237006237,62.37006237006237,65,65,130.0,130.0,,,0.0,0.0,0.0
GDN0007,Pause,17,17,17,8517,8517,8953,8953,8674,8669,8741,8737,826.0,826.0,72.63922518159806,72.63922518159806,67,68,134.0,136.0,,,2.0,2.0,1.4705882352941175
GDN0007,Pause,18,18,18,8953,8953,9377,9377,9087,9082,9154,9152,858.0,858.0,69.93006993006993,69.93006993006993,67,70,134.0,140.0,,,6.0,6.0,4.285714285714286
GDN0007,Pause,19,19,19,9377,9377,9779,9779,9517,9511,9583,9580,776.0,776.0,77.31958762886597,77.31958762886597,66,69,132.0,138.0,,,6.0,6.0,4.3478260869565215
GDN0007,Pause,20,20,20,9779,9779,10176,10176,9904,9898,9970,9969,804.0,804.0,74.62686567164178,74.62686567164178,66,71,132.0,142.0,,,10.0,10.0,7.042253521126761
GDN0007,Pause,21,21,21,10176,10176,10591,10591,10306,10301,10373,10383,842.0,842.0,71.25890736342043,71.25890736342043,67,82,134.0,164.0,,,30.0,30.0,18.29268292682927
GDN0007,Pause,22,22,22,10591,10591,11089,11089,10727,10722,10794,10797,1080.0,1080.0,55.55555555555555,55.55555555555555,67,75,134.0,150.0,,,16.0,16.0,10.666666666666668
GDN0007,Pause,23,23,23,11089,11089,11608,11608,11267,11262,11329,11310,1016.0,1016.0,59.05511811023622,59.05511811023622,62,48,124.0,96.0,,,-28.0,28.0,29.166666666666668
GDN0007,Pause,24,24,24,11608,11608,12138,12138,11775,11769,11839,11830,1082.0,1082.0,55.452865064695004,55.452865064695004,64,61,128.0,122.0,,,-6.0,6.0,4.918032786885246
GDN0007,Pause,25,25,25,12138,12138,12742,12742,12316,12311,12380,12370,1278.0,1278.0,46.948356807511736,46.948356807511736,64,59,128.0,118.0,,,-10.0,10.0,8.47457627118644
GDN0007,Pause,26,26,26,12742,12742,13308,13308,12955,12950,13019,12998,1052.0,1052.0,57.03422053231939,57.03422053231939,64,48,128.0,96.0,,,-32.0,32.0,33.33333333333333
GDN0007,Pause,27,27,27,13308,13308,13791,13791,13481,13476,13547,13551,920.0,920.0,65.21739130434783,65.21739130434783,66,75,132.0,150.0,,,18.0,18.0,12.0
GDN0007,Pause,28,28,28,13791,13791,14217,14217,13941,13935,14007,14001,814.0,814.0,73.71007371007371,73.71007371007371,66,66,132.0,132.0,,,0.0,0.0,0.0
GDN0007,Pause,29,29,29,14217,14217,14628,14628,14348,14343,14416,14408,828.0,828.0,72.46376811594203,72.46376811594203,68,65,136.0,130.0,,,-6.0,6.0,4.615384615384616
GDN0007,Pause,30,30,30,14628,14628,15043,15043,14763,14757,14828,14830,830.0,830.0,72.28915662650603,72.28915662650603,65,73,130.0,146.0,,,16.0,16.0,10.95890410958904
GDN0007,Pause,31,31,31,15043,15043,15480,15480,15177,15171,15243,15251,900.0,900.0,66.66666666666667,66.66666666666667,66,80,132.0,160.0,,,28.0,28.0,17.5
GDN0007,Pause,32,32,32,15480,15480,16064,16064,15626,15621,15693,15701,1310.0,1310.0,45.80152671755725,45.80152671755725,67,80,134.0,160.0,,,26.0,26.0,16.25
GDN0007,Pause,33,33,33,16064,16064,16656,16656,16282,16277,16345,16334,1118.0,1118.0,53.66726296958855,53.66726296958855,63,57,126.0,114.0,,,-12.0,12.0,10.526315789473683
GDN0007,Pause,34,34,34,16656,16656,17170,17170,16841,16835,16907,16892,980.0,980.0,61.224489795918366,61.224489795918366,66,57,132.0,114.0,,,-18.0,18.0,15.789473684210526
GDN0007,Pause,35,35,35,17170,17170,17651,17651,17331,17326,17399,17395,950.0,950.0,63.15789473684211,63.15789473684211,68,69,136.0,138.0,,,2.0,2.0,1.4492753623188406
GDN0007,Pause,36,36,36,17651,17651,18112,18112,17806,17801,17872,17866,908.0,908.0,66.07929515418502,66.07929515418502,66,65,132.0,130.0,,,-2.0,2.0,1.5384615384615385
GDN0007,Pause,37,37,37,18112,18112,18561,18561,18260,18255,18328,18318,892.0,892.0,67.26457399103138,67.26457399103138,68,63,136.0,126.0,,,-10.0,10.0,7.936507936507936
GDN0007,Pause,38,38,38,18561,18561,18997,18997,18706,18701,18772,18780,862.0,862.0,69.60556844547564,69.60556844547564,66,79,132.0,158.0,,,26.0,26.0,16.455696202531644
GDN0007,Pause,39,39,39,18997,18997,19420,19420,19137,19132,19204,19196,836.0,836.0,71.77033492822967,71.77033492822967,67,64,134.0,128.0,,,-6.0,6.0,4.6875
GDN0007,Pause,40,40,40,19420,19420,19837,19837,19555,19550,19622,19616,834.0,834.0,71.94244604316548,71.94244604316548,67,66,134.0,132.0,,,-2.0,2.0,1.5151515151515151
GDN0007,Pause,41,41,41,19837,19837,20254,20254,19972,19966,20037,20049,834.0,834.0,71.94244604316548,71.94244604316548,65,83,130.0,166.0,,,36.0,36.0,21.686746987951807
GDN0007,Pause,42,42,42,20254,20254,20690,20690,20389,20384,20455,20452,892.0,892.0,67.26457399103138,67.26457399103138,66,68,132.0,136.0,,,4.0,4.0,2.941176470588235
GDN0007,Pause,43,43,43,20690,20690,21275,21275,20834,20829,20899,20907,1320.0,1320.0,45.45454545454545,45.45454545454545,65,78,130.0,156.0,,,26.0,26.0,16.666666666666664
GDN0007,Pause,44,44,44,21275,21275,21838,21838,21495,21490,21557,21544,1022.0,1022.0,58.708414872798436,58.708414872798436,62,54,124.0,108.0,,,-16.0,16.0,14.814814814814813
GDN0007,Pause,45,45,45,21838,21838,22408,22408,22006,22001,22070,22052,1202.0,1202.0,49.91680532445923,49.91680532445923,64,51,128.0,102.0,,,-26.0,26.0,25.49019607843137
GDN0007,Pause,46,46,46,22408,22408,22920,22920,22607,22601,22671,22651,930.0,930.0,64.51612903225806,64.51612903225806,64,50,128.0,100.0,,,-28.0,28.0,28.000000000000004
GDN0007,Pause,47,47,47,22920,22920,23342,23342,23073,23067,23139,23147,796.0,796.0,75.37688442211055,75.37688442211055,66,80,132.0,160.0,,,28.0,28.0,17.5
GDN0007,Pause,48,48,48,23342,23342,23746,23746,23470,23465,23538,23539,814.0,814.0,73.71007371007371,73.71007371007371,68,74,136.0,148.0,,,12.0,12.0,8.108108108108109
GDN0007,Pause,49,49,49,23746,23746,24162,24162,23878,23872,23944,23947,842.0,842.0,71.25890736342043,71.25890736342043,66,75,132.0,150.0,,,18.0,18.0,12.0
GDN0007,Pause,50,50,50,24162,24162,24587,24587,24299,24293,24363,24366,856.0,856.0,70.09345794392523,70.09345794392523,64,73,128.0,146.0,,,18.0,18.0,12.32876712328767
GDN0007,Pause,51,51,51,24587,24587,25009,25009,24726,24720,24792,24797,836.0,836.0,71.77033492822967,71.77033492822967,66,77,132.0,154.0,,,22.0,22.0,14.285714285714285
GDN0007,Pause,52,52,52,25009,25009,25423,25423,25144,25138,25209,25214,824.0,824.0,72.81553398058253,72.81553398058253,65,76,130.0,152.0,,,22.0,22.0,14.473684210526317
GDN0007,Pause,53,53,53,25423,25423,25840,25840,25557,25551,25621,25619,840.0,840.0,71.42857142857143,71.42857142857143,64,68,128.0,136.0,,,8.0,8.0,5.88235294117647
GDN0007,Pause,54,54,54,25840,25840,26328,26328,25976,25971,26041,26046,1050.0,1050.0,57.14285714285714,57.14285714285714,65,75,130.0,150.0,,,20.0,20.0,13.333333333333334
GDN0007,Pause,55,55,55,26328,26328,26854,26854,26501,26496,26564,26546,1052.0,1052.0,57.03422053231939,57.03422053231939,63,50,126.0,100.0,,,-26.0,26.0,26.0
GDN0007,Pause,56,56,56,26854,26854,27436,27436,27027,27022,27091,27081,1224.0,1224.0,49.01960784313726,49.01960784313726,64,59,128.0,118.0,,,-10.0,10.0,8.47457627118644
GDN0007,Pause,57,57,57,27436,27436,28001,28001,27639,27633,27701,27685,1080.0,1080.0,55.55555555555555,55.55555555555555,62,52,124.0,104.0,,,-20.0,20.0,19.230769230769234
GDN0007,Pause,58,58,58,28001,28001,28501,28501,28179,28174,28242,28229,958.0,958.0,62.63048016701462,62.63048016701462,63,55,126.0,110.0,,,-16.0,16.0,14.545454545454545
GDN0007,Pause,59,59,59,28501,28501,29032,29032,28658,28652,28721,28736,1118.0,1118.0,53.66726296958855,53.66726296958855,63,84,126.0,168.0,,,42.0,42.0,25.0
GDN0007,Pause,60,60,60,29032,29032,29530,29530,29217,29211,29280,29275,928.0,928.0,64.6551724137931,64.6551724137931,63,64,126.0,128.0,,,2.0,2.0,1.5625
GDN0007,Pause,61,61,61,29530,29530,29994,29994,29682,29676,29747,29746,,,,,65,70,130.0,140.0,,,10.0,10.0,7.142857142857142
GDN0007,Valsalva,0,0,0,371,371,835,835,522,517,591,595,928.0,928.0,64.6551724137931,64.6551724137931,69,78,138.0,156.0,,,18.0,18.0,11.538461538461538
GDN0007,Valsalva,1,1,1,835,835,1488,1488,985,980,1053,1058,1512.0,1512.0,39.682539682539684,39.682539682539684,68,78,136.0,156.0,,,20.0,20.0,12.82051282051282
GDN0007,Valsalva,2,2,2,1488,1488,2179,2179,1742,1737,1809,1787,1312.0,1312.0,45.731707317073166,45.731707317073166,67,50,134.0,100.0,,,-34.0,34.0,34.0
GDN0007,Valsalva,3,3,3,2179,2179,2843,2843,2399,2393,2463,2457,1336.0,1336.0,44.91017964071856,44.91017964071856,64,64,128.0,128.0,,,0.0,0.0,0.0
GDN0007,Valsalva,4,4,4,2843,2843,3446,3446,3066,3060,3133,3143,1134.0,1134.0,52.91005291005291,52.91005291005291,67,83,134.0,166.0,,,32.0,32.0,19.27710843373494
GDN0007,Valsalva,5,5,5,3446,3446,3962,3962,3633,3628,3699,3696,980.0,980.0,61.224489795918366,61.224489795918366,66,68,132.0,136.0,,,4.0,4.0,2.941176470588235
GDN0007,Valsalva,6,6,6,3962,3962,4447,4447,4123,4118,4194,4200,964.0,964.0,62.24066390041494,62.24066390041494,71,82,142.0,164.0,,,22.0,22.0,13.414634146341465
GDN0007,Valsalva,7,7,7,4447,4447,4944,4944,4605,4600,4673,4678,1010.0,1010.0,59.40594059405941,59.40594059405941,68,78,136.0,156.0,,,20.0,20.0,12.82051282051282
GDN0007,Valsalva,8,8,8,4944,4944,5431,5431,5110,5104,5174,5182,954.0,954.0,62.89308176100629,62.89308176100629,64,78,128.0,156.0,,,28.0,28.0,17.94871794871795
GDN0007,Valsalva,9,9,9,5431,5431,5881,5881,5587,5582,5655,5659,870.0,870.0,68.96551724137932,68.96551724137932,68,77,136.0,154.0,,,18.0,18.0,11.688311688311687
GDN0007,Valsalva,10,10,10,5881,5881,6325,6325,6022,6017,6089,6092,898.0,898.0,66.81514476614699,66.81514476614699,67,75,134.0,150.0,,,16.0,16.0,10.666666666666668
GDN0007,Valsalva,11,11,11,6325,6325,6797,6797,6472,6466,6539,6552,970.0,970.0,61.855670103092784,61.855670103092784,67,86,134.0,172.0,,,38.0,38.0,22.093023255813954
GDN0007,Valsalva,12,12,12,6797,6797,7327,7327,6956,6951,7025,7026,1108.0,1108.0,54.15162454873646,54.15162454873646,69,75,138.0,150.0,,,12.0,12.0,8.0
GDN0007,Valsalva,13,13,13,7327,7327,7839,7839,7510,7505,7576,7575,978.0,978.0,61.34969325153374,61.34969325153374,66,70,132.0,140.0,,,8.0,8.0,5.714285714285714
GDN0007,Valsalva,14,14,14,7839,7839,8334,8334,7999,7994,8068,8068,998.0,998.0,60.120240480961925,60.120240480961925,69,74,138.0,148.0,,,10.0,10.0,6.756756756756757
GDN0007,Valsalva,15,15,15,8334,8334,8821,8821,8498,8493,8564,8573,960.0,960.0,62.5,62.5,66,80,132.0,160.0,,,28.0,28.0,17.5
GDN0007,Valsalva,16,16,16,8821,8821,9297,9297,8978,8973,9046,9047,948.0,948.0,63.29113924050633,63.29113924050633,68,74,136.0,148.0,,,12.0,12.0,8.108108108108109
GDN0007,Valsalva,17,17,17,9297,9297,9792,9792,9452,9447,9519,9529,1012.0,1012.0,59.28853754940712,59.28853754940712,67,82,134.0,164.0,,,30.0,30.0,18.29268292682927
GDN0007,Valsalva,18,18,18,9792,9792,10272,10272,9958,9952,10026,10028,932.0,932.0,64.37768240343347,64.37768240343347,68,76,136.0,152.0,,,16.0,16.0,10.526315789473683
GDN0007,Valsalva,19,19,19,10272,10272,10742,10742,10424,10419,10492,10490,946.0,946.0,63.42494714587738,63.42494714587738,68,71,136.0,142.0,,,6.0,6.0,4.225352112676056
GDN0007,Valsalva,20,20,20,10742,10742,11209,11209,10897,10892,10964,10973,926.0,926.0,64.79481641468682,64.79481641468682,67,81,134.0,162.0,,,28.0,28.0,17.28395061728395
GDN0007,Valsalva,21,21,21,11209,11209,11665,11665,11360,11354,11427,11422,906.0,906.0,66.2251655629139,66.2251655629139,67,68,134.0,136.0,,,2.0,2.0,1.4705882352941175
GDN0007,Valsalva,22,22,22,11665,11665,12105,12105,11813,11808,11877,11882,866.0,866.0,69.28406466512702,69.28406466512702,64,74,128.0,148.0,,,20.0,20.0,13.513513513513514
GDN0007,Valsalva,23,23,23,12105,12105,12538,12538,12246,12240,12315,12311,866.0,866.0,69.28406466512702,69.28406466512702,69,71,138.0,142.0,,,4.0,4.0,2.8169014084507045
GDN0007,Valsalva,24,24,24,12538,12538,12994,12994,12680,12674,12744,12755,934.0,934.0,64.23982869379014,64.23982869379014,64,81,128.0,162.0,,,34.0,34.0,20.98765432098765
GDN0007,Valsalva,25,25,25,12994,12994,13456,13456,13146,13141,13210,13209,920.0,920.0,65.21739130434783,65.21739130434783,64,68,128.0,136.0,,,8.0,8.0,5.88235294117647
GDN0007,Valsalva,26,26,26,13456,13456,13895,13895,13606,13600,13669,13665,856.0,856.0,70.09345794392523,70.09345794392523,63,65,126.0,130.0,,,4.0,4.0,3.076923076923077
GDN0007,Valsalva,27,27,27,13895,13895,14317,14317,14034,14029,14100,14099,836.0,836.0,71.77033492822967,71.77033492822967,66,70,132.0,140.0,,,8.0,8.0,5.714285714285714
GDN0007,Valsalva,28,28,28,14317,14317,14754,14754,14452,14447,14520,14517,896.0,896.0,66.96428571428571,66.96428571428571,68,70,136.0,140.0,,,4.0,4.0,2.857142857142857
GDN0007,Valsalva,30,30,30,15221,15221,15701,15701,15378,15372,15442,15441,964.0,964.0,62.24066390041494,62.24066390041494,64,69,128.0,138.0,,,10.0,10.0,7.246376811594203
GDN0007,Valsalva,31,31,31,15701,15701,16173,16172,15859,15853,15923,15925,932.0,932.0,64.37768240343347,64.37768240343347,64,72,128.0,144.0,,,16.0,16.0,11.11111111111111
GDN0007,Valsalva,32,32,32,16173,16172,16632,16632,16325,16320,16391,16381,910.0,910.0,65.93406593406593,65.93406593406593,66,61,132.0,122.0,,,-10.0,10.0,8.19672131147541
GDN0007,Valsalva,33,33,33,16632,16632,17115,17115,16780,16774,16848,16849,998.0,998.0,60.120240480961925,60.120240480961925,68,75,136.0,150.0,,,14.0,14.0,9.333333333333334
GDN0007,Valsalva,34,34,34,17115,17115,17625,17624,17280,17273,17345,17341,1032.0,1032.0,58.13953488372093,58.13953488372093,65,68,130.0,136.0,,,6.0,6.0,4.411764705882353
GDN0007,Valsalva,35,35,35,17625,17624,18134,18134,17795,17790,17863,17855,1010.0,1010.0,59.40594059405941,59.40594059405941,68,65,136.0,130.0,,,-6.0,6.0,4.615384615384616
GDN0007,Valsalva,36,36,36,18134,18134,18618,18618,18300,18295,18368,18365,944.0,944.0,63.55932203389831,63.55932203389831,68,70,136.0,140.0,,,4.0,4.0,2.857142857142857
GDN0007,Valsalva,37,37,37,18618,18618,19116,19115,18772,18766,18841,18846,1026.0,1026.0,58.47953216374269,58.47953216374269,69,80,138.0,160.0,,,22.0,22.0,13.750000000000002
GDN0007,Valsalva,38,38,38,19116,19115,19622,19622,19285,19278,19351,19362,1004.0,1004.0,59.7609561752988,59.7609561752988,66,84,132.0,168.0,,,36.0,36.0,21.428571428571427
GDN0007,Valsalva,39,39,39,19622,19622,20114,20114,19788,19782,19855,19858,972.0,972.0,61.7283950617284,61.7283950617284,67,76,134.0,152.0,,,18.0,18.0,11.842105263157894
GDN0007,Valsalva,40,40,40,20114,20114,20588,20588,20273,20268,20340,20336,936.0,936.0,64.1025641025641,64.1025641025641,67,68,134.0,136.0,,,2.0,2.0,1.4705882352941175
GDN0007,Valsalva,41,41,41,20588,20588,21071,21071,20741,20735,20808,20814,982.0,982.0,61.09979633401222,61.09979633401222,67,79,134.0,158.0,,,24.0,24.0,15.18987341772152
GDN0007,Valsalva,42,42,42,21071,21071,21576,21576,21232,21227,21299,21296,1026.0,1026.0,58.47953216374269,58.47953216374269,67,69,134.0,138.0,,,4.0,4.0,2.898550724637681
GDN0007,Valsalva,43,43,43,21576,21576,22093,22093,21745,21740,21812,21817,1038.0,1038.0,57.80346820809248,57.80346820809248,67,77,134.0,154.0,,,20.0,20.0,12.987012987012985
GDN0007,Valsalva,44,44,44,22093,22093,22581,22581,22264,22258,22330,22330,942.0,942.0,63.69426751592357,63.69426751592357,66,72,132.0,144.0,,,12.0,12.0,8.333333333333332
GDN0007,Valsalva,45,45,45,22581,22581,23065,23065,22735,22730,22805,22797,982.0,982.0,61.09979633401222,61.09979633401222,70,67,140.0,134.0,,,-6.0,6.0,4.477611940298507
GDN0007,Valsalva,46,46,46,23065,23065,23561,23561,23226,23220,23293,23296,996.0,996.0,60.24096385542169,60.24096385542169,67,76,134.0,152.0,,,18.0,18.0,11.842105263157894
GDN0007,Valsalva,47,47,47,23561,23561,24128,24128,23724,23719,23794,23791,1208.0,1208.0,49.66887417218543,49.66887417218543,70,72,140.0,144.0,,,4.0,4.0,2.7777777777777777
GDN0007,Valsalva,48,48,48,24128,24128,24679,24679,24328,24321,24394,24384,1046.0,1046.0,57.36137667304015,57.36137667304015,66,63,132.0,126.0,,,-6.0,6.0,4.761904761904762
GDN0007,Valsalva,49,49,49,24679,24679,25180,25180,24851,24845,24919,24908,980.0,980.0,61.224489795918366,61.224489795918366,68,63,136.0,126.0,,,-10.0,10.0,7.936507936507936
GDN0007,Valsalva,50,50,50,25180,25180,25673,25672,25341,25336,25408,25413,988.0,988.0,60.72874493927126,60.72874493927126,67,77,134.0,154.0,,,20.0,20.0,12.987012987012985
GDN0007,Valsalva,51,51,51,25673,25672,26153,26153,25835,25830,25905,25910,944.0,944.0,63.55932203389831,63.55932203389831,70,80,140.0,160.0,,,20.0,20.0,12.5
GDN0007,Valsalva,52,52,52,26153,26153,26640,26639,26307,26302,26374,26374,992.0,992.0,60.483870967741936,60.483870967741936,67,72,134.0,144.0,,,10.0,10.0,6.944444444444445
GDN0007,Valsalva,53,53,53,26640,26639,27264,27264,26803,26797,26870,26870,1386.0,1386.0,43.29004329004329,43.29004329004329,67,73,134.0,146.0,,,12.0,12.0,8.21917808219178
GDN0007,Valsalva,54,54,54,27264,27264,27895,27895,27496,27490,27563,27556,1194.0,1194.0,50.25125628140704,50.25125628140704,67,66,134.0,132.0,,,-2.0,2.0,1.5151515151515151
GDN0007,Valsalva,55,55,55,27895,27895,28432,28432,28093,28088,28161,28140,1008.0,1008.0,59.523809523809526,59.523809523809526,68,52,136.0,104.0,,,-32.0,32.0,30.76923076923077
GDN0007,Valsalva,56,56,56,28432,28432,29034,29034,28597,28592,28665,28670,1310.0,1310.0,45.80152671755725,45.80152671755725,68,78,136.0,156.0,,,20.0,20.0,12.82051282051282
GDN0007,Valsalva,57,57,57,29034,29034,29638,29638,29252,29247,29319,29301,1154.0,1154.0,51.99306759098787,51.99306759098787,67,54,134.0,108.0,,,-26.0,26.0,24.074074074074073
GDN0007,HoldingBreath,0,0,0,401,401,852,852,547,542,616,623,902.0,902.0,66.51884700665188,66.51884700665188,69,81,138.0,162.0,,,24.0,24.0,14.814814814814813
GDN0007,HoldingBreath,1,1,1,852,852,1369,1369,999,994,1069,1071,1106.0,1106.0,54.24954792043399,54.24954792043399,70,77,140.0,154.0,,,14.0,14.0,9.090909090909092
GDN0007,HoldingBreath,2,2,2,1369,1369,1976,1976,1552,1547,1619,1620,1270.0,1270.0,47.24409448818898,47.24409448818898,67,73,134.0,146.0,,,12.0,12.0,8.21917808219178
GDN0007,HoldingBreath,3,3,3,1976,1976,2517,2517,2187,2182,2253,2251,982.0,982.0,61.09979633401222,61.09979633401222,66,69,132.0,138.0,,,6.0,6.0,4.3478260869565215
GDN0007,HoldingBreath,4,4,4,2517,2517,3045,3045,2678,2673,2750,2758,1096.0,1096.0,54.74452554744525,54.74452554744525,72,85,144.0,170.0,,,26.0,26.0,15.294117647058824
GDN0007,HoldingBreath,5,5,5,3045,3045,3650,3650,3226,3220,3294,3294,1270.0,1270.0,47.24409448818898,47.24409448818898,68,74,136.0,148.0,,,12.0,12.0,8.108108108108109
GDN0007,HoldingBreath,6,6,6,3650,3650,4159,4159,3861,3856,3928,3932,884.0,884.0,67.87330316742081,67.87330316742081,67,76,134.0,152.0,,,18.0,18.0,11.842105263157894
GDN0007,HoldingBreath,7,7,7,4159,4159,4584,4584,4303,4297,4373,4370,832.0,832.0,72.11538461538461,72.11538461538461,70,73,140.0,146.0,,,6.0,6.0,4.10958904109589
GDN0007,HoldingBreath,8,8,8,4584,4584,4996,4996,4719,4713,4790,4794,818.0,818.0,73.34963325183375,73.34963325183375,71,81,142.0,162.0,,,20.0,20.0,12.345679012345679
GDN0007,HoldingBreath,9,9,9,4996,4996,5428,5428,5127,5122,5195,5193,890.0,890.0,67.41573033707866,67.41573033707866,68,71,136.0,142.0,,,6.0,6.0,4.225352112676056
GDN0007,HoldingBreath,10,10,10,5428,5428,6051,6051,5572,5567,5640,5646,1436.0,1436.0,41.78272980501393,41.78272980501393,68,79,136.0,158.0,,,22.0,22.0,13.924050632911392
GDN0007,HoldingBreath,11,11,11,6051,6051,6708,6708,6291,6286,6356,6338,1250.0,1250.0,48.0,48.0,65,52,130.0,104.0,,,-26.0,26.0,25.0
GDN0007,HoldingBreath,12,12,12,6708,6708,7246,7246,6916,6911,6979,6963,980.0,980.0,61.224489795918366,61.224489795918366,63,52,126.0,104.0,,,-22.0,22.0,21.153846153846153
GDN0007,HoldingBreath,13,13,13,7246,7246,7705,7705,7406,7401,7477,7478,886.0,886.0,67.72009029345372,67.72009029345372,71,77,142.0,154.0,,,12.0,12.0,7.792207792207792
GDN0007,HoldingBreath,14,14,14,7705,7705,8126,8126,7849,7844,7920,7917,820.0,820.0,73.17073170731707,73.17073170731707,71,73,142.0,146.0,,,4.0,4.0,2.73972602739726
GDN0007,HoldingBreath,15,15,15,8126,8126,8713,8713,8259,8254,8330,8335,1364.0,1364.0,43.988269794721404,43.988269794721404,71,81,142.0,162.0,,,20.0,20.0,12.345679012345679
GDN0007,HoldingBreath,16,16,16,8713,8713,9314,9314,8941,8936,9004,9002,1114.0,1114.0,53.85996409335726,53.85996409335726,63,66,126.0,132.0,,,6.0,6.0,4.545454545454546
GDN0007,HoldingBreath,17,17,17,9314,9314,9947,9947,9498,9493,9565,9555,1348.0,1348.0,44.510385756676556,44.510385756676556,67,62,134.0,124.0,,,-10.0,10.0,8.064516129032258
GDN0007,HoldingBreath,18,18,18,9947,9947,10498,10498,10172,10167,10237,10233,970.0,970.0,61.855670103092784,61.855670103092784,65,66,130.0,132.0,,,2.0,2.0,1.5151515151515151
GDN0007,HoldingBreath,19,19,19,10498,10498,11040,11040,10657,10652,10726,10726,1144.0,1144.0,52.447552447552454,52.447552447552454,69,74,138.0,148.0,,,10.0,10.0,6.756756756756757
GDN0007,HoldingBreath,20,20,20,11040,11040,11684,11684,11229,11223,11296,11283,1366.0,1366.0,43.92386530014641,43.92386530014641,67,60,134.0,120.0,,,-14.0,14.0,11.666666666666666
GDN0007,HoldingBreath,21,21,21,11684,11684,12248,12248,11912,11907,11976,11965,1000.0,1000.0,60.0,60.0,64,58,128.0,116.0,,,-12.0,12.0,10.344827586206897
GDN0007,HoldingBreath,22,22,22,12248,12248,12702,12702,12412,12407,12480,12494,860.0,860.0,69.76744186046511,69.76744186046511,68,87,136.0,174.0,,,38.0,38.0,21.839080459770116
GDN0007,HoldingBreath,23,23,23,12702,12702,13133,13133,12842,12836,12911,12918,862.0,862.0,69.60556844547564,69.60556844547564,69,82,138.0,164.0,,,26.0,26.0,15.853658536585366
GDN0007,HoldingBreath,24,24,24,13133,13133,13551,13551,13274,13268,13341,13341,822.0,822.0,72.99270072992701,72.99270072992701,67,73,134.0,146.0,,,12.0,12.0,8.21917808219178
GDN0007,HoldingBreath,25,25,25,13551,13551,13968,13968,13684,13679,13750,13744,840.0,840.0,71.42857142857143,71.42857142857143,66,65,132.0,130.0,,,-2.0,2.0,1.5384615384615385
GDN0007,HoldingBreath,26,26,26,13968,13968,14419,14419,14103,14098,14171,14174,934.0,934.0,64.23982869379014,64.23982869379014,68,76,136.0,152.0,,,16.0,16.0,10.526315789473683
GDN0007,HoldingBreath,27,27,27,14419,14419,15045,15045,14570,14565,14636,14643,1426.0,1426.0,42.0757363253857,42.0757363253857,66,78,132.0,156.0,,,24.0,24.0,15.384615384615385
GDN0007,HoldingBreath,28,28,28,15045,15045,15704,15704,15284,15279,15351,15337,1260.0,1260.0,47.61904761904762,47.61904761904762,67,58,134.0,116.0,,,-18.0,18.0,15.517241379310345
GDN0007,HoldingBreath,29,29,29,15704,15704,16334,16334,15914,15909,15980,15967,1258.0,1258.0,47.69475357710652,47.69475357710652,66,58,132.0,116.0,,,-16.0,16.0,13.793103448275861
GDN0007,HoldingBreath,30,30,30,16334,16334,16914,16914,16543,16538,16610,16604,1108.0,1108.0,54.15162454873646,54.15162454873646,67,66,134.0,132.0,,,-2.0,2.0,1.5151515151515151
GDN0007,HoldingBreath,31,31,31,16914,16914,17449,17449,17097,17092,17167,17173,1048.0,1048.0,57.25190839694656,57.25190839694656,70,81,140.0,162.0,,,22.0,22.0,13.580246913580247
GDN0007,HoldingBreath,32,32,32,17449,17449,17980,17980,17621,17615,17689,17686,1072.0,1072.0,55.97014925373134,55.97014925373134,68,71,136.0,142.0,,,6.0,6.0,4.225352112676056
GDN0007,HoldingBreath,33,33,33,17980,17980,18466,18466,18157,18152,18223,18225,918.0,918.0,65.359477124183,65.359477124183,66,73,132.0,146.0,,,14.0,14.0,9.58904109589041
GDN0007,HoldingBreath,34,34,34,18466,18466,18910,18910,18616,18611,18683,18688,872.0,872.0,68.80733944954129,68.80733944954129,67,77,134.0,154.0,,,20.0,20.0,12.987012987012985
GDN0007,HoldingBreath,35,35,35,18910,18910,19350,19350,19052,19047,19120,19123,882.0,882.0,68.02721088435374,68.02721088435374,68,76,136.0,152.0,,,16.0,16.0,10.526315789473683
GDN0007,HoldingBreath,36,36,36,19350,19350,19811,19811,19493,19487,19560,19564,944.0,944.0,63.55932203389831,63.55932203389831,67,77,134.0,154.0,,,20.0,20.0,12.987012987012985
GDN0007,HoldingBreath,37,37,37,19811,19811,20453,20453,19965,19960,20032,20036,1468.0,1468.0,40.87193460490463,40.87193460490463,67,76,134.0,152.0,,,18.0,18.0,11.842105263157894
GDN0007,HoldingBreath,38,38,38,20453,20453,21146,21146,20699,20693,20763,20744,1342.0,1342.0,44.70938897168405,44.70938897168405,64,51,128.0,102.0,,,-26.0,26.0,25.49019607843137
GDN0007,HoldingBreath,39,39,39,21146,21146,21733,21733,21369,21364,21434,21411,1082.0,1082.0,55.452865064695004,55.452865064695004,65,47,130.0,94.0,,,-36.0,36.0,38.297872340425535
GDN0007,HoldingBreath,40,40,40,21733,21733,22335,22335,21911,21906,21977,21976,1272.0,1272.0,47.16981132075472,47.16981132075472,66,70,132.0,140.0,,,8.0,8.0,5.714285714285714
GDN0007,HoldingBreath,41,41,41,22335,22335,22952,22952,22547,22542,22612,22617,1212.0,1212.0,49.504950495049506,49.504950495049506,65,75,130.0,150.0,,,20.0,20.0,13.333333333333334
GDN0007,HoldingBreath,42,42,42,22952,22952,23518,23518,23153,23148,23219,23228,1090.0,1090.0,55.04587155963302,55.04587155963302,66,80,132.0,160.0,,,28.0,28.0,17.5
GDN0007,HoldingBreath,43,43,43,23518,23518,24107,24107,23698,23693,23764,23760,1224.0,1224.0,49.01960784313726,49.01960784313726,66,67,132.0,134.0,,,2.0,2.0,1.4925373134328357
GDN0007,HoldingBreath,44,44,44,24107,24107,24688,24688,24310,24304,24375,24372,1130.0,1130.0,53.09734513274337,53.09734513274337,65,68,130.0,136.0,,,6.0,6.0,4.411764705882353
GDN0007,HoldingBreath,45,45,45,24688,24688,25221,25221,24875,24870,24941,24940,1032.0,1032.0,58.13953488372093,58.13953488372093,66,70,132.0,140.0,,,8.0,8.0,5.714285714285714
GDN0007,HoldingBreath,46,46,46,25221,25221,25719,25719,25391,25385,25456,25459,974.0,974.0,61.601642710472284,61.601642710472284,65,74,130.0,148.0,,,18.0,18.0,12.162162162162163
GDN0007,HoldingBreath,47,47,47,25719,25719,26191,26191,25878,25873,25946,25942,928.0,928.0,64.6551724137931,64.6551724137931,68,69,136.0,138.0,,,2.0,2.0,1.4492753623188406
GDN0007,HoldingBreath,48,48,48,26191,26191,26657,26657,26342,26336,26409,26403,934.0,934.0,64.23982869379014,64.23982869379014,67,67,134.0,134.0,,,0.0,0.0,0.0
GDN0007,HoldingBreath,49,49,49,26657,26657,27177,27177,26809,26804,26875,26880,1098.0,1098.0,54.64480874316939,54.64480874316939,66,76,132.0,152.0,,,20.0,20.0,13.157894736842104
GDN0007,HoldingBreath,50,50,50,27177,27177,27828,27828,27358,27353,27424,27414,1412.0,1412.0,42.492917847025495,42.492917847025495,66,61,132.0,122.0,,,-10.0,10.0,8.19672131147541
GDN0007,HoldingBreath,51,51,51,27828,27828,28448,28448,28064,28059,28128,28114,1148.0,1148.0,52.264808362369344,52.264808362369344,64,55,128.0,110.0,,,-18.0,18.0,16.363636363636363
GDN0007,HoldingBreath,52,52,52,28448,28448,28970,28970,28638,28632,28705,28686,988.0,988.0,60.72874493927126,60.72874493927126,67,54,134.0,108.0,,,-26.0,26.0,24.074074074074073
GDN0007,HoldingBreath,53,53,53,28970,28970,29469,29469,29132,29125,29199,29212,1004.0,1004.0,59.7609561752988,59.7609561752988,67,87,134.0,174.0,,,40.0,40.0,22.988505747126435
GDN0007,HoldingBreath,54,54,54,29469,29469,29971,29970,29634,29628,29701,29705,,,,,67,77,134.0,154.0,,,20.0,20.0,12.987012987012985
GDN0007,TiltUp,0,0,0,388,388,972,972,580,575,650,651,1168.0,1168.0,51.369863013698634,51.369863013698634,70,76,140.0,152.0,,,12.0,12.0,7.894736842105263
GDN0007,TiltUp,1,1,1,972,972,1565,1565,1165,1159,1229,1237,1196.0,1196.0,50.16722408026756,50.16722408026756,64,78,128.0,156.0,,,28.0,28.0,17.94871794871795
GDN0007,TiltUp,2,2,2,1565,1565,2116,2116,1764,1758,1829,1836,1052.0,1052.0,57.03422053231939,57.03422053231939,65,78,130.0,156.0,,,26.0,26.0,16.666666666666664
GDN0007,TiltUp,3,3,3,2116,2116,2614,2614,2290,2284,2361,2361,966.0,966.0,62.11180124223603,62.11180124223603,71,77,142.0,154.0,,,12.0,12.0,7.792207792207792
GDN0007,TiltUp,4,4,4,2614,2614,3067,3067,2773,2767,2843,2850,874.0,874.0,68.64988558352402,68.64988558352402,70,83,140.0,166.0,,,26.0,26.0,15.66265060240964
GDN0007,TiltUp,5,5,5,3067,3067,3478,3478,3210,3204,3280,3282,794.0,794.0,75.56675062972292,75.56675062972292,70,78,140.0,156.0,,,16.0,16.0,10.256410256410255
GDN0007,TiltUp,6,6,6,3478,3478,3857,3857,3607,3600,3679,3673,738.0,738.0,81.30081300813008,81.30081300813008,72,73,144.0,146.0,,,2.0,2.0,1.36986301369863
GDN0007,TiltUp,7,7,7,3857,3857,4216,4216,3976,3970,4050,4046,708.0,708.0,84.74576271186442,84.74576271186442,74,76,148.0,152.0,,,4.0,4.0,2.631578947368421
GDN0007,TiltUp,8,8,8,4216,4216,4572,4572,4330,4324,4401,4399,714.0,714.0,84.03361344537815,84.03361344537815,71,75,142.0,150.0,,,8.0,8.0,5.333333333333334
GDN0007,TiltUp,9,9,9,4572,4572,4943,4943,4687,4681,4756,4764,758.0,758.0,79.15567282321899,79.15567282321899,69,83,138.0,166.0,,,28.0,28.0,16.867469879518072
GDN0007,TiltUp,10,10,10,4943,4943,5357,5357,5065,5059,5131,5132,864.0,864.0,69.44444444444444,69.44444444444444,66,73,132.0,146.0,,,14.0,14.0,9.58904109589041
GDN0007,TiltUp,11,11,11,5357,5357,5800,5800,5497,5492,5564,5570,900.0,900.0,66.66666666666667,66.66666666666667,67,78,134.0,156.0,,,22.0,22.0,14.102564102564102
GDN0007,TiltUp,12,12,12,5800,5800,6269,6269,5948,5943,6017,6017,958.0,958.0,62.63048016701462,62.63048016701462,69,74,138.0,148.0,,,10.0,10.0,6.756756756756757
GDN0007,TiltUp,13,13,13,6269,6269,6731,6731,6427,6421,6494,6497,904.0,904.0,66.3716814159292,66.3716814159292,67,76,134.0,152.0,,,18.0,18.0,11.842105263157894
GDN0007,TiltUp,14,14,14,6731,6731,7168,7168,6879,6873,6947,6955,860.0,860.0,69.76744186046511,69.76744186046511,68,82,136.0,164.0,,,28.0,28.0,17.073170731707318
GDN0007,TiltUp,15,15,15,7168,7168,7586,7586,7309,7303,7378,7383,820.0,820.0,73.17073170731707,73.17073170731707,69,80,138.0,160.0,,,22.0,22.0,13.750000000000002
GDN0007,TiltUp,16,16,16,7586,7586,7992,7992,7720,7713,7788,7796,808.0,808.0,74.25742574257426,74.25742574257426,68,83,136.0,166.0,,,30.0,30.0,18.072289156626507
GDN0007,TiltUp,17,17,17,7992,7992,8394,8394,8123,8117,8195,8189,802.0,802.0,74.81296758104737,74.81296758104737,72,72,144.0,144.0,,,0.0,0.0,0.0
GDN0007,TiltUp,18,18,18,8394,8394,8794,8794,8524,8518,8591,8595,800.0,800.0,75.0,75.0,67,77,134.0,154.0,,,20.0,20.0,12.987012987012985
GDN0007,TiltUp,19,19,19,8794,8794,9193,9193,8925,8918,8993,8994,796.0,796.0,75.37688442211055,75.37688442211055,68,76,136.0,152.0,,,16.0,16.0,10.526315789473683
GDN0007,TiltUp,20,20,20,9193,9193,9610,9610,9322,9316,9390,9393,854.0,854.0,70.2576112412178,70.2576112412178,68,77,136.0,154.0,,,18.0,18.0,11.688311688311687
GDN0007,TiltUp,21,21,21,9610,9610,10029,10029,9749,9742,9819,9819,832.0,832.0,72.11538461538461,72.11538461538461,70,77,140.0,154.0,,,14.0,14.0,9.090909090909092
GDN0007,TiltUp,22,22,22,10029,10029,10434,10434,10164,10158,10237,10245,798.0,798.0,75.18796992481202,75.18796992481202,73,87,146.0,174.0,,,28.0,28.0,16.091954022988507
GDN0007,TiltUp,23,23,23,10434,10434,10828,10828,10563,10557,10632,10633,780.0,780.0,76.92307692307692,76.92307692307692,69,76,138.0,152.0,,,14.0,14.0,9.210526315789473
GDN0007,TiltUp,24,24,24,10828,10828,11212,11212,10953,10947,11025,11029,764.0,764.0,78.53403141361257,78.53403141361257,72,82,144.0,164.0,,,20.0,20.0,12.195121951219512
GDN0007,TiltUp,25,25,25,11212,11212,11605,11605,11335,11329,11409,11408,796.0,796.0,75.37688442211055,75.37688442211055,74,79,148.0,158.0,,,10.0,10.0,6.329113924050633
GDN0007,TiltUp,26,26,26,11605,11605,12016,12016,11733,11728,11801,11815,838.0,838.0,71.59904534606206,71.59904534606206,68,87,136.0,174.0,,,38.0,38.0,21.839080459770116
GDN0007,TiltUp,27,27,27,12016,12016,12440,12440,12152,12146,12221,12214,852.0,852.0,70.4225352112676,70.4225352112676,69,68,138.0,136.0,,,-2.0,2.0,1.4705882352941175
GDN0007,TiltUp,28,28,28,12440,12440,12852,12852,12578,12572,12646,12652,810.0,810.0,74.07407407407408,74.07407407407408,68,80,136.0,160.0,,,24.0,24.0,15.0
GDN0007,TiltUp,29,29,29,12852,12852,13244,13244,12984,12978,13055,13057,770.0,770.0,77.92207792207792,77.92207792207792,71,79,142.0,158.0,,,16.0,16.0,10.126582278481013
GDN0007,TiltUp,30,30,30,13244,13244,13623,13623,13370,13363,13441,13440,750.0,750.0,80.0,80.0,71,77,142.0,154.0,,,12.0,12.0,7.792207792207792
GDN0007,TiltUp,31,31,31,13623,13623,13991,13991,13745,13738,13813,13813,728.0,728.0,82.41758241758242,82.41758241758242,68,75,136.0,150.0,,,14.0,14.0,9.333333333333334
GDN0007,TiltUp,32,32,32,13991,13991,14346,14346,14109,14103,14177,14182,702.0,702.0,85.47008547008548,85.47008547008548,68,79,136.0,158.0,,,22.0,22.0,13.924050632911392
GDN0007,TiltUp,33,33,33,14346,14346,14694,14694,14460,14454,14527,14530,692.0,692.0,86.70520231213874,86.70520231213874,67,76,134.0,152.0,,,18.0,18.0,11.842105263157894
GDN0007,TiltUp,34,34,34,14694,14694,15043,15043,14806,14800,14875,14879,702.0,702.0,85.47008547008548,85.47008547008548,69,79,138.0,158.0,,,20.0,20.0,12.658227848101266
GDN0007,TiltUp,35,35,35,15043,15043,15401,15401,15157,15151,15227,15229,722.0,722.0,83.10249307479225,83.10249307479225,70,78,140.0,156.0,,,16.0,16.0,10.256410256410255
GDN0007,TiltUp,36,36,36,15401,15401,15775,15775,15517,15511,15585,15596,764.0,764.0,78.53403141361257,78.53403141361257,68,85,136.0,170.0,,,34.0,34.0,20.0
GDN0007,TiltUp,37,37,37,15775,15775,16177,16177,15899,15893,15968,15971,824.0,824.0,72.81553398058253,72.81553398058253,69,78,138.0,156.0,,,18.0,18.0,11.538461538461538
GDN0007,TiltUp,38,38,38,16177,16177,16599,16599,16310,16305,16380,16377,854.0,854.0,70.2576112412178,70.2576112412178,70,72,140.0,144.0,,,4.0,4.0,2.7777777777777777
GDN0007,TiltUp,39,39,39,16599,16599,17059,17059,16737,16732,16810,16804,956.0,956.0,62.761506276150634,62.761506276150634,73,72,146.0,144.0,,,-2.0,2.0,1.3888888888888888
GDN0007,TiltUp,40,40,40,17059,17059,17580,17580,17215,17209,17288,17288,1088.0,1088.0,55.147058823529406,55.147058823529406,73,79,146.0,158.0,,,12.0,12.0,7.59493670886076
GDN0007,TiltUp,41,41,41,17580,17580,18086,18086,17760,17754,17826,17828,972.0,972.0,61.7283950617284,61.7283950617284,66,74,132.0,148.0,,,16.0,16.0,10.81081081081081
GDN0007,TiltUp,42,42,42,18086,18086,18552,18552,18246,18240,18317,18325,910.0,910.0,65.93406593406593,65.93406593406593,71,85,142.0,170.0,,,28.0,28.0,16.470588235294116
GDN0007,TiltUp,43,43,43,18552,18552,18992,18992,18701,18695,18771,18776,866.0,866.0,69.28406466512702,69.28406466512702,70,81,140.0,162.0,,,22.0,22.0,13.580246913580247
GDN0007,TiltUp,44,44,44,18992,18992,19420,19420,19134,19128,19206,19202,850.0,850.0,70.58823529411765,70.58823529411765,72,74,144.0,148.0,,,4.0,4.0,2.7027027027027026
GDN0007,TiltUp,45,45,45,19420,19420,19829,19829,19558,19552,19628,19633,800.0,800.0,75.0,75.0,70,81,140.0,162.0,,,22.0,22.0,13.580246913580247
GDN0007,TiltUp,46,46,46,19829,19829,20218,20218,19959,19953,20030,20029,766.0,766.0,78.32898172323759,78.32898172323759,71,76,142.0,152.0,,,10.0,10.0,6.578947368421052
GDN0007,TiltUp,47,47,47,20218,20218,20589,20589,20341,20335,20413,20406,728.0,728.0,82.41758241758242,82.41758241758242,72,71,144.0,142.0,,,-2.0,2.0,1.4084507042253522
GDN0007,TiltUp,48,48,48,20589,20589,20951,20951,20705,20699,20775,20771,722.0,722.0,83.10249307479225,83.10249307479225,70,72,140.0,144.0,,,4.0,4.0,2.7777777777777777
GDN0007,TiltUp,49,49,49,20951,20951,21321,21321,21066,21061,21137,21133,752.0,752.0,79.7872340425532,79.7872340425532,71,72,142.0,144.0,,,2.0,2.0,1.3888888888888888
GDN0007,TiltUp,50,50,50,21321,21321,21745,21745,21441,21436,21512,21510,898.0,898.0,66.81514476614699,66.81514476614699,71,74,142.0,148.0,,,6.0,6.0,4.054054054054054
GDN0007,TiltUp,51,51,51,21745,21745,22227,22227,21890,21885,21957,21965,1000.0,1000.0,60.0,60.0,67,80,134.0,160.0,,,26.0,26.0,16.25
GDN0007,TiltUp,52,52,52,22227,22227,22718,22717,22391,22385,22458,22462,972.0,972.0,61.7283950617284,61.7283950617284,67,77,134.0,154.0,,,20.0,20.0,12.987012987012985
GDN0007,TiltUp,53,53,53,22718,22717,23210,23210,22878,22871,22949,22938,990.0,990.0,60.60606060606061,60.60606060606061,71,67,142.0,134.0,,,-8.0,8.0,5.970149253731343
GDN0007,TiltUp,54,54,54,23210,23210,23687,23687,23373,23366,23444,23448,936.0,936.0,64.1025641025641,64.1025641025641,71,82,142.0,164.0,,,22.0,22.0,13.414634146341465
GDN0007,TiltUp,55,55,55,23687,23687,24135,24135,23841,23835,23912,23914,874.0,874.0,68.64988558352402,68.64988558352402,71,79,142.0,158.0,,,16.0,16.0,10.126582278481013
GDN0007,TiltUp,56,56,56,24135,24135,24559,24558,24278,24272,24349,24354,834.0,834.0,71.94244604316548,71.94244604316548,71,82,142.0,164.0,,,22.0,22.0,13.414634146341465
GDN0007,TiltUp,57,57,57,24559,24558,24970,24970,24695,24688,24766,24774,816.0,816.0,73.52941176470588,73.52941176470588,71,86,142.0,172.0,,,30.0,30.0,17.441860465116278
GDN0007,TiltUp,58,58,58,24970,24970,25371,25371,25104,25097,25171,25174,794.0,794.0,75.56675062972292,75.56675062972292,67,77,134.0,154.0,,,20.0,20.0,12.987012987012985
GDN0007,TiltUp,59,59,59,25371,25371,25766,25765,25501,25494,25573,25579,788.0,788.0,76.14213197969544,76.14213197969544,72,85,144.0,170.0,,,26.0,26.0,15.294117647058824
GDN0007,TiltUp,60,60,60,25766,25765,26168,26168,25894,25888,25963,25971,812.0,812.0,73.89162561576354,73.89162561576354,69,83,138.0,166.0,,,28.0,28.0,16.867469879518072
GDN0007,TiltUp,61,61,61,26168,26168,26579,26579,26300,26294,26368,26366,828.0,828.0,72.46376811594203,72.46376811594203,68,72,136.0,144.0,,,8.0,8.0,5.555555555555555
GDN0007,TiltUp,62,62,62,26579,26579,26972,26972,26714,26707,26785,26782,764.0,764.0,78.53403141361257,78.53403141361257,71,75,142.0,150.0,,,8.0,8.0,5.333333333333334
GDN0007,TiltUp,63,63,63,26972,26972,27381,27381,27097,27090,27173,27169,846.0,846.0,70.92198581560284,70.92198581560284,76,79,152.0,158.0,,,6.0,6.0,3.79746835443038
GDN0007,TiltUp,64,64,64,27381,27381,27808,27808,27519,27513,27590,27592,860.0,860.0,69.76744186046511,69.76744186046511,71,79,142.0,158.0,,,16.0,16.0,10.126582278481013
GDN0007,TiltUp,65,65,65,27808,27808,28244,28244,27948,27942,28023,28013,878.0,878.0,68.3371298405467,68.3371298405467,75,71,150.0,142.0,,,-8.0,8.0,5.633802816901409
GDN0007,TiltUp,66,66,66,28244,28244,28670,28670,28386,28381,28462,28458,836.0,836.0,71.77033492822967,71.77033492822967,76,77,152.0,154.0,,,2.0,2.0,1.2987012987012987
GDN0007,TiltUp,67,67,67,28670,28670,29077,29077,28804,28799,28878,28888,802.0,802.0,74.81296758104737,74.81296758104737,74,89,148.0,178.0,,,30.0,30.0,16.853932584269664
GDN0007,TiltUp,68,68,68,29077,29077,29482,29482,29205,29200,29279,29283,816.0,816.0,73.52941176470588,73.52941176470588,74,83,148.0,166.0,,,18.0,18.0,10.843373493975903
GDN0007,TiltUp,69,69,69,29482,29482,29838,29838,29614,29608,29682,29696,654.0,654.0,91.74311926605505,91.74311926605505,68,88,136.0,176.0,,,40.0,40.0,22.727272727272727
GDN0007,TiltLevel,0,0,0,156,156,584,584,294,289,360,340,856.0,856.0,70.09345794392523,70.09345794392523,66,51,132.0,102.0,,,-30.0,30.0,29.411764705882355
GDN0007,TiltLevel,1,1,1,584,584,1004,1004,723,718,793,795,832.0,832.0,72.11538461538461,72.11538461538461,70,77,140.0,154.0,,,14.0,14.0,9.090909090909092
GDN0007,TiltLevel,2,2,2,1004,1004,1488,1488,1139,1133,1207,1201,1040.0,1040.0,57.69230769230769,57.69230769230769,68,68,136.0,136.0,,,0.0,0.0,0.0
GDN0007,TiltLevel,3,3,3,1488,1488,1979,1979,1659,1654,1723,1728,950.0,950.0,63.15789473684211,63.15789473684211,64,74,128.0,148.0,,,20.0,20.0,13.513513513513514
GDN0007,TiltLevel,4,4,4,1979,1979,2443,2443,2134,2129,2202,2197,916.0,916.0,65.50218340611353,65.50218340611353,68,68,136.0,136.0,,,0.0,0.0,0.0
GDN0007,TiltLevel,5,5,5,2443,2443,2936,2936,2592,2586,2658,2657,1026.0,1026.0,58.47953216374269,58.47953216374269,66,71,132.0,142.0,,,10.0,10.0,7.042253521126761
GDN0007,TiltLevel,7,7,7,3564,3564,4166,4166,3795,3790,3859,3834,1108.0,1108.0,54.15162454873646,54.15162454873646,64,44,128.0,88.0,,,-40.0,40.0,45.45454545454545
GDN0007,TiltLevel,8,8,8,4166,4166,4696,4696,4349,4344,4413,4409,1034.0,1034.0,58.027079303675045,58.027079303675045,64,65,128.0,130.0,,,2.0,2.0,1.5384615384615385
GDN0007,TiltLevel,9,9,9,4696,4696,5175,5175,4866,4861,4930,4932,918.0,918.0,65.359477124183,65.359477124183,64,71,128.0,142.0,,,14.0,14.0,9.859154929577464
GDN0007,TiltLevel,10,10,10,5175,5175,5645,5645,5325,5320,5392,5387,952.0,952.0,63.02521008403362,63.02521008403362,67,67,134.0,134.0,,,0.0,0.0,0.0
GDN0007,TiltLevel,11,11,11,5645,5645,6114,6114,5801,5796,5870,5871,930.0,930.0,64.51612903225806,64.51612903225806,69,75,138.0,150.0,,,12.0,12.0,8.0
GDN0007,TiltLevel,12,12,12,6114,6114,6573,6573,6266,6261,6336,6328,912.0,912.0,65.78947368421052,65.78947368421052,70,67,140.0,134.0,,,-6.0,6.0,4.477611940298507
GDN0007,TiltLevel,13,13,13,6573,6573,7111,7111,6722,6716,6789,6794,1162.0,1162.0,51.63511187607573,51.63511187607573,67,78,134.0,156.0,,,22.0,22.0,14.102564102564102
GDN0007,TiltLevel,14,14,14,7111,7111,7774,7774,7303,7298,7366,7365,1416.0,1416.0,42.37288135593221,42.37288135593221,63,67,126.0,134.0,,,8.0,8.0,5.970149253731343
GDN0007,TiltLevel,15,15,15,7774,7774,8379,8379,8011,8006,8074,8051,1098.0,1098.0,54.64480874316939,54.64480874316939,63,45,126.0,90.0,,,-36.0,36.0,40.0
GDN0007,TiltLevel,16,16,16,8379,8379,8889,8889,8560,8555,8626,8628,978.0,978.0,61.34969325153374,61.34969325153374,66,73,132.0,146.0,,,14.0,14.0,9.58904109589041
GDN0007,TiltLevel,17,17,17,8889,8889,9378,9378,9049,9044,9118,9120,980.0,980.0,61.224489795918366,61.224489795918366,69,76,138.0,152.0,,,14.0,14.0,9.210526315789473
GDN0007,TiltLevel,18,18,18,9378,9378,9868,9868,9539,9534,9604,9610,980.0,980.0,61.224489795918366,61.224489795918366,65,76,130.0,152.0,,,22.0,22.0,14.473684210526317
GDN0007,TiltLevel,19,19,19,9868,9868,10341,10341,10029,10024,10097,10090,926.0,926.0,64.79481641468682,64.79481641468682,68,66,136.0,132.0,,,-4.0,4.0,3.0303030303030303
GDN0007,TiltLevel,20,20,20,10341,10341,10815,10815,10492,10486,10559,10562,960.0,960.0,62.5,62.5,67,76,134.0,152.0,,,18.0,18.0,11.842105263157894
GDN0007,TiltLevel,21,21,21,10815,10815,11294,11294,10972,10967,11039,11041,956.0,956.0,62.761506276150634,62.761506276150634,67,74,134.0,148.0,,,14.0,14.0,9.45945945945946
GDN0007,TiltLevel,22,22,22,11294,11294,11755,11755,11449,11443,11516,11524,906.0,906.0,66.2251655629139,66.2251655629139,67,81,134.0,162.0,,,28.0,28.0,17.28395061728395
GDN0007,TiltLevel,23,23,23,11755,11755,12202,12202,11903,11897,11969,11967,886.0,886.0,67.72009029345372,67.72009029345372,66,70,132.0,140.0,,,8.0,8.0,5.714285714285714
GDN0007,TiltLevel,24,24,24,12202,12202,12648,12647,12345,12340,12410,12414,894.0,894.0,67.11409395973155,67.11409395973155,65,74,130.0,148.0,,,18.0,18.0,12.162162162162163
GDN0007,TiltLevel,25,25,25,12648,12647,13145,13145,12792,12787,12860,12865,1050.0,1050.0,57.14285714285714,57.14285714285714,68,78,136.0,156.0,,,20.0,20.0,12.82051282051282
GDN0007,TiltLevel,26,26,26,13145,13145,13772,13772,13318,13313,13384,13382,1362.0,1362.0,44.052863436123346,44.052863436123346,66,69,132.0,138.0,,,6.0,6.0,4.3478260869565215
GDN0007,TiltLevel,27,27,27,13772,13772,14294,14294,13999,13994,14060,14051,874.0,874.0,68.64988558352402,68.64988558352402,61,57,122.0,114.0,,,-8.0,8.0,7.017543859649122
GDN0007,TiltLevel,28,28,28,14294,14294,14741,14741,14436,14430,14504,14501,904.0,904.0,66.3716814159292,66.3716814159292,68,71,136.0,142.0,,,6.0,6.0,4.225352112676056
GDN0007,TiltLevel,29,29,29,14741,14741,15204,15204,14888,14883,14957,14960,940.0,940.0,63.829787234042556,63.829787234042556,69,77,138.0,154.0,,,16.0,16.0,10.38961038961039
GDN0007,TiltLevel,30,30,30,15204,15204,15662,15662,15358,15353,15425,15414,902.0,902.0,66.51884700665188,66.51884700665188,67,61,134.0,122.0,,,-12.0,12.0,9.836065573770492
GDN0007,TiltLevel,31,31,31,15662,15662,16161,16161,15809,15804,15875,15888,1048.0,1048.0,57.25190839694656,57.25190839694656,66,84,132.0,168.0,,,36.0,36.0,21.428571428571427
GDN0007,TiltLevel,32,32,32,16161,16161,16726,16726,16333,16328,16398,16393,1174.0,1174.0,51.107325383304946,51.107325383304946,65,65,130.0,130.0,,,0.0,0.0,0.0
GDN0007,TiltLevel,33,33,33,16726,16726,17324,17324,16920,16914,16983,16982,1208.0,1208.0,49.66887417218543,49.66887417218543,63,68,126.0,136.0,,,10.0,10.0,7.352941176470589
GDN0007,TiltLevel,34,34,34,17324,17324,17839,17839,17523,17518,17586,17583,934.0,934.0,64.23982869379014,64.23982869379014,63,65,126.0,130.0,,,4.0,4.0,3.076923076923077
GDN0007,TiltLevel,35,35,35,17839,17839,18300,18300,17991,17985,18060,18070,918.0,918.0,65.359477124183,65.359477124183,69,85,138.0,170.0,,,32.0,32.0,18.823529411764707
GDN0007,TiltLevel,36,36,36,18300,18300,18776,18776,18450,18444,18517,18518,970.0,970.0,61.855670103092784,61.855670103092784,67,74,134.0,148.0,,,14.0,14.0,9.45945945945946
GDN0007,TiltLevel,37,37,37,18776,18776,19246,19246,18935,18929,19001,18995,924.0,924.0,64.93506493506493,64.93506493506493,66,66,132.0,132.0,,,0.0,0.0,0.0
GDN0007,TiltLevel,38,38,38,19246,19246,19717,19717,19397,19392,19463,19466,950.0,950.0,63.15789473684211,63.15789473684211,66,74,132.0,148.0,,,16.0,16.0,10.81081081081081
GDN0007,TiltLevel,39,39,39,19717,19717,20232,20232,19872,19867,19939,19948,1074.0,1074.0,55.865921787709496,55.865921787709496,67,81,134.0,162.0,,,28.0,28.0,17.28395061728395
GDN0007,TiltLevel,41,41,41,20772,20772,21271,21271,20951,20946,21015,21011,952.0,952.0,63.02521008403362,63.02521008403362,64,65,128.0,130.0,,,2.0,2.0,1.5384615384615385
GDN0007,TiltLevel,42,42,42,21271,21271,21757,21757,21427,21421,21494,21487,982.0,982.0,61.09979633401222,61.09979633401222,67,66,134.0,132.0,,,-2.0,2.0,1.5151515151515151
GDN0007,TiltLevel,43,43,43,21757,21757,22385,22385,21917,21912,21980,21995,1404.0,1404.0,42.73504273504274,42.73504273504274,63,83,126.0,166.0,,,40.0,40.0,24.096385542168676
GDN0007,TiltLevel,44,44,44,22385,22385,22952,22952,22620,22614,22682,22658,988.0,988.0,60.72874493927126,60.72874493927126,62,44,124.0,88.0,,,-36.0,36.0,40.909090909090914
GDN0007,TiltLevel,45,45,45,22952,22952,23412,23412,23114,23109,23182,23182,884.0,884.0,67.87330316742081,67.87330316742081,68,73,136.0,146.0,,,10.0,10.0,6.8493150684931505
GDN0007,TiltLevel,46,46,46,23412,23412,23866,23866,23555,23550,23623,23628,920.0,920.0,65.21739130434783,65.21739130434783,68,78,136.0,156.0,,,20.0,20.0,12.82051282051282
GDN0007,TiltLevel,47,47,47,23866,23866,24430,24430,24016,24011,24084,24082,1240.0,1240.0,48.38709677419355,48.38709677419355,68,71,136.0,142.0,,,6.0,6.0,4.225352112676056
GDN0007,TiltLevel,48,48,48,24430,24430,25085,25085,24636,24631,24699,24670,1348.0,1348.0,44.510385756676556,44.510385756676556,63,39,126.0,78.0,,,-48.0,48.0,61.53846153846154
GDN0007,TiltLevel,50,50,50,25613,25613,26098,26098,25759,25754,25829,25841,1008.0,1008.0,59.523809523809526,59.523809523809526,70,87,140.0,174.0,,,34.0,34.0,19.54022988505747
GDN0007,TiltLevel,51,51,51,26098,26098,26613,26613,26263,26257,26330,26321,1042.0,1042.0,57.58157389635316,57.58157389635316,67,64,134.0,128.0,,,-6.0,6.0,4.6875
GDN0007,TiltLevel,52,52,52,26613,26613,27130,27130,26784,26778,26850,26862,1030.0,1030.0,58.252427184466015,58.252427184466015,66,84,132.0,168.0,,,36.0,36.0,21.428571428571427
GDN0007,TiltLevel,53,53,53,27130,27130,27643,27643,27299,27294,27366,27369,1026.0,1026.0,58.47953216374269,58.47953216374269,67,75,134.0,150.0,,,16.0,16.0,10.666666666666668
GDN0007,TiltLevel,54,54,54,27643,27643,28284,28284,27812,27806,27881,27877,1420.0,1420.0,42.25352112676057,42.25352112676057,69,71,138.0,142.0,,,4.0,4.0,2.8169014084507045
GDN0007,TiltLevel,55,55,55,28284,28284,28959,28959,28522,28517,28585,28558,1310.0,1310.0,45.80152671755725,45.80152671755725,63,41,126.0,82.0,,,-44.0,44.0,53.65853658536586
GDN0007,TiltLevel,56,56,56,28959,28959,29491,29491,29176,29171,29241,29244,932.0,932.0,64.37768240343347,64.37768240343347,65,73,130.0,146.0,,,16.0,16.0,10.95890410958904
GDN0007,TiltLevel,57,57,57,29491,29491,29957,29957,29643,29638,29713,29719,,,,,70,81,140.0,162.0,,,22.0,22.0,13.580246913580247
GDN0008,Pause,0,0,0,176,176,683,683,339,335,414,406,1014.0,1014.0,59.171597633136095,59.171597633136095,75,71,150.0,142.0,,,-8.0,8.0,5.633802816901409
GDN0008,Pause,1,1,1,683,683,1216,1216,847,842,918,912,1096.0,1096.0,54.74452554744525,54.74452554744525,71,70,142.0,140.0,,,-2.0,2.0,1.4285714285714286
GDN0008,Pause,2,2,2,1216,1216,1747,1747,1394,1389,1465,1461,1042.0,1042.0,57.58157389635316,57.58157389635316,71,72,142.0,144.0,,,2.0,2.0,1.3888888888888888
GDN0008,Pause,3,3,3,1747,1747,2246,2246,1915,1910,1988,1982,974.0,974.0,61.601642710472284,61.601642710472284,73,72,146.0,144.0,,,-2.0,2.0,1.3888888888888888
GDN0008,Pause,4,4,4,2246,2246,2759,2759,2402,2398,2476,2477,1056.0,1056.0,56.81818181818181,56.81818181818181,74,79,148.0,158.0,,,10.0,10.0,6.329113924050633
GDN0008,Pause,5,5,5,2759,2759,3279,3279,2930,2925,3001,3002,1030.0,1030.0,58.252427184466015,58.252427184466015,71,77,142.0,154.0,,,12.0,12.0,7.792207792207792
GDN0008,Pause,6,6,6,3279,3279,3788,3788,3446,3441,3520,3524,1012.0,1012.0,59.28853754940712,59.28853754940712,74,83,148.0,166.0,,,18.0,18.0,10.843373493975903
GDN0008,Pause,7,7,7,3788,3788,4329,4329,3951,3947,4026,4031,1120.0,1120.0,53.57142857142857,53.57142857142857,75,84,150.0,168.0,,,18.0,18.0,10.714285714285714
GDN0008,Pause,8,8,8,4329,4329,4874,4874,4511,4506,4590,4588,1074.0,1074.0,55.865921787709496,55.865921787709496,79,82,158.0,164.0,,,6.0,6.0,3.6585365853658534
GDN0008,Pause,9,9,9,4874,4874,5398,5398,5049,5044,5125,5127,1034.0,1034.0,58.027079303675045,58.027079303675045,76,83,152.0,166.0,,,14.0,14.0,8.433734939759036
GDN0008,Pause,10,10,10,5398,5398,5937,5937,5565,5560,5639,5640,1102.0,1102.0,54.44646098003629,54.44646098003629,74,80,148.0,160.0,,,12.0,12.0,7.5
GDN0008,Pause,11,11,11,5937,5937,6474,6474,6116,6111,6194,6196,1058.0,1058.0,56.71077504725898,56.71077504725898,78,85,156.0,170.0,,,14.0,14.0,8.235294117647058
GDN0008,Pause,12,12,12,6474,6474,6990,6990,6645,6640,6722,6725,1018.0,1018.0,58.93909626719057,58.93909626719057,77,85,154.0,170.0,,,16.0,16.0,9.411764705882353
GDN0008,Pause,13,13,13,6990,6990,7531,7531,7154,7149,7227,7233,1118.0,1118.0,53.66726296958855,53.66726296958855,73,84,146.0,168.0,,,22.0,22.0,13.095238095238097
GDN0008,Pause,14,14,14,7531,7531,8088,8088,7713,7708,7785,7788,1110.0,1110.0,54.05405405405405,54.05405405405405,72,80,144.0,160.0,,,16.0,16.0,10.0
GDN0008,Pause,15,15,15,8088,8088,8613,8613,8267,8263,8344,8345,1018.0,1018.0,58.93909626719057,58.93909626719057,77,82,154.0,164.0,,,10.0,10.0,6.097560975609756
GDN0008,Pause,16,16,16,8613,8613,9113,9113,8778,8773,8850,8853,992.0,992.0,60.483870967741936,60.483870967741936,72,80,144.0,160.0,,,16.0,16.0,10.0
GDN0008,Pause,17,17,17,9113,9113,9598,9598,9273,9269,9346,9352,956.0,956.0,62.761506276150634,62.761506276150634,73,83,146.0,166.0,,,20.0,20.0,12.048192771084338
GDN0008,Pause,18,18,18,9598,9598,10087,10087,9751,9746,9824,9830,990.0,990.0,60.60606060606061,60.60606060606061,73,84,146.0,168.0,,,22.0,22.0,13.095238095238097
GDN0008,Pause,19,19,19,10087,10087,10608,10608,10246,10241,10318,10321,1072.0,1072.0,55.97014925373134,55.97014925373134,72,80,144.0,160.0,,,16.0,16.0,10.0
GDN0008,Pause,20,20,20,10608,10608,11135,11135,10782,10777,10858,10863,1042.0,1042.0,57.58157389635316,57.58157389635316,76,86,152.0,172.0,,,20.0,20.0,11.627906976744185
GDN0008,Pause,21,21,21,11135,11135,11637,11637,11303,11298,11375,11382,984.0,984.0,60.97560975609756,60.97560975609756,72,84,144.0,168.0,,,24.0,24.0,14.285714285714285
GDN0008,Pause,22,22,22,11637,11637,12125,12125,11795,11791,11869,11873,972.0,972.0,61.7283950617284,61.7283950617284,74,82,148.0,164.0,,,16.0,16.0,9.75609756097561
GDN0008,Pause,23,23,23,12125,12125,12626,12626,12281,12277,12353,12362,1018.0,1018.0,58.93909626719057,58.93909626719057,72,85,144.0,170.0,,,26.0,26.0,15.294117647058824
GDN0008,Pause,24,24,24,12626,12626,13164,13164,12790,12786,12865,12856,1108.0,1108.0,54.15162454873646,54.15162454873646,75,70,150.0,140.0,,,-10.0,10.0,7.142857142857142
GDN0008,Pause,25,25,25,13164,13164,13706,13706,13344,13339,13419,13412,1072.0,1072.0,55.97014925373134,55.97014925373134,75,73,150.0,146.0,,,-4.0,4.0,2.73972602739726
GDN0008,Pause,26,26,26,13706,13706,14224,14224,13880,13876,13953,13945,1014.0,1014.0,59.171597633136095,59.171597633136095,73,69,146.0,138.0,,,-8.0,8.0,5.797101449275362
GDN0008,Pause,27,27,27,14224,14224,14746,14746,14387,14383,14459,14458,1062.0,1062.0,56.497175141242934,56.497175141242934,72,75,144.0,150.0,,,6.0,6.0,4.0
GDN0008,Pause,29,29,29,15279,15279,15780,15780,15452,15447,15523,15527,966.0,966.0,62.11180124223603,62.11180124223603,71,80,142.0,160.0,,,18.0,18.0,11.25
GDN0008,Pause,30,30,30,15780,15780,16274,16274,15935,15931,16006,16009,1000.0,1000.0,60.0,60.0,71,78,142.0,156.0,,,14.0,14.0,8.974358974358974
GDN0008,Pause,31,31,31,16274,16274,16791,16791,16435,16430,16507,16508,1052.0,1052.0,57.03422053231939,57.03422053231939,72,78,144.0,156.0,,,12.0,12.0,7.6923076923076925
GDN0008,Pause,32,32,32,16791,16791,17298,17298,16961,16956,17035,17032,994.0,994.0,60.36217303822938,60.36217303822938,74,76,148.0,152.0,,,4.0,4.0,2.631578947368421
GDN0008,Pause,33,33,33,17298,17298,17781,17781,17459,17454,17531,17539,950.0,950.0,63.15789473684211,63.15789473684211,72,85,144.0,170.0,,,26.0,26.0,15.294117647058824
GDN0008,Pause,34,34,34,17781,17781,18285,18285,17933,17929,18006,18006,1040.0,1040.0,57.69230769230769,57.69230769230769,73,77,146.0,154.0,,,8.0,8.0,5.194805194805195
GDN0008,Pause,35,35,35,18285,18285,18830,18830,18453,18449,18526,18533,1116.0,1116.0,53.76344086021505,53.76344086021505,73,84,146.0,168.0,,,22.0,22.0,13.095238095238097
GDN0008,Pause,36,36,36,18830,18830,19359,19359,19011,19006,19086,19091,1028.0,1028.0,58.36575875486381,58.36575875486381,75,85,150.0,170.0,,,20.0,20.0,11.76470588235294
GDN0008,Pause,37,37,37,19359,19359,19865,19865,19525,19521,19598,19602,1004.0,1004.0,59.7609561752988,59.7609561752988,73,81,146.0,162.0,,,16.0,16.0,9.876543209876543
GDN0008,Pause,38,38,38,19865,19865,20365,20365,20027,20023,20100,20103,996.0,996.0,60.24096385542169,60.24096385542169,73,80,146.0,160.0,,,14.0,14.0,8.75
GDN0008,Pause,39,39,39,20365,20365,20892,20892,20525,20520,20598,20598,1086.0,1086.0,55.248618784530386,55.248618784530386,73,78,146.0,156.0,,,10.0,10.0,6.41025641025641
GDN0008,Pause,40,40,40,20892,20892,21438,21438,21068,21063,21144,21150,1094.0,1094.0,54.84460694698354,54.84460694698354,76,87,152.0,174.0,,,22.0,22.0,12.643678160919542
GDN0008,Pause,41,41,41,21438,21438,21984,21984,21615,21611,21690,21680,1092.0,1092.0,54.94505494505494,54.94505494505494,75,69,150.0,138.0,,,-12.0,12.0,8.695652173913043
GDN0008,Pause,42,42,42,21984,21984,22524,22524,22161,22156,22235,22235,1074.0,1074.0,55.865921787709496,55.865921787709496,74,79,148.0,158.0,,,10.0,10.0,6.329113924050633
GDN0008,Pause,43,43,43,22524,22524,23075,23075,22698,22693,22770,22774,1116.0,1116.0,53.76344086021505,53.76344086021505,72,81,144.0,162.0,,,18.0,18.0,11.11111111111111
GDN0008,Pause,44,44,44,23075,23075,23625,23625,23257,23252,23329,23334,1092.0,1092.0,54.94505494505494,54.94505494505494,72,82,144.0,164.0,,,20.0,20.0,12.195121951219512
GDN0008,Pause,45,45,45,23625,23625,24148,24148,23802,23798,23877,23874,1022.0,1022.0,58.708414872798436,58.708414872798436,75,76,150.0,152.0,,,2.0,2.0,1.3157894736842104
GDN0008,Pause,46,46,46,24148,24148,24669,24669,24314,24309,24386,24391,1052.0,1052.0,57.03422053231939,57.03422053231939,72,82,144.0,164.0,,,20.0,20.0,12.195121951219512
GDN0008,Pause,47,47,47,24669,24669,25211,25211,24840,24835,24912,24908,1102.0,1102.0,54.44646098003629,54.44646098003629,72,73,144.0,146.0,,,2.0,2.0,1.36986301369863
GDN0008,Pause,48,48,48,25211,25211,25743,25743,25390,25386,25467,25466,1042.0,1042.0,57.58157389635316,57.58157389635316,77,80,154.0,160.0,,,6.0,6.0,3.75
GDN0008,Pause,49,49,49,25743,25743,26276,26276,25911,25907,25983,25995,1080.0,1080.0,55.55555555555555,55.55555555555555,72,88,144.0,176.0,,,32.0,32.0,18.181818181818183
GDN0008,Pause,50,50,50,26276,26276,26820,26820,26451,26447,26527,26525,1092.0,1092.0,54.94505494505494,54.94505494505494,76,78,152.0,156.0,,,4.0,4.0,2.564102564102564
GDN0008,Pause,51,51,51,26820,26820,27344,27344,26997,26993,27069,27068,1026.0,1026.0,58.47953216374269,58.47953216374269,72,75,144.0,150.0,,,6.0,6.0,4.0
GDN0008,Pause,52,52,52,27344,27344,27870,27870,27510,27505,27583,27585,1066.0,1066.0,56.28517823639775,56.28517823639775,73,80,146.0,160.0,,,14.0,14.0,8.75
GDN0008,Pause,53,53,53,27870,27870,28427,28427,28044,28039,28116,28121,1138.0,1138.0,52.72407732864675,52.72407732864675,72,82,144.0,164.0,,,20.0,20.0,12.195121951219512
GDN0008,Pause,54,54,54,28427,28427,28968,28968,28613,28608,28687,28692,1052.0,1052.0,57.03422053231939,57.03422053231939,74,84,148.0,168.0,,,20.0,20.0,11.904761904761903
GDN0008,Pause,55,55,55,28968,28968,29508,29508,29138,29133,29210,29205,1096.0,1096.0,54.74452554744525,54.74452554744525,72,72,144.0,144.0,,,0.0,0.0,0.0
GDN0008,Valsalva,0,0,0,363,363,886,886,533,528,607,612,1046.0,1046.0,57.36137667304015,57.36137667304015,74,84,148.0,168.0,,,20.0,20.0,11.904761904761903
GDN0008,Valsalva,1,1,1,886,886,1408,1408,1055,1051,1130,1135,1044.0,1044.0,57.47126436781609,57.47126436781609,75,84,150.0,168.0,,,18.0,18.0,10.714285714285714
GDN0008,Valsalva,2,2,2,1408,1408,1961,1961,1577,1573,1651,1657,1138.0,1138.0,52.72407732864675,52.72407732864675,74,84,148.0,168.0,,,20.0,20.0,11.904761904761903
GDN0008,Valsalva,3,3,3,1961,1961,2550,2550,2146,2142,2222,2227,1200.0,1200.0,50.0,50.0,76,85,152.0,170.0,,,18.0,18.0,10.588235294117647
GDN0008,Valsalva,4,4,4,2550,2550,3126,3126,2746,2742,2822,2821,1126.0,1126.0,53.28596802841919,53.28596802841919,76,79,152.0,158.0,,,6.0,6.0,3.79746835443038
GDN0008,Valsalva,5,5,5,3126,3126,3670,3670,3309,3304,3387,3378,1068.0,1068.0,56.17977528089887,56.17977528089887,78,74,156.0,148.0,,,-8.0,8.0,5.405405405405405
GDN0008,Valsalva,6,6,6,3670,3670,4192,4192,3843,3839,3919,3923,1032.0,1032.0,58.13953488372093,58.13953488372093,76,84,152.0,168.0,,,16.0,16.0,9.523809523809524
GDN0008,Valsalva,7,7,7,4192,4192,4697,4697,4359,4355,4435,4429,996.0,996.0,60.24096385542169,60.24096385542169,76,74,152.0,148.0,,,-4.0,4.0,2.7027027027027026
GDN0008,Valsalva,8,8,8,4697,4697,5197,5197,4857,4852,4930,4939,1004.0,1004.0,59.7609561752988,59.7609561752988,73,87,146.0,174.0,,,28.0,28.0,16.091954022988507
GDN0008,Valsalva,9,9,9,5197,5197,5721,5721,5359,5354,5435,5432,1072.0,1072.0,55.97014925373134,55.97014925373134,76,78,152.0,156.0,,,4.0,4.0,2.564102564102564
GDN0008,Valsalva,10,10,10,5721,5721,6266,6266,5895,5891,5970,5975,1098.0,1098.0,54.64480874316939,54.64480874316939,75,84,150.0,168.0,,,18.0,18.0,10.714285714285714
GDN0008,Valsalva,11,11,11,6266,6266,6808,6808,6444,6440,6519,6522,1078.0,1078.0,55.65862708719851,55.65862708719851,75,82,150.0,164.0,,,14.0,14.0,8.536585365853659
GDN0008,Valsalva,12,12,12,6808,6808,7333,7333,6983,6979,7058,7061,1034.0,1034.0,58.027079303675045,58.027079303675045,75,82,150.0,164.0,,,14.0,14.0,8.536585365853659
GDN0008,Valsalva,13,13,13,7333,7333,7865,7865,7500,7496,7575,7579,1080.0,1080.0,55.55555555555555,55.55555555555555,75,83,150.0,166.0,,,16.0,16.0,9.63855421686747
GDN0008,Valsalva,14,14,14,7865,7865,8399,8399,8041,8036,8116,8122,1062.0,1062.0,56.497175141242934,56.497175141242934,75,86,150.0,172.0,,,22.0,22.0,12.790697674418606
GDN0008,Valsalva,15,15,15,8399,8399,8902,8902,8572,8567,8644,8649,974.0,974.0,61.601642710472284,61.601642710472284,72,82,144.0,164.0,,,20.0,20.0,12.195121951219512
GDN0008,Valsalva,16,16,16,8902,8902,9378,9378,9058,9054,9131,9138,942.0,942.0,63.69426751592357,63.69426751592357,73,84,146.0,168.0,,,22.0,22.0,13.095238095238097
GDN0008,Valsalva,17,17,17,9378,9378,9859,9859,9530,9525,9605,9597,972.0,972.0,61.7283950617284,61.7283950617284,75,72,150.0,144.0,,,-6.0,6.0,4.166666666666666
GDN0008,Valsalva,18,18,18,9859,9859,10383,10383,10015,10010,10090,10093,1090.0,1090.0,55.04587155963302,55.04587155963302,75,83,150.0,166.0,,,16.0,16.0,9.63855421686747
GDN0008,Valsalva,19,19,19,10383,10383,10937,10937,10560,10555,10636,10633,1118.0,1118.0,53.66726296958855,53.66726296958855,76,78,152.0,156.0,,,4.0,4.0,2.564102564102564
GDN0008,Valsalva,20,20,20,10937,10937,11490,11490,11119,11114,11191,11202,1098.0,1098.0,54.64480874316939,54.64480874316939,72,88,144.0,176.0,,,32.0,32.0,18.181818181818183
GDN0008,Valsalva,21,21,21,11490,11490,12017,12017,11669,11664,11747,11750,1030.0,1030.0,58.252427184466015,58.252427184466015,78,86,156.0,172.0,,,16.0,16.0,9.30232558139535
GDN0008,Valsalva,22,22,22,12017,12017,12549,12549,12183,12178,12256,12264,1084.0,1084.0,55.35055350553505,55.35055350553505,73,86,146.0,172.0,,,26.0,26.0,15.11627906976744
GDN0008,Valsalva,23,23,23,12549,12549,13089,13089,12725,12720,12798,12804,1076.0,1076.0,55.762081784386616,55.762081784386616,73,84,146.0,168.0,,,22.0,22.0,13.095238095238097
GDN0008,Valsalva,24,24,24,13089,13089,13603,13603,13263,13258,13341,13345,1004.0,1004.0,59.7609561752988,59.7609561752988,78,87,156.0,174.0,,,18.0,18.0,10.344827586206897
GDN0008,Valsalva,25,25,25,13603,13603,14094,14094,13766,13761,13840,13850,968.0,968.0,61.98347107438017,61.98347107438017,74,89,148.0,178.0,,,30.0,30.0,16.853932584269664
GDN0008,Valsalva,26,26,26,14094,14094,14591,14591,14249,14245,14323,14325,1010.0,1010.0,59.40594059405941,59.40594059405941,74,80,148.0,160.0,,,12.0,12.0,7.5
GDN0008,Valsalva,27,27,27,14591,14591,15113,15113,14754,14750,14830,14818,1062.0,1062.0,56.497175141242934,56.497175141242934,76,68,152.0,136.0,,,-16.0,16.0,11.76470588235294
GDN0008,Valsalva,28,28,28,15113,15113,15642,15642,15285,15280,15359,15355,1056.0,1056.0,56.81818181818181,56.81818181818181,74,75,148.0,150.0,,,2.0,2.0,1.3333333333333335
GDN0008,Valsalva,29,29,29,15642,15642,16144,16143,15813,15808,15888,15886,976.0,976.0,61.47540983606557,61.47540983606557,75,78,150.0,156.0,,,6.0,6.0,3.8461538461538463
GDN0008,Valsalva,30,30,30,16144,16143,16639,16639,16301,16296,16376,16375,998.0,998.0,60.120240480961925,60.120240480961925,75,79,150.0,158.0,,,8.0,8.0,5.063291139240507
GDN0008,Valsalva,31,31,31,16639,16639,17140,17140,16800,16795,16874,16877,1004.0,1004.0,59.7609561752988,59.7609561752988,74,82,148.0,164.0,,,16.0,16.0,9.75609756097561
GDN0008,Valsalva,32,32,32,17140,17140,17615,17615,17302,17297,17376,17383,920.0,920.0,65.21739130434783,65.21739130434783,74,86,148.0,172.0,,,24.0,24.0,13.953488372093023
GDN0008,Valsalva,34,34,34,18092,18092,18597,18597,18248,18243,18323,18311,1032.0,1032.0,58.13953488372093,58.13953488372093,75,68,150.0,136.0,,,-14.0,14.0,10.294117647058822
GDN0008,Valsalva,35,35,35,18597,18597,19107,19107,18764,18759,18836,18839,1012.0,1012.0,59.28853754940712,59.28853754940712,72,80,144.0,160.0,,,16.0,16.0,10.0
GDN0008,Valsalva,36,36,36,19107,19107,19625,19625,19270,19265,19345,19347,1048.0,1048.0,57.25190839694656,57.25190839694656,75,82,150.0,164.0,,,14.0,14.0,8.536585365853659
GDN0008,Valsalva,37,37,37,19625,19625,20160,20160,19794,19789,19869,19874,1082.0,1082.0,55.452865064695004,55.452865064695004,75,85,150.0,170.0,,,20.0,20.0,11.76470588235294
GDN0008,Valsalva,38,38,38,20160,20160,20684,20684,20335,20330,20411,20422,1032.0,1032.0,58.13953488372093,58.13953488372093,76,92,152.0,184.0,,,32.0,32.0,17.391304347826086
GDN0008,Valsalva,39,39,39,20684,20684,21185,21185,20852,20847,20927,20936,986.0,986.0,60.851926977687626,60.851926977687626,75,89,150.0,178.0,,,28.0,28.0,15.730337078651685
GDN0008,Valsalva,40,40,40,21185,21185,21695,21695,21344,21339,21420,21415,1036.0,1036.0,57.915057915057915,57.915057915057915,76,76,152.0,152.0,,,0.0,0.0,0.0
GDN0008,Valsalva,41,41,41,21695,21695,22215,22215,21862,21858,21939,21937,1044.0,1044.0,57.47126436781609,57.47126436781609,77,79,154.0,158.0,,,4.0,4.0,2.5316455696202533
GDN0008,Valsalva,42,42,42,22215,22215,22705,22705,22384,22380,22461,22461,944.0,944.0,63.55932203389831,63.55932203389831,77,81,154.0,162.0,,,8.0,8.0,4.938271604938271
GDN0008,Valsalva,43,43,43,22705,22705,23168,23168,22856,22852,22931,22936,918.0,918.0,65.359477124183,65.359477124183,75,84,150.0,168.0,,,18.0,18.0,10.714285714285714
GDN0008,Valsalva,44,44,44,23168,23168,23646,23646,23315,23310,23393,23386,974.0,974.0,61.601642710472284,61.601642710472284,78,76,156.0,152.0,,,-4.0,4.0,2.631578947368421
GDN0008,Valsalva,45,45,45,23646,23646,24144,24144,23802,23798,23875,23880,1010.0,1010.0,59.40594059405941,59.40594059405941,73,82,146.0,164.0,,,18.0,18.0,10.975609756097562
GDN0008,Valsalva,46,46,46,24144,24144,24631,24631,24307,24303,24384,24386,954.0,954.0,62.89308176100629,62.89308176100629,77,83,154.0,166.0,,,12.0,12.0,7.228915662650602
GDN0008,Valsalva,47,47,47,24631,24631,25141,25141,24784,24780,24862,24861,1054.0,1054.0,56.92599620493358,56.92599620493358,78,81,156.0,162.0,,,6.0,6.0,3.7037037037037033
GDN0008,Valsalva,48,48,48,25141,25141,25674,25674,25311,25306,25385,25390,1074.0,1074.0,55.865921787709496,55.865921787709496,74,84,148.0,168.0,,,20.0,20.0,11.904761904761903
GDN0008,Valsalva,49,49,49,25674,25674,26197,26197,25848,25844,25925,25933,1032.0,1032.0,58.13953488372093,58.13953488372093,77,89,154.0,178.0,,,24.0,24.0,13.48314606741573
GDN0008,Valsalva,50,50,50,26197,26197,26735,26735,26364,26360,26440,26445,1098.0,1098.0,54.64480874316939,54.64480874316939,76,85,152.0,170.0,,,18.0,18.0,10.588235294117647
GDN0008,Valsalva,51,51,51,26735,26735,27278,27278,26913,26908,26990,26998,1080.0,1080.0,55.55555555555555,55.55555555555555,77,90,154.0,180.0,,,26.0,26.0,14.444444444444443
GDN0008,Valsalva,52,52,52,27278,27278,27801,27801,27453,27449,27532,27538,1028.0,1028.0,58.36575875486381,58.36575875486381,79,89,158.0,178.0,,,20.0,20.0,11.235955056179774
GDN0008,Valsalva,53,53,53,27801,27801,28314,28314,27967,27963,28042,28046,1026.0,1026.0,58.47953216374269,58.47953216374269,75,83,150.0,166.0,,,16.0,16.0,9.63855421686747
GDN0008,Valsalva,54,54,54,28314,28314,28846,28846,28480,28476,28554,28560,1082.0,1082.0,55.452865064695004,55.452865064695004,74,84,148.0,168.0,,,20.0,20.0,11.904761904761903
GDN0008,Valsalva,55,55,55,28846,28846,29370,29370,29020,29016,29093,29092,1032.0,1032.0,58.13953488372093,58.13953488372093,73,76,146.0,152.0,,,6.0,6.0,3.9473684210526314
GDN0008,Valsalva,56,56,56,29370,29370,29886,29886,29537,29532,29611,29613,,,,,74,81,148.0,162.0,,,14.0,14.0,8.641975308641975
GDN0008,HoldingBreath,0,0,0,324,324,875,875,504,499,581,572,1102.0,1102.0,54.44646098003629,54.44646098003629,77,73,154.0,146.0,,,-8.0,8.0,5.47945205479452
GDN0008,HoldingBreath,1,1,1,875,875,1416,1416,1054,1049,1127,1130,1072.0,1072.0,55.97014925373134,55.97014925373134,73,81,146.0,162.0,,,16.0,16.0,9.876543209876543
GDN0008,HoldingBreath,2,2,2,1416,1416,1917,1917,1590,1585,1665,1669,962.0,962.0,62.37006237006237,62.37006237006237,75,84,150.0,168.0,,,18.0,18.0,10.714285714285714
GDN0008,HoldingBreath,3,3,3,1917,1917,2376,2376,2072,2067,2146,2140,896.0,896.0,66.96428571428571,66.96428571428571,74,73,148.0,146.0,,,-2.0,2.0,1.36986301369863
GDN0008,HoldingBreath,4,4,4,2376,2376,2853,2853,2520,2515,2594,2601,984.0,984.0,60.97560975609756,60.97560975609756,74,86,148.0,172.0,,,24.0,24.0,13.953488372093023
GDN0008,HoldingBreath,5,5,5,2853,2853,3386,3386,3011,3007,3088,3095,1112.0,1112.0,53.956834532374096,53.956834532374096,77,88,154.0,176.0,,,22.0,22.0,12.5
GDN0008,HoldingBreath,6,6,6,3386,3386,3938,3938,3567,3562,3640,3643,1100.0,1100.0,54.54545454545454,54.54545454545454,73,81,146.0,162.0,,,16.0,16.0,9.876543209876543
GDN0008,HoldingBreath,7,7,7,3938,3938,4426,4426,4118,4113,4192,4200,908.0,908.0,66.07929515418502,66.07929515418502,74,87,148.0,174.0,,,26.0,26.0,14.942528735632186
GDN0008,HoldingBreath,8,8,8,4426,4426,4861,4861,4571,4567,4646,4651,850.0,850.0,70.58823529411765,70.58823529411765,75,84,150.0,168.0,,,18.0,18.0,10.714285714285714
GDN0008,HoldingBreath,9,9,9,4861,4861,5284,5284,4994,4984,5070,5073,844.0,844.0,71.09004739336493,71.09004739336493,76,89,152.0,178.0,,,26.0,26.0,14.606741573033707
GDN0008,HoldingBreath,10,10,10,5284,5284,5742,5742,5418,5413,5491,5492,954.0,954.0,62.89308176100629,62.89308176100629,73,79,146.0,158.0,,,12.0,12.0,7.59493670886076
GDN0008,HoldingBreath,11,11,11,5742,5742,6296,6296,5894,5891,5966,5959,1192.0,1192.0,50.33557046979866,50.33557046979866,72,68,144.0,136.0,,,-8.0,8.0,5.88235294117647
GDN0008,HoldingBreath,12,12,12,6296,6296,6862,6862,6490,6486,6561,6571,1098.0,1098.0,54.64480874316939,54.64480874316939,71,85,142.0,170.0,,,28.0,28.0,16.470588235294116
GDN0008,HoldingBreath,13,13,13,6862,6862,7402,7402,7039,7036,7109,7116,1070.0,1070.0,56.074766355140184,56.074766355140184,70,80,140.0,160.0,,,20.0,20.0,12.5
GDN0008,HoldingBreath,14,14,14,7402,7402,7926,7926,7574,7570,7647,7655,1036.0,1036.0,57.915057915057915,57.915057915057915,73,85,146.0,170.0,,,24.0,24.0,14.117647058823529
GDN0008,HoldingBreath,15,15,15,7926,7926,8429,8429,8093,8089,8168,8173,990.0,990.0,60.60606060606061,60.60606060606061,75,84,150.0,168.0,,,18.0,18.0,10.714285714285714
GDN0008,HoldingBreath,16,16,16,8429,8429,8912,8912,8588,8584,8662,8675,954.0,954.0,62.89308176100629,62.89308176100629,74,91,148.0,182.0,,,34.0,34.0,18.681318681318682
GDN0008,HoldingBreath,17,17,17,8912,8912,9375,9375,9065,9061,,9145,912.0,912.0,65.78947368421052,65.78947368421052,,84,,168.0,c_point_nan,,,,
GDN0008,HoldingBreath,18,18,18,9375,9375,9822,9822,9521,9517,,9605,882.0,882.0,68.02721088435374,68.02721088435374,,88,,176.0,c_point_nan,,,,
GDN0008,HoldingBreath,19,19,19,9822,9822,10261,10261,9962,9958,,10047,876.0,876.0,68.4931506849315,68.4931506849315,,89,,178.0,c_point_nan,,,,
GDN0008,HoldingBreath,20,20,20,10261,10261,10685,10685,10400,10396,,10486,834.0,834.0,71.94244604316548,71.94244604316548,,90,,180.0,c_point_nan,,,,
GDN0008,HoldingBreath,21,21,21,10685,10685,11093,11093,10817,10813,,10902,806.0,806.0,74.44168734491315,74.44168734491315,,89,,178.0,c_point_nan,,,,
GDN0008,HoldingBreath,22,22,22,11093,11093,11488,11488,11221,11216,,11308,782.0,782.0,76.72634271099744,76.72634271099744,,92,,184.0,c_point_nan,,,,
GDN0008,HoldingBreath,24,24,24,11878,11878,12274,12274,12001,11996,,12096,800.0,800.0,75.0,75.0,,100,,200.0,c_point_nan,,,,
GDN0008,HoldingBreath,25,25,25,12274,12274,12677,12677,12400,12396,,12488,808.0,808.0,74.25742574257426,74.25742574257426,,92,,184.0,c_point_nan,,,,
GDN0008,HoldingBreath,26,26,26,12677,12677,13086,13086,12804,12800,,12876,826.0,826.0,72.63922518159806,72.63922518159806,,76,,152.0,c_point_nan,,,,
GDN0008,HoldingBreath,27,27,27,13086,13086,13512,13512,13217,13213,,13307,866.0,866.0,69.28406466512702,69.28406466512702,,94,,188.0,c_point_nan,,,,
GDN0008,HoldingBreath,28,28,28,13512,13512,13943,13943,13649,13646,,13739,858.0,858.0,69.93006993006993,69.93006993006993,,93,,186.0,c_point_nan,,,,
GDN0008,HoldingBreath,29,29,29,13943,13943,14369,14369,14078,14074,,14167,850.0,850.0,70.58823529411765,70.58823529411765,,93,,186.0,c_point_nan,,,,
GDN0008,HoldingBreath,30,30,30,14369,14369,14798,14798,14504,14500,,14590,862.0,862.0,69.60556844547564,69.60556844547564,,90,,180.0,c_point_nan,,,,
GDN0008,HoldingBreath,31,31,31,14798,14798,15228,15228,14934,14930,,15007,858.0,858.0,69.93006993006993,69.93006993006993,,77,,154.0,c_point_nan,,,,
GDN0008,HoldingBreath,32,32,32,15228,15228,15656,15656,15364,15360,,15454,856.0,856.0,70.09345794392523,70.09345794392523,,94,,188.0,c_point_nan,,,,
GDN0008,HoldingBreath,33,33,33,15656,15656,16081,16081,15792,15788,,15871,846.0,846.0,70.92198581560284,70.92198581560284,,83,,166.0,c_point_nan,,,,
GDN0008,HoldingBreath,34,34,34,16081,16081,16507,16507,16215,16211,,16300,856.0,856.0,70.09345794392523,70.09345794392523,,89,,178.0,c_point_nan,,,,
GDN0008,HoldingBreath,35,35,35,16507,16507,16932,16932,16643,16639,,16719,846.0,846.0,70.92198581560284,70.92198581560284,,80,,160.0,c_point_nan,,,,
GDN0008,HoldingBreath,36,36,36,16932,16932,17350,17350,17066,17061,,17142,832.0,832.0,72.11538461538461,72.11538461538461,,81,,162.0,c_point_nan,,,,
GDN0008,HoldingBreath,37,37,37,17350,17350,17762,17762,17482,17478,,17567,820.0,820.0,73.17073170731707,73.17073170731707,,89,,178.0,c_point_nan,,,,
GDN0008,HoldingBreath,38,38,38,17762,17762,18175,18175,17892,17888,,17979,828.0,828.0,72.46376811594203,72.46376811594203,,91,,182.0,c_point_nan,,,,
GDN0008,HoldingBreath,39,39,39,18175,18175,18586,18586,18306,18302,,18393,820.0,820.0,73.17073170731707,73.17073170731707,,91,,182.0,c_point_nan,,,,
GDN0008,HoldingBreath,40,40,40,18586,18586,18999,18999,18716,18712,,18783,828.0,828.0,72.46376811594203,72.46376811594203,,71,,142.0,c_point_nan,,,,
GDN0008,HoldingBreath,41,41,41,18999,18999,19408,19408,19129,19125,,19214,812.0,812.0,73.89162561576354,73.89162561576354,,89,,178.0,c_point_nan,,,,
GDN0008,HoldingBreath,42,42,42,19408,19408,19816,19816,19536,19532,,19620,820.0,820.0,73.17073170731707,73.17073170731707,,88,,176.0,c_point_nan,,,,
GDN0008,HoldingBreath,43,43,43,19816,19816,20228,20228,19946,19942,,20030,824.0,824.0,72.81553398058253,72.81553398058253,,88,,176.0,c_point_nan,,,,
GDN0008,HoldingBreath,44,44,44,20228,20228,20644,20644,20358,20354,,20443,836.0,836.0,71.77033492822967,71.77033492822967,,89,,178.0,c_point_nan,,,,
GDN0008,HoldingBreath,45,45,45,20644,20644,21062,21062,20776,20772,,20856,838.0,838.0,71.59904534606206,71.59904534606206,,84,,168.0,c_point_nan,,,,
GDN0008,HoldingBreath,46,46,46,21062,21062,21474,21474,21195,21191,,21270,814.0,814.0,73.71007371007371,73.71007371007371,,79,,158.0,c_point_nan,,,,
GDN0008,HoldingBreath,47,47,47,21474,21474,21882,21882,21602,21598,,21688,818.0,818.0,73.34963325183375,73.34963325183375,,90,,180.0,c_point_nan,,,,
GDN0008,HoldingBreath,48,48,48,21882,21882,22291,22291,22011,22007,,22098,818.0,818.0,73.34963325183375,73.34963325183375,,91,,182.0,c_point_nan,,,,
GDN0008,HoldingBreath,49,49,49,22291,22291,22697,22697,22421,22416,,22511,808.0,808.0,74.25742574257426,74.25742574257426,,95,,190.0,c_point_nan,,,,
GDN0008,HoldingBreath,50,50,50,22697,22697,23095,23095,22824,22820,,22913,792.0,792.0,75.75757575757575,75.75757575757575,,93,,186.0,c_point_nan,,,,
GDN0008,HoldingBreath,51,51,51,23095,23095,23495,23495,23220,23216,,23299,802.0,802.0,74.81296758104737,74.81296758104737,,83,,166.0,c_point_nan,,,,
GDN0008,HoldingBreath,52,52,52,23495,23495,23889,23889,23621,23617,,23711,782.0,782.0,76.72634271099744,76.72634271099744,,94,,188.0,c_point_nan,,,,
GDN0008,HoldingBreath,53,53,53,23889,23889,24279,24279,24013,24008,,24094,778.0,778.0,77.12082262210797,77.12082262210797,,86,,172.0,c_point_nan,,,,
GDN0008,HoldingBreath,54,54,54,24279,24279,24676,24676,24402,24397,,24488,804.0,804.0,74.62686567164178,74.62686567164178,,91,,182.0,c_point_nan,,,,
GDN0008,HoldingBreath,55,55,55,24676,24676,25082,25082,24803,24799,,24884,816.0,816.0,73.52941176470588,73.52941176470588,,85,,170.0,c_point_nan,,,,
GDN0008,HoldingBreath,56,56,56,25082,25082,25488,25488,25211,25207,,25298,810.0,810.0,74.07407407407408,74.07407407407408,,91,,182.0,c_point_nan,,,,
GDN0008,HoldingBreath,57,57,57,25488,25488,25887,25887,25617,25613,,25702,790.0,790.0,75.94936708860759,75.94936708860759,,89,,178.0,c_point_nan,,,,
GDN0008,HoldingBreath,58,58,58,25887,25887,26286,26286,26011,26007,,26100,804.0,804.0,74.62686567164178,74.62686567164178,,93,,186.0,c_point_nan,,,,
GDN0008,HoldingBreath,59,59,59,26286,26286,26683,26683,26413,26409,,26489,788.0,788.0,76.14213197969544,76.14213197969544,,80,,160.0,c_point_nan,,,,
GDN0008,HoldingBreath,60,60,60,26683,26683,27073,27073,26807,26803,,26894,776.0,776.0,77.31958762886597,77.31958762886597,,91,,182.0,c_point_nan,,,,
GDN0008,HoldingBreath,61,61,61,27073,27073,27459,27459,27196,27191,,27272,768.0,768.0,78.125,78.125,,81,,162.0,c_point_nan,,,,
GDN0008,HoldingBreath,62,62,62,27459,27459,27838,27838,27579,27575,,27671,754.0,754.0,79.57559681697613,79.57559681697613,,96,,192.0,c_point_nan,,,,
GDN0008,HoldingBreath,63,63,63,27838,27838,28229,28229,27957,27952,,28031,798.0,798.0,75.18796992481202,75.18796992481202,,79,,158.0,c_point_nan,,,,
GDN0008,HoldingBreath,64,64,64,28229,28229,28643,28643,28355,28351,,28448,842.0,842.0,71.25890736342043,71.25890736342043,,97,,194.0,c_point_nan,,,,
GDN0008,HoldingBreath,65,65,65,28643,28643,29063,29063,28776,28772,,28862,840.0,840.0,71.42857142857143,71.42857142857143,,90,,180.0,c_point_nan,,,,
GDN0008,HoldingBreath,66,66,66,29063,29063,29483,29483,29196,29192,,29281,840.0,840.0,71.42857142857143,71.42857142857143,,89,,178.0,c_point_nan,,,,
GDN0008,HoldingBreath,67,67,67,29483,29483,29903,29903,29616,29612,,29708,,,,,,96,,192.0,c_point_nan,,,,
GDN0008,TiltUp,0,0,0,360,360,841,841,514,509,590,595,962.0,962.0,62.37006237006237,62.37006237006237,76,86,152.0,172.0,,,20.0,20.0,11.627906976744185
GDN0008,TiltUp,1,1,1,841,841,1339,1339,995,991,1071,1068,1014.0,1014.0,59.171597633136095,59.171597633136095,76,77,152.0,154.0,,,2.0,2.0,1.2987012987012987
GDN0008,TiltUp,2,2,2,1339,1339,1849,1849,1502,1498,1574,1571,1026.0,1026.0,58.47953216374269,58.47953216374269,72,73,144.0,146.0,,,2.0,2.0,1.36986301369863
GDN0008,TiltUp,3,3,3,1849,1849,2375,2375,2016,2011,2088,2093,1066.0,1066.0,56.28517823639775,56.28517823639775,72,82,144.0,164.0,,,20.0,20.0,12.195121951219512
GDN0008,TiltUp,4,4,4,2375,2375,2912,2912,2548,2544,2622,2624,1076.0,1076.0,55.762081784386616,55.762081784386616,74,80,148.0,160.0,,,12.0,12.0,7.5
GDN0008,TiltUp,5,5,5,2912,2912,3439,3439,3086,3081,3158,3149,1044.0,1044.0,57.47126436781609,57.47126436781609,72,68,144.0,136.0,,,-8.0,8.0,5.88235294117647
GDN0008,TiltUp,6,6,6,3439,3439,3911,3911,3608,3603,3683,3683,888.0,888.0,67.56756756756756,67.56756756756756,75,80,150.0,160.0,,,10.0,10.0,6.25
GDN0008,TiltUp,7,7,7,3911,3911,4334,4334,4052,4048,4127,4131,824.0,824.0,72.81553398058253,72.81553398058253,75,83,150.0,166.0,,,16.0,16.0,9.63855421686747
GDN0008,TiltUp,8,8,8,4334,4334,4810,4810,4464,4459,4535,4551,1020.0,1020.0,58.8235294117647,58.8235294117647,71,92,142.0,184.0,,,42.0,42.0,22.82608695652174
GDN0008,TiltUp,9,9,9,4810,4810,5326,5326,4974,4969,5050,5042,1040.0,1040.0,57.69230769230769,57.69230769230769,76,73,152.0,146.0,,,-6.0,6.0,4.10958904109589
GDN0008,TiltUp,10,10,10,5326,5326,5836,5836,5494,5490,5566,5568,1008.0,1008.0,59.523809523809526,59.523809523809526,72,78,144.0,156.0,,,12.0,12.0,7.6923076923076925
GDN0008,TiltUp,11,11,11,5836,5836,6378,6378,5999,5994,6071,6074,1126.0,1126.0,53.28596802841919,53.28596802841919,72,80,144.0,160.0,,,16.0,16.0,10.0
GDN0008,TiltUp,12,12,12,6378,6378,6950,6950,6561,6557,6635,6637,1154.0,1154.0,51.99306759098787,51.99306759098787,74,80,148.0,160.0,,,12.0,12.0,7.5
GDN0008,TiltUp,13,13,13,6950,6950,7510,7510,7138,7133,7211,7218,1100.0,1100.0,54.54545454545454,54.54545454545454,73,85,146.0,170.0,,,24.0,24.0,14.117647058823529
GDN0008,TiltUp,14,14,14,7510,7510,8041,8041,7689,7684,7763,7773,1044.0,1044.0,57.47126436781609,57.47126436781609,74,89,148.0,178.0,,,30.0,30.0,16.853932584269664
GDN0008,TiltUp,15,15,15,8041,8041,8550,8550,8210,8206,8290,8287,1002.0,1002.0,59.880239520958085,59.880239520958085,80,81,160.0,162.0,,,2.0,2.0,1.2345679012345678
GDN0008,TiltUp,16,16,16,8550,8550,9051,9051,8712,8707,8785,8789,1002.0,1002.0,59.880239520958085,59.880239520958085,73,82,146.0,164.0,,,18.0,18.0,10.975609756097562
GDN0008,TiltUp,17,17,17,9051,9051,9542,9542,9213,9208,9286,9298,972.0,972.0,61.7283950617284,61.7283950617284,73,90,146.0,180.0,,,34.0,34.0,18.88888888888889
GDN0008,TiltUp,18,18,18,9542,9542,10018,10018,9700,9694,9772,9774,940.0,940.0,63.829787234042556,63.829787234042556,72,80,144.0,160.0,,,16.0,16.0,10.0
GDN0008,TiltUp,19,19,19,10018,10018,10474,10474,10170,10164,10249,10244,900.0,900.0,66.66666666666667,66.66666666666667,79,80,158.0,160.0,,,2.0,2.0,1.25
GDN0008,TiltUp,20,20,20,10474,10474,10934,10934,10620,10613,10701,10719,930.0,930.0,64.51612903225806,64.51612903225806,81,106,162.0,212.0,,,50.0,50.0,23.58490566037736
GDN0008,TiltUp,21,21,21,10934,10934,11404,11404,11085,11079,11164,11190,944.0,944.0,63.55932203389831,63.55932203389831,79,111,158.0,222.0,,,64.0,64.0,28.82882882882883
GDN0008,TiltUp,22,22,22,11404,11404,11870,11870,11557,11552,11638,11622,926.0,926.0,64.79481641468682,64.79481641468682,81,70,162.0,140.0,,,-22.0,22.0,15.714285714285714
GDN0008,TiltUp,23,23,23,11870,11870,12324,12324,12020,12013,12099,12101,898.0,898.0,66.81514476614699,66.81514476614699,79,88,158.0,176.0,,,18.0,18.0,10.227272727272728
GDN0008,TiltUp,24,24,24,12324,12324,12771,12771,12469,12463,12548,12549,892.0,892.0,67.26457399103138,67.26457399103138,79,86,158.0,172.0,,,14.0,14.0,8.13953488372093
GDN0008,TiltUp,25,25,25,12771,12771,13211,13211,12916,12909,12992,12999,874.0,874.0,68.64988558352402,68.64988558352402,76,90,152.0,180.0,,,28.0,28.0,15.555555555555555
GDN0008,TiltUp,26,26,26,13211,13211,13649,13649,13353,13346,13435,13453,878.0,878.0,68.3371298405467,68.3371298405467,82,107,164.0,214.0,,,50.0,50.0,23.364485981308412
GDN0008,TiltUp,27,27,27,13649,13649,14075,14075,13792,13785,13869,13880,836.0,836.0,71.77033492822967,71.77033492822967,77,95,154.0,190.0,,,36.0,36.0,18.947368421052634
GDN0008,TiltUp,28,28,28,14075,14075,14491,14491,14209,14203,14293,14306,832.0,832.0,72.11538461538461,72.11538461538461,84,103,168.0,206.0,,,38.0,38.0,18.446601941747574
GDN0008,TiltUp,29,29,29,14491,14491,14907,14907,14625,14619,14708,14709,830.0,830.0,72.28915662650603,72.28915662650603,83,90,166.0,180.0,,,14.0,14.0,7.777777777777778
GDN0008,TiltUp,30,30,30,14907,14907,15323,15323,15041,15034,,15141,834.0,834.0,71.94244604316548,71.94244604316548,,107,,214.0,c_point_nan,,,,
GDN0008,TiltUp,31,31,31,15323,15323,15739,15739,15457,15451,15537,15555,830.0,830.0,72.28915662650603,72.28915662650603,80,104,160.0,208.0,,,48.0,48.0,23.076923076923077
GDN0008,TiltUp,32,32,32,15739,15739,16157,16157,15873,15866,,15972,840.0,840.0,71.42857142857143,71.42857142857143,,106,,212.0,c_point_nan,,,,
GDN0008,TiltUp,33,33,33,16157,16157,16572,16572,16293,16286,16370,16377,826.0,826.0,72.63922518159806,72.63922518159806,77,91,154.0,182.0,,,28.0,28.0,15.384615384615385
GDN0008,TiltUp,34,34,34,16572,16572,16981,16981,16707,16699,16783,16802,812.0,812.0,73.89162561576354,73.89162561576354,76,103,152.0,206.0,,,54.0,54.0,26.21359223300971
GDN0008,TiltUp,35,35,35,16981,16981,17380,17380,17111,17105,,17185,790.0,790.0,75.94936708860759,75.94936708860759,,80,,160.0,c_point_nan,,,,
GDN0008,TiltUp,36,36,36,17380,17380,17777,17777,17507,17500,17586,17608,796.0,796.0,75.37688442211055,75.37688442211055,79,108,158.0,216.0,,,58.0,58.0,26.851851851851855
GDN0008,TiltUp,37,37,37,17777,17777,18171,18171,17904,17898,17989,17986,786.0,786.0,76.33587786259541,76.33587786259541,85,88,170.0,176.0,,,6.0,6.0,3.4090909090909087
GDN0008,TiltUp,39,39,39,18570,18570,18983,18983,18699,18693,18773,18786,838.0,838.0,71.59904534606206,71.59904534606206,74,93,148.0,186.0,,,38.0,38.0,20.43010752688172
GDN0008,TiltUp,40,40,40,18983,18983,19413,19413,19119,19112,19198,19213,872.0,872.0,68.80733944954129,68.80733944954129,79,101,158.0,202.0,,,44.0,44.0,21.782178217821784
GDN0008,TiltUp,41,41,41,19413,19413,19847,19847,19555,19548,19629,19647,866.0,866.0,69.28406466512702,69.28406466512702,74,99,148.0,198.0,,,50.0,50.0,25.252525252525253
GDN0008,TiltUp,42,42,42,19847,19847,20270,20270,19988,19981,20062,20077,834.0,834.0,71.94244604316548,71.94244604316548,74,96,148.0,192.0,,,44.0,44.0,22.916666666666664
GDN0008,TiltUp,43,43,43,20270,20270,20677,20677,20405,20398,20485,20495,804.0,804.0,74.62686567164178,74.62686567164178,80,97,160.0,194.0,,,34.0,34.0,17.525773195876287
GDN0008,TiltUp,44,44,44,20677,20677,21076,21076,20807,20801,20891,20901,794.0,794.0,75.56675062972292,75.56675062972292,84,100,168.0,200.0,,,32.0,32.0,16.0
GDN0008,TiltUp,45,45,45,21076,21076,21472,21472,21204,21197,21282,21298,790.0,790.0,75.94936708860759,75.94936708860759,78,101,156.0,202.0,,,46.0,46.0,22.772277227722775
GDN0008,TiltUp,46,46,46,21472,21472,21871,21871,21598,21592,21674,21677,804.0,804.0,74.62686567164178,74.62686567164178,76,85,152.0,170.0,,,18.0,18.0,10.588235294117647
GDN0008,TiltUp,47,47,47,21871,21871,22277,22277,22000,21994,22076,22088,814.0,814.0,73.71007371007371,73.71007371007371,76,94,152.0,188.0,,,36.0,36.0,19.148936170212767
GDN0008,TiltUp,48,48,48,22277,22277,22686,22686,22407,22401,22483,22501,822.0,822.0,72.99270072992701,72.99270072992701,76,100,152.0,200.0,,,48.0,48.0,24.0
GDN0008,TiltUp,49,49,49,22686,22686,23092,23092,22818,22812,,22915,806.0,806.0,74.44168734491315,74.44168734491315,,103,,206.0,c_point_nan,,,,
GDN0008,TiltUp,50,50,50,23092,23092,23487,23487,23222,23215,23298,23321,782.0,782.0,76.72634271099744,76.72634271099744,76,106,152.0,212.0,,,60.0,60.0,28.30188679245283
GDN0008,TiltUp,51,51,51,23487,23487,23875,23875,23613,23606,23686,23703,772.0,772.0,77.720207253886,77.720207253886,73,97,146.0,194.0,,,48.0,48.0,24.742268041237114
GDN0008,TiltUp,52,52,52,23875,23875,24260,24260,24000,23992,24075,24095,770.0,770.0,77.92207792207792,77.92207792207792,75,103,150.0,206.0,,,56.0,56.0,27.184466019417474
GDN0008,TiltUp,53,53,53,24260,24260,24637,24637,24385,24377,,24466,746.0,746.0,80.4289544235925,80.4289544235925,,89,,178.0,c_point_nan,,,,
GDN0008,TiltUp,54,54,54,24637,24637,25004,25004,24757,24750,,24852,726.0,726.0,82.64462809917356,82.64462809917356,,102,,204.0,c_point_nan,,,,
GDN0008,TiltUp,55,55,55,25004,25004,25362,25362,25120,25112,25199,25218,710.0,710.0,84.50704225352113,84.50704225352113,79,106,158.0,212.0,,,54.0,54.0,25.471698113207548
GDN0008,TiltUp,56,56,56,25362,25362,25714,25714,25476,25468,25555,25558,700.0,700.0,85.71428571428572,85.71428571428572,79,90,158.0,180.0,,,22.0,22.0,12.222222222222221
GDN0008,TiltUp,57,57,57,25714,25714,26064,26064,25825,25818,25908,25910,702.0,702.0,85.47008547008548,85.47008547008548,83,92,166.0,184.0,,,18.0,18.0,9.782608695652174
GDN0008,TiltUp,58,58,58,26064,26064,26416,26416,26175,26169,26256,26273,706.0,706.0,84.98583569405099,84.98583569405099,81,104,162.0,208.0,,,46.0,46.0,22.115384615384613
GDN0008,TiltUp,59,59,59,26416,26416,26776,26776,26529,26522,26601,26618,726.0,726.0,82.64462809917356,82.64462809917356,72,96,144.0,192.0,,,48.0,48.0,25.0
GDN0008,TiltUp,60,60,60,26776,26776,27155,27155,26892,26885,,26978,776.0,776.0,77.31958762886597,77.31958762886597,,93,,186.0,c_point_nan,,,,
GDN0008,TiltUp,61,61,61,27155,27155,27546,27546,27280,27273,27353,27360,784.0,784.0,76.53061224489795,76.53061224489795,73,87,146.0,174.0,,,28.0,28.0,16.091954022988507
GDN0008,TiltUp,62,62,62,27546,27546,27935,27935,27673,27665,,27752,774.0,774.0,77.51937984496124,77.51937984496124,,87,,174.0,c_point_nan,,,,
GDN0008,TiltUp,63,63,63,27935,27935,28315,28315,28060,28052,,28144,754.0,754.0,79.57559681697613,79.57559681697613,,92,,184.0,c_point_nan,,,,
GDN0008,TiltUp,64,64,64,28315,28315,28690,28690,28436,28429,,28530,748.0,748.0,80.21390374331551,80.21390374331551,,101,,202.0,c_point_nan,,,,
GDN0008,TiltUp,65,65,65,28690,28690,29056,29056,28810,28803,28892,28901,724.0,724.0,82.87292817679558,82.87292817679558,82,98,164.0,196.0,,,32.0,32.0,16.3265306122449
GDN0008,TiltUp,66,66,66,29056,29056,29410,29410,29171,29165,29245,29260,698.0,698.0,85.9598853868195,85.9598853868195,74,95,148.0,190.0,,,42.0,42.0,22.105263157894736
GDN0008,TiltUp,67,67,67,29410,29410,29758,29758,29521,29514,,29616,694.0,694.0,86.45533141210375,86.45533141210375,,102,,204.0,c_point_nan,,,,
GDN0008,TiltLevel,0,0,0,85,85,528,528,226,221,308,313,886.0,886.0,67.72009029345372,67.72009029345372,82,92,164.0,184.0,,,20.0,20.0,10.869565217391305
GDN0008,TiltLevel,1,1,1,528,528,950,950,670,665,750,736,822.0,822.0,72.99270072992701,72.99270072992701,80,71,160.0,142.0,,,-18.0,18.0,12.676056338028168
GDN0008,TiltLevel,2,2,2,950,950,1392,1392,1081,1075,1160,1168,918.0,918.0,65.359477124183,65.359477124183,79,93,158.0,186.0,,,28.0,28.0,15.053763440860216
GDN0008,TiltLevel,3,3,3,1392,1392,1871,1871,1539,1534,1615,1626,978.0,978.0,61.34969325153374,61.34969325153374,76,92,152.0,184.0,,,32.0,32.0,17.391304347826086
GDN0008,TiltLevel,4,4,4,1871,1871,2442,2442,2028,2023,2100,2099,1232.0,1232.0,48.701298701298704,48.701298701298704,72,76,144.0,152.0,,,8.0,8.0,5.263157894736842
GDN0008,TiltLevel,5,5,5,2442,2442,3050,3050,2644,2640,2723,2728,1206.0,1206.0,49.75124378109453,49.75124378109453,79,88,158.0,176.0,,,18.0,18.0,10.227272727272728
GDN0008,TiltLevel,6,6,6,3050,3050,3606,3606,3247,3242,3323,3329,1062.0,1062.0,56.497175141242934,56.497175141242934,76,87,152.0,174.0,,,22.0,22.0,12.643678160919542
GDN0008,TiltLevel,7,7,7,3606,3606,4173,4173,3778,3774,3854,3859,1172.0,1172.0,51.19453924914676,51.19453924914676,76,85,152.0,170.0,,,18.0,18.0,10.588235294117647
GDN0008,TiltLevel,8,8,8,4173,4173,4745,4745,4364,4359,4442,4443,1128.0,1128.0,53.19148936170213,53.19148936170213,78,84,156.0,168.0,,,12.0,12.0,7.142857142857142
GDN0008,TiltLevel,9,9,9,4745,4745,5272,5272,4929,4924,5004,5012,1016.0,1016.0,59.05511811023622,59.05511811023622,75,88,150.0,176.0,,,26.0,26.0,14.772727272727273
GDN0008,TiltLevel,10,10,10,5272,5272,5808,5808,5436,5432,5515,5516,1100.0,1100.0,54.54545454545454,54.54545454545454,79,84,158.0,168.0,,,10.0,10.0,5.952380952380952
GDN0008,TiltLevel,11,11,11,5808,5808,6370,6370,5986,5981,6060,6064,1138.0,1138.0,52.72407732864675,52.72407732864675,74,83,148.0,166.0,,,18.0,18.0,10.843373493975903
GDN0008,TiltLevel,12,12,12,6370,6370,6900,6900,6555,6550,6630,6630,1018.0,1018.0,58.93909626719057,58.93909626719057,75,80,150.0,160.0,,,10.0,10.0,6.25
GDN0008,TiltLevel,13,13,13,6900,6900,7437,7437,7065,7060,7141,7136,1106.0,1106.0,54.24954792043399,54.24954792043399,76,76,152.0,152.0,,,0.0,0.0,0.0
GDN0008,TiltLevel,14,14,14,7437,7437,8003,8003,7617,7612,7690,7691,1144.0,1144.0,52.447552447552454,52.447552447552454,73,79,146.0,158.0,,,12.0,12.0,7.59493670886076
GDN0008,TiltLevel,15,15,15,8003,8003,8553,8553,8189,8184,8263,8272,1078.0,1078.0,55.65862708719851,55.65862708719851,74,88,148.0,176.0,,,28.0,28.0,15.909090909090908
GDN0008,TiltLevel,16,16,16,8553,8553,9151,9151,8729,8724,8803,8797,1258.0,1258.0,47.69475357710652,47.69475357710652,74,73,148.0,146.0,,,-2.0,2.0,1.36986301369863
GDN0008,TiltLevel,17,17,17,9151,9151,9771,9771,9358,9353,9432,9422,1230.0,1230.0,48.78048780487805,48.78048780487805,74,69,148.0,138.0,,,-10.0,10.0,7.246376811594203
GDN0008,TiltLevel,18,18,18,9771,9771,10358,10358,9972,9968,10049,10060,1146.0,1146.0,52.35602094240838,52.35602094240838,77,92,154.0,184.0,,,30.0,30.0,16.304347826086957
GDN0008,TiltLevel,19,19,19,10358,10358,10937,10937,10545,10540,10622,10622,1164.0,1164.0,51.54639175257732,51.54639175257732,77,82,154.0,164.0,,,10.0,10.0,6.097560975609756
GDN0008,TiltLevel,20,20,20,10937,10937,11485,11485,11128,11123,11206,11211,1058.0,1058.0,56.71077504725898,56.71077504725898,78,88,156.0,176.0,,,20.0,20.0,11.363636363636363
GDN0008,TiltLevel,21,21,21,11485,11485,12017,12017,11656,11652,11736,11741,1068.0,1068.0,56.17977528089887,56.17977528089887,80,89,160.0,178.0,,,18.0,18.0,10.112359550561797
GDN0008,TiltLevel,22,22,22,12017,12017,12606,12606,12190,12186,12271,12272,1236.0,1236.0,48.54368932038835,48.54368932038835,81,86,162.0,172.0,,,10.0,10.0,5.813953488372093
GDN0008,TiltLevel,23,23,23,12606,12606,13201,13201,12808,12804,12888,12890,1166.0,1166.0,51.45797598627787,51.45797598627787,80,86,160.0,172.0,,,12.0,12.0,6.976744186046512
GDN0008,TiltLevel,24,24,24,13201,13201,13809,13809,13391,13387,13469,13478,1244.0,1244.0,48.231511254019296,48.231511254019296,78,91,156.0,182.0,,,26.0,26.0,14.285714285714285
GDN0008,TiltLevel,25,25,25,13809,13809,14457,14457,14013,14009,14093,14101,1324.0,1324.0,45.31722054380664,45.31722054380664,80,92,160.0,184.0,,,24.0,24.0,13.043478260869565
GDN0008,TiltLevel,26,26,26,14457,14457,15063,15063,14675,14671,14755,14757,1150.0,1150.0,52.173913043478265,52.173913043478265,80,86,160.0,172.0,,,12.0,12.0,6.976744186046512
GDN0008,TiltLevel,27,27,27,15063,15063,15657,15657,15250,15246,15329,15335,1208.0,1208.0,49.66887417218543,49.66887417218543,79,89,158.0,178.0,,,20.0,20.0,11.235955056179774
GDN0008,TiltLevel,28,28,28,15657,15657,16237,16237,15854,15850,15934,15937,1136.0,1136.0,52.81690140845071,52.81690140845071,80,87,160.0,174.0,,,14.0,14.0,8.045977011494253
GDN0008,TiltLevel,29,29,29,16237,16237,16817,16817,16421,16417,16502,16506,1172.0,1172.0,51.19453924914676,51.19453924914676,81,89,162.0,178.0,,,16.0,16.0,8.98876404494382
GDN0008,TiltLevel,30,30,30,16817,16817,17405,17405,17008,17004,17088,17091,1178.0,1178.0,50.93378607809847,50.93378607809847,80,87,160.0,174.0,,,14.0,14.0,8.045977011494253
GDN0008,TiltLevel,31,31,31,17405,17405,17958,17958,17597,17592,17674,17688,1068.0,1068.0,56.17977528089887,56.17977528089887,77,96,154.0,192.0,,,38.0,38.0,19.791666666666664
GDN0008,TiltLevel,32,32,32,17958,17958,18478,18478,18131,18127,18208,18220,1024.0,1024.0,58.59375,58.59375,77,93,154.0,186.0,,,32.0,32.0,17.20430107526882
GDN0008,TiltLevel,33,33,33,18478,18478,18996,18996,18643,18639,18721,18730,1042.0,1042.0,57.58157389635316,57.58157389635316,78,91,156.0,182.0,,,26.0,26.0,14.285714285714285
GDN0008,TiltLevel,34,34,34,18996,18996,19597,19597,19164,19159,19242,19246,1290.0,1290.0,46.51162790697674,46.51162790697674,78,87,156.0,174.0,,,18.0,18.0,10.344827586206897
GDN0008,TiltLevel,35,35,35,19597,19597,20234,20234,19808,19804,19889,19912,1264.0,1264.0,47.46835443037975,47.46835443037975,81,108,162.0,216.0,,,54.0,54.0,25.0
GDN0008,TiltLevel,36,36,36,20234,20234,20853,20853,20441,20437,20521,20525,1226.0,1226.0,48.939641109298535,48.939641109298535,80,88,160.0,176.0,,,16.0,16.0,9.090909090909092
GDN0008,TiltLevel,37,37,37,20853,20853,21481,21481,21054,21049,21132,21143,1272.0,1272.0,47.16981132075472,47.16981132075472,78,94,156.0,188.0,,,32.0,32.0,17.02127659574468
GDN0008,TiltLevel,38,38,38,21481,21481,22114,22114,21690,21686,21771,21772,1260.0,1260.0,47.61904761904762,47.61904761904762,81,86,162.0,172.0,,,10.0,10.0,5.813953488372093
GDN0008,TiltLevel,39,39,39,22114,22114,22712,22712,22320,22316,22398,22404,1164.0,1164.0,51.54639175257732,51.54639175257732,78,88,156.0,176.0,,,20.0,20.0,11.363636363636363
GDN0008,TiltLevel,40,40,40,22712,22712,23290,23290,22901,22897,22981,22986,1150.0,1150.0,52.173913043478265,52.173913043478265,80,89,160.0,178.0,,,18.0,18.0,10.112359550561797
GDN0008,TiltLevel,41,41,41,23290,23290,23839,23839,23477,23472,23557,23558,1070.0,1070.0,56.074766355140184,56.074766355140184,80,86,160.0,172.0,,,12.0,12.0,6.976744186046512
GDN0008,TiltLevel,42,42,42,23839,23839,24378,24378,24011,24007,24090,24099,1084.0,1084.0,55.35055350553505,55.35055350553505,79,92,158.0,184.0,,,26.0,26.0,14.130434782608695
GDN0008,TiltLevel,43,43,43,24378,24378,24941,24941,24554,24549,24631,24622,1148.0,1148.0,52.264808362369344,52.264808362369344,77,73,154.0,146.0,,,-8.0,8.0,5.47945205479452
GDN0008,TiltLevel,44,44,44,24941,24941,25500,25499,25128,25124,25206,25205,1100.0,1100.0,54.54545454545454,54.54545454545454,78,81,156.0,162.0,,,6.0,6.0,3.7037037037037033
GDN0008,TiltLevel,45,45,45,25500,25499,26083,26083,25678,25674,25756,25759,1204.0,1204.0,49.83388704318937,49.83388704318937,78,85,156.0,170.0,,,14.0,14.0,8.235294117647058
GDN0008,TiltLevel,46,46,46,26083,26083,26681,26681,26279,26275,26359,26362,1190.0,1190.0,50.420168067226896,50.420168067226896,80,87,160.0,174.0,,,14.0,14.0,8.045977011494253
GDN0008,TiltLevel,47,47,47,26681,26681,27260,27260,26875,26869,26952,26961,1140.0,1140.0,52.631578947368425,52.631578947368425,77,92,154.0,184.0,,,30.0,30.0,16.304347826086957
GDN0008,TiltLevel,48,48,48,27260,27260,27851,27850,27445,27441,27520,27527,1206.0,1206.0,49.75124378109453,49.75124378109453,75,86,150.0,172.0,,,22.0,22.0,12.790697674418606
GDN0008,TiltLevel,49,49,49,27851,27850,28414,28414,28048,28044,28125,28131,1082.0,1082.0,55.452865064695004,55.452865064695004,77,87,154.0,174.0,,,20.0,20.0,11.494252873563218
GDN0008,TiltLevel,50,50,50,28414,28414,28963,28963,28589,28583,28668,28675,1108.0,1108.0,54.15162454873646,54.15162454873646,79,92,158.0,184.0,,,26.0,26.0,14.130434782608695
GDN0008,TiltLevel,51,51,51,28963,28963,29542,29542,29143,29139,29224,29201,1184.0,1184.0,50.67567567567568,50.67567567567568,81,62,162.0,124.0,,,-38.0,38.0,30.64516129032258
GDN0009,Pause,0,0,0,226,226,587,587,341,341,405,420,722.0,722.0,83.10249307479225,83.10249307479225,64,79,128.0,158.0,,,30.0,30.0,18.9873417721519
GDN0009,Pause,3,3,3,1571,1571,2180,2180,1756,1762,,1823,1252.0,1252.0,47.92332268370607,47.92332268370607,,61,,122.0,c_point_nan,,,,
GDN0009,Pause,4,4,4,2180,2180,2634,2634,2382,2389,2456,2453,722.0,722.0,83.10249307479225,83.10249307479225,74,64,148.0,128.0,,,-20.0,20.0,15.625
GDN0009,Pause,5,5,5,2634,2634,3076,3076,2751,2750,,2831,972.0,972.0,61.7283950617284,61.7283950617284,,81,,162.0,c_point_nan,,,,
GDN0009,Pause,8,8,8,4211,4211,4661,4661,4405,4412,4480,4475,734.0,734.0,81.74386920980926,81.74386920980926,75,63,150.0,126.0,,,-24.0,24.0,19.047619047619047
GDN0009,Pause,9,9,9,4661,4661,5108,5108,4780,4779,,4851,980.0,980.0,61.224489795918366,61.224489795918366,,72,,144.0,c_point_nan,,,,
GDN0009,Pause,10,10,10,5108,5108,5645,5645,5262,5268,,5350,1126.0,1126.0,53.28596802841919,53.28596802841919,,82,,164.0,c_point_nan,,,,
GDN0009,Pause,11,11,11,5645,5645,6227,6227,5825,5831,,5903,1184.0,1184.0,50.67567567567568,50.67567567567568,,72,,144.0,c_point_nan,,,,
GDN0009,Pause,12,12,12,6227,6227,6676,6676,6417,6423,6492,6504,744.0,744.0,80.64516129032258,80.64516129032258,75,81,150.0,162.0,,,12.0,12.0,7.4074074074074066
GDN0009,Pause,13,13,13,6676,6676,7125,7125,6796,6795,,6887,982.0,982.0,61.09979633401222,61.09979633401222,,92,,184.0,c_point_nan,,,,
GDN0009,Pause,14,14,14,7125,7125,7664,7664,7280,7287,,7361,1130.0,1130.0,53.09734513274337,53.09734513274337,,74,,148.0,c_point_nan,,,,
GDN0009,Pause,15,15,15,7664,7664,8253,8253,7844,7851,,7927,1202.0,1202.0,49.91680532445923,49.91680532445923,,76,,152.0,c_point_nan,,,,
GDN0009,Pause,16,16,16,8253,8253,8904,8904,8446,8452,8516,8523,1358.0,1358.0,44.18262150220913,44.18262150220913,70,71,140.0,142.0,,,2.0,2.0,1.4084507042253522
GDN0009,Pause,17,17,17,8904,8904,9386,9386,9126,9132,9200,9206,752.0,752.0,79.7872340425532,79.7872340425532,74,74,148.0,148.0,,,0.0,0.0,0.0
GDN0009,Pause,18,18,18,9386,9386,9836,9836,9508,9508,,9599,978.0,978.0,61.34969325153374,61.34969325153374,,91,,182.0,c_point_nan,,,,
GDN0009,Pause,19,19,19,9836,9836,10388,10388,9996,9996,10063,10065,1172.0,1172.0,51.19453924914676,51.19453924914676,67,69,134.0,138.0,,,4.0,4.0,2.898550724637681
GDN0009,Pause,20,20,20,10388,10388,11016,11016,10577,10583,10651,10658,1302.0,1302.0,46.08294930875576,46.08294930875576,74,75,148.0,150.0,,,2.0,2.0,1.3333333333333335
GDN0009,Pause,21,21,21,11016,11016,11482,11482,11227,11233,11301,11309,732.0,732.0,81.9672131147541,81.9672131147541,74,76,148.0,152.0,,,4.0,4.0,2.631578947368421
GDN0009,Pause,22,22,22,11482,11482,11926,11926,11601,11600,,11684,972.0,972.0,61.7283950617284,61.7283950617284,,84,,168.0,c_point_nan,,,,
GDN0009,Pause,23,23,23,11926,11926,12509,12509,12079,12085,12152,12159,1270.0,1270.0,47.24409448818898,47.24409448818898,73,74,146.0,148.0,,,2.0,2.0,1.3513513513513513
GDN0009,Pause,24,24,24,12509,12509,12982,12982,12715,12720,12791,12800,772.0,772.0,77.720207253886,77.720207253886,76,80,152.0,160.0,,,8.0,8.0,5.0
GDN0009,Pause,25,25,25,12982,12982,13436,13436,13107,13107,,13193,980.0,980.0,61.224489795918366,61.224489795918366,,86,,172.0,c_point_nan,,,,
GDN0009,Pause,26,26,26,13436,13436,13978,13978,13590,13596,,13678,1142.0,1142.0,52.53940455341507,52.53940455341507,,82,,164.0,c_point_nan,,,,
GDN0009,Pause,27,27,27,13978,13978,14418,14418,14161,14167,14234,14234,740.0,740.0,81.08108108108108,81.08108108108108,73,67,146.0,134.0,,,-12.0,12.0,8.955223880597014
GDN0009,Pause,28,28,28,14418,14418,14863,14863,14538,14537,,14621,970.0,970.0,61.855670103092784,61.855670103092784,,84,,168.0,c_point_nan,,,,
GDN0009,Pause,29,29,29,14863,14863,15400,15400,15017,15023,,15113,1128.0,1128.0,53.19148936170213,53.19148936170213,,90,,180.0,c_point_nan,,,,
GDN0009,Pause,30,30,30,15400,15400,15975,15975,15580,15586,15655,15651,1164.0,1164.0,51.54639175257732,51.54639175257732,75,65,150.0,130.0,,,-20.0,20.0,15.384615384615385
GDN0009,Pause,31,31,31,15975,15975,16417,16417,16162,16168,16236,16242,732.0,732.0,81.9672131147541,81.9672131147541,74,74,148.0,148.0,,,0.0,0.0,0.0
GDN0009,Pause,32,32,32,16417,16417,16862,16862,16535,16534,,16614,974.0,974.0,61.601642710472284,61.601642710472284,,80,,160.0,c_point_nan,,,,
GDN0009,Pause,33,33,33,16862,16862,17389,17389,17015,17021,,17088,1098.0,1098.0,54.64480874316939,54.64480874316939,,67,,134.0,c_point_nan,,,,
GDN0009,Pause,34,34,34,17389,17389,17959,17959,17564,17570,,17635,1164.0,1164.0,51.54639175257732,51.54639175257732,,65,,130.0,c_point_nan,,,,
GDN0009,Pause,35,35,35,17959,17959,18400,18400,18147,18153,18220,18219,728.0,728.0,82.41758241758242,82.41758241758242,73,66,146.0,132.0,,,-14.0,14.0,10.606060606060606
GDN0009,Pause,36,36,36,18400,18400,18840,18840,18518,18517,18589,18596,964.0,964.0,62.24066390041494,62.24066390041494,71,79,142.0,158.0,,,16.0,16.0,10.126582278481013
GDN0009,Pause,37,37,37,18840,18840,19377,19377,18993,18998,,19068,1132.0,1132.0,53.0035335689046,53.0035335689046,,70,,140.0,c_point_nan,,,,
GDN0009,Pause,39,39,39,19960,19960,20405,20405,20158,20157,20224,20230,728.0,728.0,82.41758241758242,82.41758241758242,66,73,132.0,146.0,,,14.0,14.0,9.58904109589041
GDN0009,Pause,40,40,40,20405,20405,20843,20843,20523,20522,,20606,958.0,958.0,62.63048016701462,62.63048016701462,,84,,168.0,c_point_nan,,,,
GDN0009,Pause,41,41,41,20843,20843,21380,21380,20994,21000,,21077,1136.0,1136.0,52.81690140845071,52.81690140845071,,77,,154.0,c_point_nan,,,,
GDN0009,Pause,42,42,42,21380,21380,21986,21986,21562,21568,21629,21646,1252.0,1252.0,47.92332268370607,47.92332268370607,67,78,134.0,156.0,,,22.0,22.0,14.102564102564102
GDN0009,Pause,43,43,43,21986,21986,22440,22440,22188,22194,22258,22257,722.0,722.0,83.10249307479225,83.10249307479225,70,63,140.0,126.0,,,-14.0,14.0,11.11111111111111
GDN0009,Pause,44,44,44,22440,22440,22878,22878,22556,22555,,22638,960.0,960.0,62.5,62.5,,83,,166.0,c_point_nan,,,,
GDN0009,Pause,45,45,45,22878,22878,23411,23411,23028,23035,23104,23114,1124.0,1124.0,53.380782918149464,53.380782918149464,76,79,152.0,158.0,,,6.0,6.0,3.79746835443038
GDN0009,Pause,46,46,46,23411,23411,24008,24008,23591,23597,23666,23664,1232.0,1232.0,48.701298701298704,48.701298701298704,75,67,150.0,134.0,,,-16.0,16.0,11.940298507462686
GDN0009,Pause,48,48,48,24467,24467,24918,24918,24589,24588,,24671,984.0,984.0,60.97560975609756,60.97560975609756,,83,,166.0,c_point_nan,,,,
GDN0009,Pause,49,49,49,24918,24918,25465,25465,25080,25080,25145,25143,1154.0,1154.0,51.99306759098787,51.99306759098787,65,63,130.0,126.0,,,-4.0,4.0,3.1746031746031744
GDN0009,Pause,50,50,50,25465,25465,26056,26056,25649,25656,25721,25726,1198.0,1198.0,50.08347245409015,50.08347245409015,72,70,144.0,140.0,,,-4.0,4.0,2.857142857142857
GDN0009,Pause,51,51,51,26056,26056,26677,26677,26249,26255,26321,26335,1264.0,1264.0,47.46835443037975,47.46835443037975,72,80,144.0,160.0,,,16.0,16.0,10.0
GDN0009,Pause,52,52,52,26677,26677,27135,27135,26882,26887,26954,26951,728.0,728.0,82.41758241758242,82.41758241758242,72,64,144.0,128.0,,,-16.0,16.0,12.5
GDN0009,Pause,53,53,53,27135,27135,27577,27577,27253,27252,,27336,968.0,968.0,61.98347107438017,61.98347107438017,,84,,168.0,c_point_nan,,,,
GDN0009,Pause,54,54,54,27577,27577,28118,28118,27729,27735,27804,27810,1144.0,1144.0,52.447552447552454,52.447552447552454,75,75,150.0,150.0,,,0.0,0.0,0.0
GDN0009,Pause,55,55,55,28118,28118,28728,28728,28301,28307,,28368,1262.0,1262.0,47.543581616481774,47.543581616481774,,61,,122.0,c_point_nan,,,,
GDN0009,Pause,56,56,56,28728,28728,29192,29192,28932,28938,29009,29009,748.0,748.0,80.21390374331551,80.21390374331551,77,71,154.0,142.0,,,-12.0,12.0,8.450704225352112
GDN0009,Pause,57,57,57,29192,29192,29642,29642,29314,29313,,29401,982.0,982.0,61.09979633401222,61.09979633401222,,88,,176.0,c_point_nan,,,,
GDN0009,Valsalva,0,0,0,272,272,718,718,417,417,489,487,892.0,892.0,67.26457399103138,67.26457399103138,72,70,144.0,140.0,,,-4.0,4.0,2.857142857142857
GDN0009,Valsalva,1,1,1,718,718,1162,1162,865,863,,945,886.0,886.0,67.72009029345372,67.72009029345372,,82,,164.0,c_point_nan,,,,
GDN0009,Valsalva,2,2,2,1162,1162,1662,1662,1307,1306,,1377,1062.0,1062.0,56.497175141242934,56.497175141242934,,71,,142.0,c_point_nan,,,,
GDN0009,Valsalva,3,3,3,1662,1662,2111,2111,1840,1838,1904,1908,810.0,810.0,74.07407407407408,74.07407407407408,64,70,128.0,140.0,,,12.0,12.0,8.571428571428571
GDN0009,Valsalva,4,4,4,2111,2111,2555,2555,2243,2242,2312,2310,930.0,930.0,64.51612903225806,64.51612903225806,69,68,138.0,136.0,,,-2.0,2.0,1.4705882352941175
GDN0009,Valsalva,5,5,5,2555,2555,3066,3066,2708,2707,,2772,1070.0,1070.0,56.074766355140184,56.074766355140184,,65,,130.0,c_point_nan,,,,
GDN0009,Valsalva,6,6,6,3066,3066,3602,3602,3237,3242,3306,3307,1074.0,1074.0,55.865921787709496,55.865921787709496,69,65,138.0,130.0,,,-8.0,8.0,6.153846153846154
GDN0009,Valsalva,7,7,7,3602,3602,4136,4136,3774,3779,3840,3840,1064.0,1064.0,56.39097744360902,56.39097744360902,66,61,132.0,122.0,,,-10.0,10.0,8.19672131147541
GDN0009,Valsalva,8,8,8,4136,4136,4668,4668,4305,4311,4377,4387,1064.0,1064.0,56.39097744360902,56.39097744360902,72,76,144.0,152.0,,,8.0,8.0,5.263157894736842
GDN0009,Valsalva,9,9,9,4668,4668,5206,5206,4838,4843,4910,4912,1082.0,1082.0,55.452865064695004,55.452865064695004,72,69,144.0,138.0,,,-6.0,6.0,4.3478260869565215
GDN0009,Valsalva,10,10,10,5206,5206,5749,5749,5378,5384,5451,5472,1090.0,1090.0,55.04587155963302,55.04587155963302,73,88,146.0,176.0,,,30.0,30.0,17.045454545454543
GDN0009,Valsalva,11,11,11,5749,5749,6299,6299,5930,5930,5994,6013,1106.0,1106.0,54.24954792043399,54.24954792043399,64,83,128.0,166.0,,,38.0,38.0,22.89156626506024
GDN0009,Valsalva,12,12,12,6299,6299,6857,6857,6483,6482,6548,6549,1120.0,1120.0,53.57142857142857,53.57142857142857,65,67,130.0,134.0,,,4.0,4.0,2.9850746268656714
GDN0009,Valsalva,13,13,13,6857,6857,7420,7420,7043,7043,7108,7099,1128.0,1128.0,53.19148936170213,53.19148936170213,65,56,130.0,112.0,,,-18.0,18.0,16.071428571428573
GDN0009,Valsalva,14,14,14,7420,7420,7988,7988,7607,7606,7672,7676,1142.0,1142.0,52.53940455341507,52.53940455341507,65,70,130.0,140.0,,,10.0,10.0,7.142857142857142
GDN0009,Valsalva,15,15,15,7988,7988,8560,8560,8178,8177,8241,8246,1146.0,1146.0,52.35602094240838,52.35602094240838,63,69,126.0,138.0,,,12.0,12.0,8.695652173913043
GDN0009,Valsalva,16,16,16,8560,8560,9144,9144,8751,8750,8816,8818,1178.0,1178.0,50.93378607809847,50.93378607809847,65,68,130.0,136.0,,,6.0,6.0,4.411764705882353
GDN0009,Valsalva,17,17,17,9144,9144,9740,9740,9340,9339,9409,9408,1200.0,1200.0,50.0,50.0,69,69,138.0,138.0,,,0.0,0.0,0.0
GDN0009,Valsalva,18,18,18,9740,9740,10349,10349,9941,9940,10014,10002,1228.0,1228.0,48.8599348534202,48.8599348534202,73,62,146.0,124.0,,,-22.0,22.0,17.741935483870968
GDN0009,Valsalva,19,19,19,10349,10349,10959,10959,10553,10553,10620,10617,1216.0,1216.0,49.3421052631579,49.3421052631579,67,64,134.0,128.0,,,-6.0,6.0,4.6875
GDN0009,Valsalva,20,20,20,10959,10959,11416,11416,11163,11161,11227,11240,750.0,750.0,80.0,80.0,64,79,128.0,158.0,,,30.0,30.0,18.9873417721519
GDN0009,Valsalva,21,21,21,11416,11416,11853,11853,11538,11536,11605,11615,942.0,942.0,63.69426751592357,63.69426751592357,67,79,134.0,158.0,,,24.0,24.0,15.18987341772152
GDN0009,Valsalva,22,22,22,11853,11853,12386,12386,12005,12007,12074,12084,1132.0,1132.0,53.0035335689046,53.0035335689046,69,77,138.0,154.0,,,16.0,16.0,10.38961038961039
GDN0009,Valsalva,23,23,23,12386,12386,12795,12795,12568,12573,12639,12620,650.0,650.0,92.3076923076923,92.3076923076923,71,47,142.0,94.0,,,-48.0,48.0,51.06382978723404
GDN0009,Valsalva,26,26,26,13484,13484,14020,14020,13656,13661,13734,13742,1070.0,1070.0,56.074766355140184,56.074766355140184,78,81,156.0,162.0,,,6.0,6.0,3.7037037037037033
GDN0009,Valsalva,27,27,27,14020,14020,14559,14559,14191,14196,,14272,1084.0,1084.0,55.35055350553505,55.35055350553505,,76,,152.0,c_point_nan,,,,
GDN0009,Valsalva,28,28,28,14559,14559,15101,15101,14733,14738,14811,14807,1084.0,1084.0,55.35055350553505,55.35055350553505,78,69,156.0,138.0,,,-18.0,18.0,13.043478260869565
GDN0009,Valsalva,29,29,29,15101,15101,15647,15647,15274,15280,,15351,1096.0,1096.0,54.74452554744525,54.74452554744525,,71,,142.0,c_point_nan,,,,
GDN0009,Valsalva,30,30,30,15647,15647,16206,16206,15823,15829,15895,15891,1128.0,1128.0,53.19148936170213,53.19148936170213,72,62,144.0,124.0,,,-20.0,20.0,16.129032258064516
GDN0009,Valsalva,31,31,31,16206,16206,16777,16777,16392,16392,16460,16461,1150.0,1150.0,52.173913043478265,52.173913043478265,68,69,136.0,138.0,,,2.0,2.0,1.4492753623188406
GDN0009,Valsalva,32,32,32,16777,16777,17364,17364,16968,16968,17036,17043,1188.0,1188.0,50.505050505050505,50.505050505050505,68,75,136.0,150.0,,,14.0,14.0,9.333333333333334
GDN0009,Valsalva,33,33,33,17364,17364,17983,17983,17561,17561,17623,17638,1266.0,1266.0,47.39336492890995,47.39336492890995,62,77,124.0,154.0,,,30.0,30.0,19.480519480519483
GDN0009,Valsalva,34,34,34,17983,17983,18455,18455,18195,18194,18262,18250,770.0,770.0,77.92207792207792,77.92207792207792,67,56,134.0,112.0,,,-22.0,22.0,19.642857142857142
GDN0009,Valsalva,35,35,35,18455,18455,18901,18901,18581,18580,,18668,956.0,956.0,62.761506276150634,62.761506276150634,,88,,176.0,c_point_nan,,,,
GDN0009,Valsalva,36,36,36,18901,18901,19436,19436,19052,19057,19129,19125,1132.0,1132.0,53.0035335689046,53.0035335689046,77,68,154.0,136.0,,,-18.0,18.0,13.23529411764706
GDN0009,Valsalva,37,37,37,19436,19436,20023,20023,19624,19623,19691,19695,1196.0,1196.0,50.16722408026756,50.16722408026756,67,72,134.0,144.0,,,10.0,10.0,6.944444444444445
GDN0009,Valsalva,38,38,38,20023,20023,20663,20663,20222,20222,20287,20290,1326.0,1326.0,45.24886877828054,45.24886877828054,65,68,130.0,136.0,,,6.0,6.0,4.411764705882353
GDN0009,Valsalva,39,39,39,20663,20663,21140,21140,20884,20884,20953,20963,754.0,754.0,79.57559681697613,79.57559681697613,69,79,138.0,158.0,,,20.0,20.0,12.658227848101266
GDN0009,Valsalva,40,40,40,21140,21140,21578,21578,21263,21262,,21325,942.0,942.0,63.69426751592357,63.69426751592357,,63,,126.0,c_point_nan,,,,
GDN0009,Valsalva,42,42,42,22104,22104,22546,22546,22290,22288,22355,22365,760.0,760.0,78.94736842105263,78.94736842105263,65,77,130.0,154.0,,,24.0,24.0,15.584415584415584
GDN0009,Valsalva,43,43,43,22546,22546,22983,22983,22669,22668,22738,22743,936.0,936.0,64.1025641025641,64.1025641025641,69,75,138.0,150.0,,,12.0,12.0,8.0
GDN0009,Valsalva,44,44,44,22983,22983,23506,23506,23131,23136,23205,23207,1106.0,1106.0,54.24954792043399,54.24954792043399,74,71,148.0,142.0,,,-6.0,6.0,4.225352112676056
GDN0009,Valsalva,45,45,45,23506,23506,24054,24054,23684,23690,23758,23757,1088.0,1088.0,55.147058823529406,55.147058823529406,74,67,148.0,134.0,,,-14.0,14.0,10.44776119402985
GDN0009,Valsalva,46,46,46,24054,24054,24596,24596,24227,24233,24297,24304,1082.0,1082.0,55.452865064695004,55.452865064695004,70,71,140.0,142.0,,,2.0,2.0,1.4084507042253522
GDN0009,Valsalva,48,48,48,25136,25136,25680,25680,25309,25314,25387,25385,1092.0,1092.0,54.94505494505494,54.94505494505494,78,71,156.0,142.0,,,-14.0,14.0,9.859154929577464
GDN0009,Valsalva,49,49,49,25680,25680,26231,26231,25855,25860,25930,25928,1108.0,1108.0,54.15162454873646,54.15162454873646,75,68,150.0,136.0,,,-14.0,14.0,10.294117647058822
GDN0009,Valsalva,50,50,50,26231,26231,26798,26798,26409,26414,26484,26492,1148.0,1148.0,52.264808362369344,52.264808362369344,75,78,150.0,156.0,,,6.0,6.0,3.8461538461538463
GDN0009,Valsalva,51,51,51,26798,26798,27386,27386,26989,26989,27056,27048,1192.0,1192.0,50.33557046979866,50.33557046979866,67,59,134.0,118.0,,,-16.0,16.0,13.559322033898304
GDN0009,Valsalva,52,52,52,27386,27386,27999,27999,27585,27585,27653,27644,1244.0,1244.0,48.231511254019296,48.231511254019296,68,59,136.0,118.0,,,-18.0,18.0,15.254237288135593
GDN0009,Valsalva,53,53,53,27999,27999,28473,28473,28207,28206,28274,28282,788.0,788.0,76.14213197969544,76.14213197969544,67,76,134.0,152.0,,,18.0,18.0,11.842105263157894
GDN0009,Valsalva,54,54,54,28473,28473,28927,28927,28601,28601,,28694,972.0,972.0,61.7283950617284,61.7283950617284,,93,,186.0,c_point_nan,,,,
GDN0009,Valsalva,55,55,55,28927,28927,29468,29468,29082,29087,29154,29171,1140.0,1140.0,52.631578947368425,52.631578947368425,72,84,144.0,168.0,,,24.0,24.0,14.285714285714285
GDN0009,TiltUp,0,0,0,287,287,651,651,405,403,474,464,728.0,728.0,82.41758241758242,82.41758241758242,69,61,138.0,122.0,,,-16.0,16.0,13.114754098360656
GDN0009,TiltUp,1,1,1,651,651,1050,1050,764,768,837,822,836.0,836.0,71.77033492822967,71.77033492822967,73,54,146.0,108.0,,,-38.0,38.0,35.18518518518518
GDN0009,TiltUp,2,2,2,1050,1050,1444,1444,1180,1185,,1258,764.0,764.0,78.53403141361257,78.53403141361257,,73,,146.0,c_point_nan,,,,
GDN0009,TiltUp,3,3,3,1444,1444,1820,1820,1563,1568,,1649,746.0,746.0,80.4289544235925,80.4289544235925,,81,,162.0,c_point_nan,,,,
GDN0009,TiltUp,4,4,4,1820,1820,2189,2189,1941,1941,,2018,732.0,732.0,81.9672131147541,81.9672131147541,,77,,154.0,c_point_nan,,,,
GDN0009,TiltUp,5,5,5,2189,2189,2555,2555,2307,2306,,2385,732.0,732.0,81.9672131147541,81.9672131147541,,79,,158.0,c_point_nan,,,,
GDN0009,TiltUp,6,6,6,2555,2555,2925,2925,2674,2672,,2749,746.0,746.0,80.4289544235925,80.4289544235925,,77,,154.0,c_point_nan,,,,
GDN0009,TiltUp,7,7,7,2925,2925,3303,3303,3047,3045,,3129,760.0,760.0,78.94736842105263,78.94736842105263,,84,,168.0,c_point_nan,,,,
GDN0009,TiltUp,8,8,8,3303,3303,3685,3685,3426,3425,,3501,766.0,766.0,78.32898172323759,78.32898172323759,,76,,152.0,c_point_nan,,,,
GDN0009,TiltUp,9,9,9,3685,3685,4071,4071,3810,3808,,3881,774.0,774.0,77.51937984496124,77.51937984496124,,73,,146.0,c_point_nan,,,,
GDN0009,TiltUp,10,10,10,4071,4071,4459,4459,4197,4195,,4272,778.0,778.0,77.12082262210797,77.12082262210797,,77,,154.0,c_point_nan,,,,
GDN0009,TiltUp,11,11,11,4459,4459,4850,4850,4586,4584,,4671,784.0,784.0,76.53061224489795,76.53061224489795,,87,,174.0,c_point_nan,,,,
GDN0009,TiltUp,12,12,12,4850,4850,5240,5240,4977,4975,,5044,778.0,778.0,77.12082262210797,77.12082262210797,,69,,138.0,c_point_nan,,,,
GDN0009,TiltUp,13,13,13,5240,5240,5604,5604,5362,5358,5439,5443,702.0,702.0,85.47008547008548,85.47008547008548,77,85,154.0,170.0,,,16.0,16.0,9.411764705882353
GDN0009,TiltUp,14,14,14,5604,5604,5940,5940,5714,5709,5790,5790,654.0,654.0,91.74311926605505,91.74311926605505,76,81,152.0,162.0,,,10.0,10.0,6.172839506172839
GDN0009,TiltUp,15,15,15,5940,5940,6262,6262,6045,6043,6111,6123,640.0,640.0,93.75,93.75,66,80,132.0,160.0,,,28.0,28.0,17.5
GDN0009,TiltUp,16,16,16,6262,6262,6586,6586,6365,6363,,6432,652.0,652.0,92.02453987730061,92.02453987730061,,69,,138.0,c_point_nan,,,,
GDN0009,TiltUp,17,17,17,6586,6586,6924,6924,6692,6690,,6760,688.0,688.0,87.2093023255814,87.2093023255814,,70,,140.0,c_point_nan,,,,
GDN0009,TiltUp,18,18,18,6924,6924,7291,7291,7036,7034,,7117,760.0,760.0,78.94736842105263,78.94736842105263,,83,,166.0,c_point_nan,,,,
GDN0009,TiltUp,19,19,19,7291,7291,7686,7686,7416,7414,,7492,806.0,806.0,74.44168734491315,74.44168734491315,,78,,156.0,c_point_nan,,,,
GDN0009,TiltUp,20,20,20,7686,7686,8083,8083,7818,7816,,7898,788.0,788.0,76.14213197969544,76.14213197969544,,82,,164.0,c_point_nan,,,,
GDN0009,TiltUp,21,21,21,8083,8083,8464,8464,8212,8210,8284,8296,748.0,748.0,80.21390374331551,80.21390374331551,72,86,144.0,172.0,,,28.0,28.0,16.27906976744186
GDN0009,TiltUp,22,22,22,8464,8464,8824,8824,8586,8584,,8666,706.0,706.0,84.98583569405099,84.98583569405099,,82,,164.0,c_point_nan,,,,
GDN0009,TiltUp,23,23,23,8824,8824,9174,9174,8940,8937,,9023,696.0,696.0,86.20689655172414,86.20689655172414,,86,,172.0,c_point_nan,,,,
GDN0009,TiltUp,24,24,24,9174,9174,9516,9516,9288,9285,,9364,678.0,678.0,88.49557522123894,88.49557522123894,,79,,158.0,c_point_nan,,,,
GDN0009,TiltUp,25,25,25,9516,9516,9851,9851,9627,9625,,9720,666.0,666.0,90.09009009009009,90.09009009009009,,95,,190.0,c_point_nan,,,,
GDN0009,TiltUp,26,26,26,9851,9851,10182,10182,9960,9958,,10052,658.0,658.0,91.1854103343465,91.1854103343465,,94,,188.0,c_point_nan,,,,
GDN0009,TiltUp,27,27,27,10182,10182,10507,10507,10289,10287,,10377,646.0,646.0,92.87925696594426,92.87925696594426,,90,,180.0,c_point_nan,,,,
GDN0009,TiltUp,28,28,28,10507,10507,10828,10828,10613,10610,10683,10686,640.0,640.0,93.75,93.75,70,76,140.0,152.0,,,12.0,12.0,7.894736842105263
GDN0009,TiltUp,29,29,29,10828,10828,11147,11147,10932,10930,,11011,636.0,636.0,94.33962264150944,94.33962264150944,,81,,162.0,c_point_nan,,,,
GDN0009,TiltUp,30,30,30,11147,11147,11464,11464,11250,11248,,11334,634.0,634.0,94.6372239747634,94.6372239747634,,86,,172.0,c_point_nan,,,,
GDN0009,TiltUp,31,31,31,11464,11464,11780,11780,11567,11564,,11646,630.0,630.0,95.23809523809524,95.23809523809524,,82,,164.0,c_point_nan,,,,
GDN0009,TiltUp,32,32,32,11780,11780,12096,12096,11882,11880,11956,11970,634.0,634.0,94.6372239747634,94.6372239747634,74,90,148.0,180.0,,,32.0,32.0,17.77777777777778
GDN0009,TiltUp,33,33,33,12096,12096,12415,12415,12198,12196,12274,12264,640.0,640.0,93.75,93.75,76,68,152.0,136.0,,,-16.0,16.0,11.76470588235294
GDN0009,TiltUp,34,34,34,12415,12415,12743,12743,12519,12517,12589,12576,666.0,666.0,90.09009009009009,90.09009009009009,70,59,140.0,118.0,,,-22.0,22.0,18.64406779661017
GDN0009,TiltUp,35,35,35,12743,12743,13122,13122,12851,12849,12918,12923,806.0,806.0,74.44168734491315,74.44168734491315,67,74,134.0,148.0,,,14.0,14.0,9.45945945945946
GDN0009,TiltUp,36,36,36,13122,13122,13510,13510,13247,13244,13318,13334,760.0,760.0,78.94736842105263,78.94736842105263,71,90,142.0,180.0,,,38.0,38.0,21.11111111111111
GDN0009,TiltUp,37,37,37,13510,13510,13888,13888,13628,13624,13703,13714,754.0,754.0,79.57559681697613,79.57559681697613,75,90,150.0,180.0,,,30.0,30.0,16.666666666666664
GDN0009,TiltUp,38,38,38,13888,13888,14264,14264,14005,14010,,14081,750.0,750.0,80.0,80.0,,71,,142.0,c_point_nan,,,,
GDN0009,TiltUp,39,39,39,14264,14264,14634,14634,14385,14385,,14474,736.0,736.0,81.52173913043478,81.52173913043478,,89,,178.0,c_point_nan,,,,
GDN0009,TiltUp,40,40,40,14634,14634,15005,15005,14754,14753,,14827,744.0,744.0,80.64516129032258,80.64516129032258,,74,,148.0,c_point_nan,,,,
GDN0009,TiltUp,41,41,41,15005,15005,15379,15379,15126,15124,,15204,752.0,752.0,79.7872340425532,79.7872340425532,,80,,160.0,c_point_nan,,,,
GDN0009,TiltUp,42,42,42,15379,15379,15759,15759,15502,15500,,15564,762.0,762.0,78.74015748031496,78.74015748031496,,64,,128.0,c_point_nan,,,,
GDN0009,TiltUp,43,43,43,15759,15759,16141,16141,15882,15881,15948,15947,766.0,766.0,78.32898172323759,78.32898172323759,66,66,132.0,132.0,,,0.0,0.0,0.0
GDN0009,TiltUp,44,44,44,16141,16141,16526,16526,16266,16264,16333,16341,772.0,772.0,77.720207253886,77.720207253886,67,77,134.0,154.0,,,20.0,20.0,12.987012987012985
GDN0009,TiltUp,45,45,45,16526,16526,16913,16913,16652,16650,,16719,776.0,776.0,77.31958762886597,77.31958762886597,,69,,138.0,c_point_nan,,,,
GDN0009,TiltUp,46,46,46,16913,16913,17302,17302,17039,17037,17110,17120,778.0,778.0,77.12082262210797,77.12082262210797,71,83,142.0,166.0,,,24.0,24.0,14.457831325301203
GDN0009,TiltUp,47,47,47,17302,17302,17692,17692,17429,17427,,17501,782.0,782.0,76.72634271099744,76.72634271099744,,74,,148.0,c_point_nan,,,,
GDN0009,TiltUp,48,48,48,17692,17692,18066,18066,17819,17817,,17884,728.0,728.0,82.41758241758242,82.41758241758242,,67,,134.0,c_point_nan,,,,
GDN0009,TiltUp,49,49,49,18066,18066,18408,18408,18184,18175,18257,18243,660.0,660.0,90.9090909090909,90.9090909090909,73,68,146.0,136.0,,,-10.0,10.0,7.352941176470589
GDN0009,TiltUp,50,50,50,18408,18408,18731,18731,18514,18505,18588,18592,640.0,640.0,93.75,93.75,74,87,148.0,174.0,,,26.0,26.0,14.942528735632186
GDN0009,TiltUp,51,51,51,18731,18731,19048,19048,18835,18833,18903,18901,632.0,632.0,94.9367088607595,94.9367088607595,68,68,136.0,136.0,,,0.0,0.0,0.0
GDN0009,TiltUp,53,53,53,19367,19367,19700,19700,19470,19468,,19535,680.0,680.0,88.23529411764706,88.23529411764706,,67,,134.0,c_point_nan,,,,
GDN0009,TiltUp,54,54,54,19700,19700,20080,20080,19810,19808,,19894,804.0,804.0,74.62686567164178,74.62686567164178,,86,,172.0,c_point_nan,,,,
GDN0009,TiltUp,55,55,55,20080,20080,20476,20476,20212,20211,,20284,786.0,786.0,76.33587786259541,76.33587786259541,,73,,146.0,c_point_nan,,,,
GDN0009,TiltUp,56,56,56,20476,20476,20862,20862,20605,20603,,20688,764.0,764.0,78.53403141361257,78.53403141361257,,85,,170.0,c_point_nan,,,,
GDN0009,TiltUp,57,57,57,20862,20862,21244,21244,20987,20985,21057,21073,764.0,764.0,78.53403141361257,78.53403141361257,70,88,140.0,176.0,,,36.0,36.0,20.454545454545457
GDN0009,TiltUp,58,58,58,21244,21244,21627,21627,21369,21367,,21450,766.0,766.0,78.32898172323759,78.32898172323759,,83,,166.0,c_point_nan,,,,
GDN0009,TiltUp,59,59,59,21627,21627,22010,22010,21752,21750,,21838,766.0,766.0,78.32898172323759,78.32898172323759,,88,,176.0,c_point_nan,,,,
GDN0009,TiltUp,60,60,60,22010,22010,22393,22393,22134,22133,22204,22209,766.0,766.0,78.32898172323759,78.32898172323759,70,76,140.0,152.0,,,12.0,12.0,7.894736842105263
GDN0009,TiltUp,61,61,61,22393,22393,22766,22766,22515,22509,22588,22594,734.0,734.0,81.74386920980926,81.74386920980926,73,85,146.0,170.0,,,24.0,24.0,14.117647058823529
GDN0009,TiltUp,62,62,62,22766,22766,23111,23111,22884,22875,22953,22960,668.0,668.0,89.82035928143712,89.82035928143712,69,85,138.0,170.0,,,32.0,32.0,18.823529411764707
GDN0009,TiltUp,63,63,63,23111,23111,23447,23447,23219,23217,,23275,674.0,674.0,89.02077151335311,89.02077151335311,,58,,116.0,c_point_nan,,,,
GDN0009,TiltUp,64,64,64,23447,23447,23795,23795,23556,23554,,23597,708.0,708.0,84.74576271186442,84.74576271186442,,43,,86.0,c_point_nan,,,,
GDN0009,TiltUp,65,65,65,23795,23795,24186,24186,23910,23908,,23985,822.0,822.0,72.99270072992701,72.99270072992701,,77,,154.0,c_point_nan,,,,
GDN0009,TiltUp,66,66,66,24186,24186,24580,24580,24315,24319,,24400,770.0,770.0,77.92207792207792,77.92207792207792,,81,,162.0,c_point_nan,,,,
GDN0009,TiltUp,67,67,67,24580,24580,24965,24965,24705,24704,,24789,768.0,768.0,78.125,78.125,,85,,170.0,c_point_nan,,,,
GDN0009,TiltUp,68,68,68,24965,24965,25349,25349,25090,25087,,25164,768.0,768.0,78.125,78.125,,77,,154.0,c_point_nan,,,,
GDN0009,TiltUp,69,69,69,25349,25349,25733,25733,25474,25472,,25559,768.0,768.0,78.125,78.125,,87,,174.0,c_point_nan,,,,
GDN0009,TiltUp,70,70,70,25733,25733,26119,26119,25858,25856,,25943,774.0,774.0,77.51937984496124,77.51937984496124,,87,,174.0,c_point_nan,,,,
GDN0009,TiltUp,71,71,71,26119,26119,26506,26505,26245,26243,,26324,776.0,776.0,77.31958762886597,77.31958762886597,,81,,162.0,c_point_nan,,,,
GDN0009,TiltUp,72,72,72,26506,26505,26894,26894,26632,26630,,26700,776.0,776.0,77.31958762886597,77.31958762886597,,70,,140.0,c_point_nan,,,,
GDN0009,TiltUp,73,73,73,26894,26894,27280,27279,27021,27019,,27108,770.0,770.0,77.92207792207792,77.92207792207792,,89,,178.0,c_point_nan,,,,
GDN0009,TiltUp,74,74,74,27280,27279,27646,27646,27406,27404,,27472,712.0,712.0,84.26966292134831,84.26966292134831,,68,,136.0,c_point_nan,,,,
GDN0009,TiltUp,75,75,75,27646,27646,27993,27993,27763,27760,,27834,684.0,684.0,87.71929824561403,87.71929824561403,,74,,148.0,c_point_nan,,,,
GDN0009,TiltUp,76,76,76,27993,27993,28330,28330,28104,28102,,28190,668.0,668.0,89.82035928143712,89.82035928143712,,88,,176.0,c_point_nan,,,,
GDN0009,TiltUp,77,77,77,28330,28330,28663,28663,28439,28437,,28515,664.0,664.0,90.36144578313252,90.36144578313252,,78,,156.0,c_point_nan,,,,
GDN0009,TiltUp,78,78,78,28663,28663,28994,28993,28771,28767,28840,28849,662.0,662.0,90.63444108761328,90.63444108761328,69,82,138.0,164.0,,,26.0,26.0,15.853658536585366
GDN0009,TiltUp,79,79,79,28994,28993,29328,29328,29102,29099,,29185,672.0,672.0,89.28571428571428,89.28571428571428,,86,,172.0,c_point_nan,,,,
GDN0009,TiltUp,80,80,80,29328,29328,29666,29666,29438,29435,,29534,678.0,678.0,88.49557522123894,88.49557522123894,,99,,198.0,c_point_nan,,,,
GDN0009,TiltLevel,0,0,0,505,505,1073,1073,688,693,,769,1136.0,1136.0,52.81690140845071,52.81690140845071,,76,,152.0,c_point_nan,,,,
GDN0009,TiltLevel,1,1,1,1073,1073,1660,1660,1257,1261,1330,1334,1194.0,1194.0,50.25125628140704,50.25125628140704,73,73,146.0,146.0,,,0.0,0.0,0.0
GDN0009,TiltLevel,2,2,2,1660,1660,2301,2301,1858,1858,1924,1930,1330.0,1330.0,45.11278195488722,45.11278195488722,66,72,132.0,144.0,,,12.0,12.0,8.333333333333332
GDN0009,TiltLevel,3,3,3,2301,2301,2776,2776,2524,2523,2590,2600,746.0,746.0,80.4289544235925,80.4289544235925,66,77,132.0,154.0,,,22.0,22.0,14.285714285714285
GDN0009,TiltLevel,4,4,4,2776,2776,3218,3218,2898,2896,2971,2968,958.0,958.0,62.63048016701462,62.63048016701462,73,72,146.0,144.0,,,-2.0,2.0,1.3888888888888888
GDN0009,TiltLevel,5,5,5,3218,3218,3638,3638,3375,3375,3442,3453,774.0,774.0,77.51937984496124,77.51937984496124,67,78,134.0,156.0,,,22.0,22.0,14.102564102564102
GDN0009,TiltLevel,6,6,6,3638,3638,4084,4084,3762,3754,3833,3848,958.0,958.0,62.63048016701462,62.63048016701462,71,94,142.0,188.0,,,46.0,46.0,24.46808510638298
GDN0009,TiltLevel,7,7,7,4084,4084,4610,4610,4237,4233,4306,4306,1100.0,1100.0,54.54545454545454,54.54545454545454,69,73,138.0,146.0,,,8.0,8.0,5.47945205479452
GDN0009,TiltLevel,8,8,8,4610,4610,5160,5160,4786,4782,,4865,1100.0,1100.0,54.54545454545454,54.54545454545454,,83,,166.0,c_point_nan,,,,
GDN0009,TiltLevel,10,10,10,5701,5701,6246,6246,5873,5869,,5947,1098.0,1098.0,54.64480874316939,54.64480874316939,,78,,156.0,c_point_nan,,,,
GDN0009,TiltLevel,11,11,11,6246,6246,6798,6798,6422,6427,,6507,1108.0,1108.0,54.15162454873646,54.15162454873646,,80,,160.0,c_point_nan,,,,
GDN0009,TiltLevel,12,12,12,6798,6798,7355,7355,6976,6980,,7062,1116.0,1116.0,53.76344086021505,53.76344086021505,,82,,164.0,c_point_nan,,,,
GDN0009,TiltLevel,13,13,13,7355,7355,7915,7915,7535,7539,7611,7623,1124.0,1124.0,53.380782918149464,53.380782918149464,76,84,152.0,168.0,,,16.0,16.0,9.523809523809524
GDN0009,TiltLevel,14,14,14,7915,7915,8484,8484,8096,8101,,8184,1144.0,1144.0,52.447552447552454,52.447552447552454,,83,,166.0,c_point_nan,,,,
GDN0009,TiltLevel,15,15,15,8484,8484,9066,9066,8673,8673,,8754,1176.0,1176.0,51.02040816326531,51.02040816326531,,81,,162.0,c_point_nan,,,,
GDN0009,TiltLevel,16,16,16,9066,9066,9516,9516,9262,9260,9331,9339,752.0,752.0,79.7872340425532,79.7872340425532,69,79,138.0,158.0,,,20.0,20.0,12.658227848101266
GDN0009,TiltLevel,17,17,17,9516,9516,9961,9961,9639,9637,9709,9699,964.0,964.0,62.24066390041494,62.24066390041494,70,62,140.0,124.0,,,-16.0,16.0,12.903225806451612
GDN0009,TiltLevel,18,18,18,9961,9961,10510,10510,10116,10111,10187,10192,1170.0,1170.0,51.282051282051285,51.282051282051285,71,81,142.0,162.0,,,20.0,20.0,12.345679012345679
GDN0009,TiltLevel,19,19,19,10510,10510,11102,11102,10699,10695,10769,10773,1192.0,1192.0,50.33557046979866,50.33557046979866,70,78,140.0,156.0,,,16.0,16.0,10.256410256410255
GDN0009,TiltLevel,20,20,20,11102,11102,11685,11685,11295,11301,11369,11368,1152.0,1152.0,52.083333333333336,52.083333333333336,74,67,148.0,134.0,,,-14.0,14.0,10.44776119402985
GDN0009,TiltLevel,23,23,23,12842,12842,13436,13436,13031,13036,,13102,1198.0,1198.0,50.08347245409015,50.08347245409015,,66,,132.0,c_point_nan,,,,
GDN0009,TiltLevel,24,24,24,13436,13436,14056,14056,13631,13635,13703,13707,1260.0,1260.0,47.61904761904762,47.61904761904762,72,72,144.0,144.0,,,0.0,0.0,0.0
GDN0009,TiltLevel,25,25,25,14056,14056,14528,14528,14261,14265,14335,14336,774.0,774.0,77.51937984496124,77.51937984496124,74,71,148.0,142.0,,,-6.0,6.0,4.225352112676056
GDN0009,TiltLevel,26,26,26,14528,14528,14982,14982,14653,14652,,14743,982.0,982.0,61.09979633401222,61.09979633401222,,91,,182.0,c_point_nan,,,,
GDN0009,TiltLevel,27,27,27,14982,14982,15532,15532,15139,15143,,15211,1162.0,1162.0,51.63511187607573,51.63511187607573,,68,,136.0,c_point_nan,,,,
GDN0009,TiltLevel,28,28,28,15532,15532,16134,16134,15720,15724,15790,15812,1228.0,1228.0,48.8599348534202,48.8599348534202,70,88,140.0,176.0,,,36.0,36.0,20.454545454545457
GDN0009,TiltLevel,29,29,29,16134,16134,16601,16601,16333,16338,16405,16429,776.0,776.0,77.31958762886597,77.31958762886597,72,91,144.0,182.0,,,38.0,38.0,20.87912087912088
GDN0009,TiltLevel,30,30,30,16601,16601,17057,17057,16727,16726,,16798,986.0,986.0,60.851926977687626,60.851926977687626,,72,,144.0,c_point_nan,,,,
GDN0009,TiltLevel,31,31,31,17057,17057,17604,17604,17214,17219,17288,17278,1150.0,1150.0,52.173913043478265,52.173913043478265,74,59,148.0,118.0,,,-30.0,30.0,25.423728813559322
GDN0009,TiltLevel,32,32,32,17604,17604,18192,18192,17789,17794,17862,17846,1192.0,1192.0,50.33557046979866,50.33557046979866,73,52,146.0,104.0,,,-42.0,42.0,40.38461538461539
GDN0009,TiltLevel,33,33,33,18192,18192,18804,18804,18386,18390,,18474,1240.0,1240.0,48.38709677419355,48.38709677419355,,84,,168.0,c_point_nan,,,,
GDN0009,TiltLevel,34,34,34,18804,18804,19274,19274,19006,19010,19076,19075,778.0,778.0,77.12082262210797,77.12082262210797,70,65,140.0,130.0,,,-10.0,10.0,7.6923076923076925
GDN0009,TiltLevel,35,35,35,19274,19274,19728,19728,19400,19399,,19492,980.0,980.0,61.224489795918366,61.224489795918366,,93,,186.0,c_point_nan,,,,
GDN0009,TiltLevel,36,36,36,19728,19728,20274,20274,19884,19889,,19958,1152.0,1152.0,52.083333333333336,52.083333333333336,,69,,138.0,c_point_nan,,,,
GDN0009,TiltLevel,37,37,37,20274,20274,20867,20867,20460,20465,20531,20535,1202.0,1202.0,49.91680532445923,49.91680532445923,71,70,142.0,140.0,,,-2.0,2.0,1.4285714285714286
GDN0009,TiltLevel,38,38,38,20867,20867,21490,21490,21062,21066,21133,21142,1270.0,1270.0,47.24409448818898,47.24409448818898,71,76,142.0,152.0,,,10.0,10.0,6.578947368421052
GDN0009,TiltLevel,39,39,39,21490,21490,22134,22134,21701,21701,21767,21787,1298.0,1298.0,46.22496147919877,46.22496147919877,66,86,132.0,172.0,,,40.0,40.0,23.25581395348837
GDN0009,TiltLevel,40,40,40,22134,22134,22630,22630,22349,22349,22417,22418,828.0,828.0,72.46376811594203,72.46376811594203,68,69,136.0,138.0,,,2.0,2.0,1.4492753623188406
GDN0009,TiltLevel,41,41,41,22630,22630,23094,23094,22765,22763,,22848,980.0,980.0,61.224489795918366,61.224489795918366,,85,,170.0,c_point_nan,,,,
GDN0009,TiltLevel,42,42,42,23094,23094,23648,23648,23255,23254,23323,23321,1178.0,1178.0,50.93378607809847,50.93378607809847,68,67,136.0,134.0,,,-2.0,2.0,1.4925373134328357
GDN0009,TiltLevel,43,43,43,23648,23648,24098,24098,23845,23843,23913,23915,750.0,750.0,80.0,80.0,68,72,136.0,144.0,,,8.0,8.0,5.555555555555555
GDN0009,TiltLevel,44,44,44,24098,24098,24541,24541,24219,24217,24289,24297,960.0,960.0,62.5,62.5,70,80,140.0,160.0,,,20.0,20.0,12.5
GDN0009,TiltLevel,45,45,45,24541,24541,25081,25081,24694,24690,24766,24769,1144.0,1144.0,52.447552447552454,52.447552447552454,72,79,144.0,158.0,,,14.0,14.0,8.860759493670885
GDN0009,TiltLevel,46,46,46,25081,25081,25643,25643,25264,25270,25338,25339,1114.0,1114.0,53.85996409335726,53.85996409335726,74,69,148.0,138.0,,,-10.0,10.0,7.246376811594203
GDN0009,TiltLevel,49,49,49,26730,26730,27277,27277,26904,26908,,26985,1098.0,1098.0,54.64480874316939,54.64480874316939,,77,,154.0,c_point_nan,,,,
GDN0009,TiltLevel,50,50,50,27277,27277,27832,27832,27453,27458,,27529,1116.0,1116.0,53.76344086021505,53.76344086021505,,71,,142.0,c_point_nan,,,,
GDN0009,TiltLevel,51,51,51,27832,27832,28392,28392,28011,28015,28086,28088,1122.0,1122.0,53.475935828877,53.475935828877,75,73,150.0,146.0,,,-4.0,4.0,2.73972602739726
GDN0009,TiltLevel,52,52,52,28392,28392,28964,28964,28572,28577,,28661,1158.0,1158.0,51.81347150259068,51.81347150259068,,84,,168.0,c_point_nan,,,,
GDN0009,TiltLevel,53,53,53,28964,28964,29554,29554,29152,29156,,29233,1192.0,1192.0,50.33557046979866,50.33557046979866,,77,,154.0,c_point_nan,,,,
GDN0010,Pause,0,0,0,441,441,1189,1189,694,689,755,742,1496.0,1496.0,40.106951871657756,40.106951871657756,61,53,122.0,106.0,,,-16.0,16.0,15.09433962264151
GDN0010,Pause,1,1,1,1189,1189,1914,1914,1441,1436,1503,1497,1426.0,1426.0,42.0757363253857,42.0757363253857,62,61,124.0,122.0,,,-2.0,2.0,1.639344262295082
GDN0010,Pause,2,2,2,1914,1914,2627,2627,2155,2150,2222,2203,1426.0,1426.0,42.0757363253857,42.0757363253857,67,53,134.0,106.0,,,-28.0,28.0,26.41509433962264
GDN0010,Pause,3,3,3,2627,2627,3327,3327,2867,2862,2936,2926,1384.0,1384.0,43.35260115606937,43.35260115606937,69,64,138.0,128.0,,,-10.0,10.0,7.8125
GDN0010,Pause,4,4,4,3327,3327,3979,3979,3560,3555,3622,3620,1262.0,1262.0,47.543581616481774,47.543581616481774,62,65,124.0,130.0,,,6.0,6.0,4.615384615384616
GDN0010,Pause,5,5,5,3979,3979,4614,4614,4191,4186,4254,4238,1274.0,1274.0,47.09576138147567,47.09576138147567,63,52,126.0,104.0,,,-22.0,22.0,21.153846153846153
GDN0010,Pause,6,6,6,4614,4614,5281,5281,4828,4823,4890,4889,1366.0,1366.0,43.92386530014641,43.92386530014641,62,66,124.0,132.0,,,8.0,8.0,6.0606060606060606
GDN0010,Pause,7,7,7,5281,5281,5954,5954,5511,5506,5576,5544,1336.0,1336.0,44.91017964071856,44.91017964071856,65,38,130.0,76.0,,,-54.0,54.0,71.05263157894737
GDN0010,Pause,8,8,8,5954,5954,6642,6642,6178,6174,6246,6252,1396.0,1396.0,42.97994269340975,42.97994269340975,68,78,136.0,156.0,,,20.0,20.0,12.82051282051282
GDN0010,Pause,9,9,9,6642,6642,7327,7327,6877,6872,6942,6931,1358.0,1358.0,44.18262150220913,44.18262150220913,65,59,130.0,118.0,,,-12.0,12.0,10.16949152542373
GDN0010,Pause,10,10,10,7327,7327,8008,8008,7556,7551,7618,7619,1364.0,1364.0,43.988269794721404,43.988269794721404,62,68,124.0,136.0,,,12.0,12.0,8.823529411764707
GDN0010,Pause,11,11,11,8008,8008,8665,8665,8238,8233,8300,8311,1286.0,1286.0,46.65629860031104,46.65629860031104,62,78,124.0,156.0,,,32.0,32.0,20.51282051282051
GDN0010,Pause,12,12,12,8665,8665,9314,9314,8881,8875,8945,8937,1304.0,1304.0,46.012269938650306,46.012269938650306,64,62,128.0,124.0,,,-4.0,4.0,3.225806451612903
GDN0010,Pause,13,13,13,9314,9314,9994,9994,9533,9528,9596,9600,1390.0,1390.0,43.16546762589928,43.16546762589928,63,72,126.0,144.0,,,18.0,18.0,12.5
GDN0010,Pause,14,14,14,9994,9994,10721,10721,10228,10223,10289,10291,1490.0,1490.0,40.26845637583892,40.26845637583892,61,68,122.0,136.0,,,14.0,14.0,10.294117647058822
GDN0010,Pause,15,15,15,10721,10721,11434,11434,10973,10968,11035,11034,1390.0,1390.0,43.16546762589928,43.16546762589928,62,66,124.0,132.0,,,8.0,8.0,6.0606060606060606
GDN0010,Pause,16,16,16,11434,11434,12137,12137,11667,11662,11733,11728,1414.0,1414.0,42.432814710042436,42.432814710042436,66,66,132.0,132.0,,,0.0,0.0,0.0
GDN0010,Pause,17,17,17,12137,12137,12838,12838,12374,12369,12436,12438,1398.0,1398.0,42.91845493562232,42.91845493562232,62,69,124.0,138.0,,,14.0,14.0,10.144927536231885
GDN0010,Pause,18,18,18,12838,12838,13530,13530,13074,13069,13135,13139,1374.0,1374.0,43.66812227074235,43.66812227074235,61,70,122.0,140.0,,,18.0,18.0,12.857142857142856
GDN0010,Pause,19,19,19,13530,13530,14220,14220,13761,13756,13825,13830,1384.0,1384.0,43.35260115606937,43.35260115606937,64,74,128.0,148.0,,,20.0,20.0,13.513513513513514
GDN0010,Pause,20,20,20,14220,14220,14907,14907,14453,14448,14518,14508,1368.0,1368.0,43.859649122807014,43.859649122807014,65,60,130.0,120.0,,,-10.0,10.0,8.333333333333332
GDN0010,Pause,21,21,21,14907,14907,15574,15574,15137,15132,15199,15175,1318.0,1318.0,45.523520485584214,45.523520485584214,62,43,124.0,86.0,,,-38.0,38.0,44.18604651162791
GDN0010,Pause,22,22,22,15574,15574,16214,16214,15795,15790,15858,15866,1258.0,1258.0,47.69475357710652,47.69475357710652,63,76,126.0,152.0,,,26.0,26.0,17.105263157894736
GDN0010,Pause,23,23,23,16214,16214,16858,16858,16424,16419,16490,16497,1306.0,1306.0,45.94180704441041,45.94180704441041,66,78,132.0,156.0,,,24.0,24.0,15.384615384615385
GDN0010,Pause,24,24,24,16858,16858,17540,17540,17078,17073,17144,17129,1394.0,1394.0,43.04160688665711,43.04160688665711,66,56,132.0,112.0,,,-20.0,20.0,17.857142857142858
GDN0010,Pause,25,25,25,17540,17540,18238,18238,17775,17770,17838,17827,1398.0,1398.0,42.91845493562232,42.91845493562232,63,57,126.0,114.0,,,-12.0,12.0,10.526315789473683
GDN0010,Pause,26,26,26,18238,18238,18933,18933,18473,18468,18538,18536,1384.0,1384.0,43.35260115606937,43.35260115606937,65,68,130.0,136.0,,,6.0,6.0,4.411764705882353
GDN0010,Pause,27,27,27,18933,18933,19624,19624,19165,19160,19227,19229,1380.0,1380.0,43.47826086956522,43.47826086956522,62,69,124.0,138.0,,,14.0,14.0,10.144927536231885
GDN0010,Pause,28,28,28,19624,19624,20312,20312,19855,19850,19920,19914,1376.0,1376.0,43.6046511627907,43.6046511627907,65,64,130.0,128.0,,,-2.0,2.0,1.5625
GDN0010,Pause,29,29,29,20312,20312,20990,20990,20543,20539,20608,20594,1346.0,1346.0,44.576523031203564,44.576523031203564,65,55,130.0,110.0,,,-20.0,20.0,18.181818181818183
GDN0010,Pause,30,30,30,20990,20990,21663,21662,21217,21212,21282,21287,1346.0,1346.0,44.576523031203564,44.576523031203564,65,75,130.0,150.0,,,20.0,20.0,13.333333333333334
GDN0010,Pause,31,31,31,21663,21662,22319,22319,21890,21885,21951,21943,1292.0,1292.0,46.43962848297213,46.43962848297213,61,58,122.0,116.0,,,-6.0,6.0,5.172413793103448
GDN0010,Pause,32,32,32,22319,22319,22943,22943,22536,22531,22600,22593,1226.0,1226.0,48.939641109298535,48.939641109298535,64,62,128.0,124.0,,,-4.0,4.0,3.225806451612903
GDN0010,Pause,33,33,33,22943,22943,23586,23586,23148,23143,23215,23219,1316.0,1316.0,45.59270516717325,45.59270516717325,67,76,134.0,152.0,,,18.0,18.0,11.842105263157894
GDN0010,Pause,34,34,34,23586,23586,24252,24252,23806,23801,23868,23843,1340.0,1340.0,44.776119402985074,44.776119402985074,62,42,124.0,84.0,,,-40.0,40.0,47.61904761904761
GDN0010,Pause,35,35,35,24252,24252,24936,24936,24477,24472,24544,24533,1384.0,1384.0,43.35260115606937,43.35260115606937,67,61,134.0,122.0,,,-12.0,12.0,9.836065573770492
GDN0010,Pause,36,36,36,24936,24936,25626,25626,25168,25164,25234,25222,1380.0,1380.0,43.47826086956522,43.47826086956522,66,58,132.0,116.0,,,-16.0,16.0,13.793103448275861
GDN0010,Pause,37,37,37,25626,25626,26304,26304,25858,25853,25922,25914,1342.0,1342.0,44.70938897168405,44.70938897168405,64,61,128.0,122.0,,,-6.0,6.0,4.918032786885246
GDN0010,Pause,38,38,38,26304,26304,26950,26950,26529,26525,26596,26580,1266.0,1266.0,47.39336492890995,47.39336492890995,67,55,134.0,110.0,,,-24.0,24.0,21.818181818181817
GDN0010,Pause,39,39,39,26950,26950,27550,27550,27163,27158,27227,27228,1164.0,1164.0,51.54639175257732,51.54639175257732,64,70,128.0,140.0,,,12.0,12.0,8.571428571428571
GDN0010,Pause,40,40,40,27550,27550,28146,28146,27745,27740,27811,27797,1206.0,1206.0,49.75124378109453,49.75124378109453,66,57,132.0,114.0,,,-18.0,18.0,15.789473684210526
GDN0010,Pause,41,41,41,28146,28146,28766,28766,28348,28343,28416,28406,1260.0,1260.0,47.61904761904762,47.61904761904762,68,63,136.0,126.0,,,-10.0,10.0,7.936507936507936
GDN0010,Pause,42,42,42,28766,28766,29353,29353,28978,28973,29041,29035,1126.0,1126.0,53.28596802841919,53.28596802841919,63,62,126.0,124.0,,,-2.0,2.0,1.6129032258064515
GDN0010,Pause,43,43,43,29353,29353,29916,29916,29541,29536,29608,29598,,,,,67,62,134.0,124.0,,,-10.0,10.0,8.064516129032258
GDN0010,HoldingBreath,0,0,0,616,616,1254,1254,823,818,888,851,1296.0,1296.0,46.2962962962963,46.2962962962963,65,33,130.0,66.0,,,-64.0,64.0,96.96969696969697
GDN0010,HoldingBreath,1,1,1,1254,1254,1907,1907,1472,1467,1535,1500,1312.0,1312.0,45.731707317073166,45.731707317073166,63,33,126.0,66.0,,,-60.0,60.0,90.9090909090909
GDN0010,HoldingBreath,2,2,2,1907,1907,2495,2495,2128,2121,2191,2185,1102.0,1102.0,54.44646098003629,54.44646098003629,63,64,126.0,128.0,,,2.0,2.0,1.5625
GDN0010,HoldingBreath,3,3,3,2495,2495,3019,3019,2679,2674,2742,2749,1018.0,1018.0,58.93909626719057,58.93909626719057,63,75,126.0,150.0,,,24.0,24.0,16.0
GDN0010,HoldingBreath,4,4,4,3019,3019,3532,3532,3187,3182,3254,3257,1032.0,1032.0,58.13953488372093,58.13953488372093,67,75,134.0,150.0,,,16.0,16.0,10.666666666666668
GDN0010,HoldingBreath,5,5,5,3532,3532,4051,4051,3703,3698,3765,3762,1040.0,1040.0,57.69230769230769,57.69230769230769,62,64,124.0,128.0,,,4.0,4.0,3.125
GDN0010,HoldingBreath,6,6,6,4051,4051,4605,4605,4224,4218,4286,4269,1146.0,1146.0,52.35602094240838,52.35602094240838,62,51,124.0,102.0,,,-22.0,22.0,21.568627450980394
GDN0010,HoldingBreath,7,7,7,4605,4605,5135,5135,4797,4792,4862,4849,1012.0,1012.0,59.28853754940712,59.28853754940712,65,57,130.0,114.0,,,-16.0,16.0,14.035087719298245
GDN0010,HoldingBreath,8,8,8,5135,5135,5668,5668,5303,5298,5367,5370,1096.0,1096.0,54.74452554744525,54.74452554744525,64,72,128.0,144.0,,,16.0,16.0,11.11111111111111
GDN0010,HoldingBreath,9,9,9,5668,5668,6245,6245,5851,5846,5916,5926,1184.0,1184.0,50.67567567567568,50.67567567567568,65,80,130.0,160.0,,,30.0,30.0,18.75
GDN0010,HoldingBreath,10,10,10,6245,6245,6815,6815,6442,6437,6503,6499,1116.0,1116.0,53.76344086021505,53.76344086021505,61,62,122.0,124.0,,,2.0,2.0,1.6129032258064515
GDN0010,HoldingBreath,11,11,11,6815,6815,7367,7367,7000,6995,7063,7055,1098.0,1098.0,54.64480874316939,54.64480874316939,63,60,126.0,120.0,,,-6.0,6.0,5.0
GDN0010,HoldingBreath,12,12,12,7367,7367,7908,7908,7549,7544,7611,7610,1074.0,1074.0,55.865921787709496,55.865921787709496,62,66,124.0,132.0,,,8.0,8.0,6.0606060606060606
GDN0010,HoldingBreath,13,13,13,7908,7908,8450,8450,8087,8082,8149,8148,1090.0,1090.0,55.04587155963302,55.04587155963302,62,66,124.0,132.0,,,8.0,8.0,6.0606060606060606
GDN0010,HoldingBreath,14,14,14,8450,8450,9017,9017,8632,8627,8692,8691,1156.0,1156.0,51.90311418685121,51.90311418685121,60,64,120.0,128.0,,,8.0,8.0,6.25
GDN0010,HoldingBreath,15,15,15,9017,9017,9606,9606,9209,9204,9270,9252,1192.0,1192.0,50.33557046979866,50.33557046979866,61,48,122.0,96.0,,,-26.0,26.0,27.083333333333332
GDN0010,HoldingBreath,16,16,16,9606,9606,10206,10206,9806,9801,9874,9853,1202.0,1202.0,49.91680532445923,49.91680532445923,68,52,136.0,104.0,,,-32.0,32.0,30.76923076923077
GDN0010,HoldingBreath,17,17,17,10206,10206,10814,10814,10406,10401,10469,10432,1226.0,1226.0,48.939641109298535,48.939641109298535,63,31,126.0,62.0,,,-64.0,64.0,103.2258064516129
GDN0010,HoldingBreath,18,18,18,10814,10814,11422,11422,11019,11015,11082,11075,1208.0,1208.0,49.66887417218543,49.66887417218543,63,60,126.0,120.0,,,-6.0,6.0,5.0
GDN0010,HoldingBreath,19,19,19,11422,11422,12046,12046,11624,11619,11688,11675,1272.0,1272.0,47.16981132075472,47.16981132075472,64,56,128.0,112.0,,,-16.0,16.0,14.285714285714285
GDN0010,HoldingBreath,20,20,20,12046,12046,12674,12674,12260,12255,12322,12324,1246.0,1246.0,48.154093097913325,48.154093097913325,62,69,124.0,138.0,,,14.0,14.0,10.144927536231885
GDN0010,HoldingBreath,21,21,21,12674,12674,13140,13140,12883,12878,12945,12950,762.0,762.0,78.74015748031496,78.74015748031496,62,72,124.0,144.0,,,20.0,20.0,13.88888888888889
GDN0010,HoldingBreath,23,23,23,13436,13436,13921,13921,13514,13509,13577,13577,1224.0,1224.0,49.01960784313726,49.01960784313726,63,68,126.0,136.0,,,10.0,10.0,7.352941176470589
GDN0010,HoldingBreath,24,24,24,13921,13921,14506,14506,14125,14121,14188,14189,1140.0,1140.0,52.631578947368425,52.631578947368425,63,68,126.0,136.0,,,10.0,10.0,7.352941176470589
GDN0010,HoldingBreath,25,25,25,14506,14506,15087,15087,14695,14690,14760,14756,1176.0,1176.0,51.02040816326531,51.02040816326531,65,66,130.0,132.0,,,2.0,2.0,1.5151515151515151
GDN0010,HoldingBreath,26,26,26,15087,15087,15638,15638,15284,15279,15349,15340,1062.0,1062.0,56.497175141242934,56.497175141242934,65,61,130.0,122.0,,,-8.0,8.0,6.557377049180328
GDN0010,HoldingBreath,27,27,27,15638,15638,16190,16190,15815,15810,15880,15875,1126.0,1126.0,53.28596802841919,53.28596802841919,65,65,130.0,130.0,,,0.0,0.0,0.0
GDN0010,HoldingBreath,29,29,29,16785,16785,17400,17400,16991,16986,17056,17058,1230.0,1230.0,48.78048780487805,48.78048780487805,65,72,130.0,144.0,,,14.0,14.0,9.722222222222223
GDN0010,HoldingBreath,30,30,30,17400,17400,18015,18015,17605,17600,17670,17658,1232.0,1232.0,48.701298701298704,48.701298701298704,65,58,130.0,116.0,,,-14.0,14.0,12.068965517241379
GDN0010,HoldingBreath,31,31,31,18015,18015,18614,18614,18221,18217,18282,18252,1180.0,1180.0,50.847457627118644,50.847457627118644,61,35,122.0,70.0,,,-52.0,52.0,74.28571428571429
GDN0010,HoldingBreath,32,32,32,18614,18614,19194,19194,18812,18807,18874,18893,1148.0,1148.0,52.264808362369344,52.264808362369344,62,86,124.0,172.0,,,48.0,48.0,27.906976744186046
GDN0010,HoldingBreath,33,33,33,19194,19194,19775,19775,19385,19381,19452,19449,1168.0,1168.0,51.369863013698634,51.369863013698634,67,68,134.0,136.0,,,2.0,2.0,1.4705882352941175
GDN0010,HoldingBreath,34,34,34,19775,19775,20360,20360,19969,19965,20032,20034,1172.0,1172.0,51.19453924914676,51.19453924914676,63,69,126.0,138.0,,,12.0,12.0,8.695652173913043
GDN0010,HoldingBreath,35,35,35,20360,20360,20909,20909,20555,20550,20619,20607,1058.0,1058.0,56.71077504725898,56.71077504725898,64,57,128.0,114.0,,,-14.0,14.0,12.280701754385964
GDN0010,HoldingBreath,36,36,36,20909,20909,21460,21460,21085,21080,21147,21145,1126.0,1126.0,53.28596802841919,53.28596802841919,62,65,124.0,130.0,,,6.0,6.0,4.615384615384616
GDN0010,HoldingBreath,37,37,37,21460,21460,22039,22039,21647,21642,21713,21685,1174.0,1174.0,51.107325383304946,51.107325383304946,66,43,132.0,86.0,,,-46.0,46.0,53.48837209302325
GDN0010,HoldingBreath,38,38,38,22039,22039,22637,22637,22235,22230,22296,22289,1208.0,1208.0,49.66887417218543,49.66887417218543,61,59,122.0,118.0,,,-4.0,4.0,3.389830508474576
GDN0010,HoldingBreath,39,39,39,22637,22637,23196,23196,22839,22834,22903,22890,1070.0,1070.0,56.074766355140184,56.074766355140184,64,56,128.0,112.0,,,-16.0,16.0,14.285714285714285
GDN0010,HoldingBreath,40,40,40,23196,23196,23746,23746,23373,23369,23439,23432,1118.0,1118.0,53.66726296958855,53.66726296958855,66,63,132.0,126.0,,,-6.0,6.0,4.761904761904762
GDN0010,HoldingBreath,41,41,41,23746,23746,24329,24329,23933,23928,23998,23995,1192.0,1192.0,50.33557046979866,50.33557046979866,65,67,130.0,134.0,,,4.0,4.0,2.9850746268656714
GDN0010,HoldingBreath,42,42,42,24329,24329,24894,24894,24529,24524,24592,24591,1096.0,1096.0,54.74452554744525,54.74452554744525,63,67,126.0,134.0,,,8.0,8.0,5.970149253731343
GDN0010,HoldingBreath,43,43,43,24894,24894,25447,25447,25076,25071,25141,25140,1110.0,1110.0,54.05405405405405,54.05405405405405,65,69,130.0,138.0,,,8.0,8.0,5.797101449275362
GDN0010,HoldingBreath,44,44,44,25447,25447,26036,26036,25632,25627,25698,25693,1214.0,1214.0,49.423393739703464,49.423393739703464,66,66,132.0,132.0,,,0.0,0.0,0.0
GDN0010,HoldingBreath,45,45,45,26036,26036,26632,26632,26238,26233,26303,26287,1182.0,1182.0,50.76142131979696,50.76142131979696,65,54,130.0,108.0,,,-22.0,22.0,20.37037037037037
GDN0010,HoldingBreath,49,49,49,27907,27907,28380,28380,27983,27978,28042,28051,1190.0,1190.0,50.420168067226896,50.420168067226896,59,73,118.0,146.0,,,28.0,28.0,19.17808219178082
GDN0010,HoldingBreath,50,50,50,28380,28380,28989,28989,28578,28573,28643,28609,1234.0,1234.0,48.62236628849271,48.62236628849271,65,36,130.0,72.0,,,-58.0,58.0,80.55555555555556
GDN0010,HoldingBreath,51,51,51,28989,28989,29609,29609,29195,29190,29258,29244,1242.0,1242.0,48.309178743961354,48.309178743961354,63,54,126.0,108.0,,,-18.0,18.0,16.666666666666664
GDN0010,TiltUp,0,0,0,457,457,973,973,629,624,694,690,1032.0,1032.0,58.13953488372093,58.13953488372093,65,66,130.0,132.0,,,2.0,2.0,1.5151515151515151
GDN0010,TiltUp,3,3,3,1587,1587,2002,2002,1671,1669,1744,1758,994.0,994.0,60.36217303822938,60.36217303822938,73,89,146.0,178.0,,,32.0,32.0,17.97752808988764
GDN0010,TiltUp,4,4,4,2002,2002,2513,2513,2166,2162,2229,2230,1036.0,1036.0,57.915057915057915,57.915057915057915,63,68,126.0,136.0,,,10.0,10.0,7.352941176470589
GDN0010,TiltUp,5,5,5,2513,2513,3046,3046,2684,2679,2752,2738,1084.0,1084.0,55.35055350553505,55.35055350553505,68,59,136.0,118.0,,,-18.0,18.0,15.254237288135593
GDN0010,TiltUp,6,6,6,3046,3046,3564,3564,3226,3222,3289,3294,1010.0,1010.0,59.40594059405941,59.40594059405941,63,72,126.0,144.0,,,18.0,18.0,12.5
GDN0010,TiltUp,7,7,7,3564,3564,4077,4077,3732,3727,3802,3781,1034.0,1034.0,58.027079303675045,58.027079303675045,70,54,140.0,108.0,,,-32.0,32.0,29.629629629629626
GDN0010,TiltUp,8,8,8,4077,4077,4618,4618,4248,4243,4312,4308,1108.0,1108.0,54.15162454873646,54.15162454873646,64,65,128.0,130.0,,,2.0,2.0,1.5384615384615385
GDN0010,TiltUp,9,9,9,4618,4618,5181,5181,4803,4798,4871,4874,1134.0,1134.0,52.91005291005291,52.91005291005291,68,76,136.0,152.0,,,16.0,16.0,10.526315789473683
GDN0010,TiltUp,10,10,10,5181,5181,5729,5729,5370,5368,5427,5435,1078.0,1078.0,55.65862708719851,55.65862708719851,57,67,114.0,134.0,,,20.0,20.0,14.925373134328357
GDN0010,TiltUp,12,12,12,6288,6288,6856,6856,6477,6472,6528,6533,1136.0,1136.0,52.81690140845071,52.81690140845071,51,61,102.0,122.0,,,20.0,20.0,16.39344262295082
GDN0010,TiltUp,13,13,13,6856,6856,7430,7430,7045,7041,7110,7100,1154.0,1154.0,51.99306759098787,51.99306759098787,65,59,130.0,118.0,,,-12.0,12.0,10.16949152542373
GDN0010,TiltUp,14,14,14,7430,7430,8023,8023,7623,7618,7688,7686,1202.0,1202.0,49.91680532445923,49.91680532445923,65,68,130.0,136.0,,,6.0,6.0,4.411764705882353
GDN0010,TiltUp,15,15,15,8023,8023,8624,8624,8224,8219,8288,8275,1204.0,1204.0,49.83388704318937,49.83388704318937,64,56,128.0,112.0,,,-16.0,16.0,14.285714285714285
GDN0010,TiltUp,16,16,16,8624,8624,9235,9235,8826,8821,8889,8886,1230.0,1230.0,48.78048780487805,48.78048780487805,63,65,126.0,130.0,,,4.0,4.0,3.076923076923077
GDN0010,TiltUp,17,17,17,9235,9235,9852,9852,9441,9436,9509,9496,1238.0,1238.0,48.46526655896607,48.46526655896607,68,60,136.0,120.0,,,-16.0,16.0,13.333333333333334
GDN0010,TiltUp,18,18,18,9852,9852,10473,10473,10060,10055,10125,10129,1244.0,1244.0,48.231511254019296,48.231511254019296,65,74,130.0,148.0,,,18.0,18.0,12.162162162162163
GDN0010,TiltUp,19,19,19,10473,10473,11094,11094,10681,10676,10749,10743,1240.0,1240.0,48.38709677419355,48.38709677419355,68,67,136.0,134.0,,,-2.0,2.0,1.4925373134328357
GDN0010,TiltUp,20,20,20,11094,11094,11719,11719,11301,11297,11365,11369,1254.0,1254.0,47.84688995215311,47.84688995215311,64,72,128.0,144.0,,,16.0,16.0,11.11111111111111
GDN0010,TiltUp,21,21,21,11719,11719,12319,12319,11929,11924,11994,12003,1172.0,1172.0,51.19453924914676,51.19453924914676,65,79,130.0,158.0,,,28.0,28.0,17.72151898734177
GDN0010,TiltUp,22,22,22,12319,12319,12928,12928,12514,12509,12582,12579,1244.0,1244.0,48.231511254019296,48.231511254019296,68,70,136.0,140.0,,,4.0,4.0,2.857142857142857
GDN0010,TiltUp,23,23,23,12928,12928,13574,13574,13136,13132,13203,13211,1318.0,1318.0,45.523520485584214,45.523520485584214,67,79,134.0,158.0,,,24.0,24.0,15.18987341772152
GDN0010,TiltUp,24,24,24,13574,13574,14246,14246,13796,13791,13857,13864,1358.0,1358.0,44.18262150220913,44.18262150220913,61,73,122.0,146.0,,,24.0,24.0,16.43835616438356
GDN0010,TiltUp,25,25,25,14246,14246,14906,14906,14474,14470,14539,14529,1300.0,1300.0,46.15384615384615,46.15384615384615,65,59,130.0,118.0,,,-12.0,12.0,10.16949152542373
GDN0010,TiltUp,26,26,26,14906,14906,15470,15470,15124,15119,15189,15184,1034.0,1034.0,58.027079303675045,58.027079303675045,65,65,130.0,130.0,,,0.0,0.0,0.0
GDN0010,TiltUp,27,27,27,15470,15470,16012,16012,15642,15637,15709,15707,1110.0,1110.0,54.05405405405405,54.05405405405405,67,70,134.0,140.0,,,6.0,6.0,4.285714285714286
GDN0010,TiltUp,28,28,28,16012,16012,16590,16590,16196,16191,16263,16285,1180.0,1180.0,50.847457627118644,50.847457627118644,67,94,134.0,188.0,,,54.0,54.0,28.723404255319153
GDN0010,TiltUp,29,29,29,16590,16590,17294,17294,16786,16781,16856,16857,1532.0,1532.0,39.164490861618795,39.164490861618795,70,76,140.0,152.0,,,12.0,12.0,7.894736842105263
GDN0010,TiltUp,30,30,30,17294,17294,18017,18017,17552,17547,17620,17607,1400.0,1400.0,42.85714285714286,42.85714285714286,68,60,136.0,120.0,,,-16.0,16.0,13.333333333333334
GDN0010,TiltUp,31,31,31,18017,18017,18731,18730,18253,18248,18320,18310,1444.0,1444.0,41.551246537396125,41.551246537396125,67,62,134.0,124.0,,,-10.0,10.0,8.064516129032258
GDN0010,TiltUp,32,32,32,18731,18730,19421,19421,18974,18968,19038,19007,1344.0,1344.0,44.64285714285714,44.64285714285714,64,39,128.0,78.0,,,-50.0,50.0,64.1025641025641
GDN0010,TiltUp,33,33,33,19421,19421,20027,20027,19647,19641,19711,19708,1142.0,1142.0,52.53940455341507,52.53940455341507,64,67,128.0,134.0,,,6.0,6.0,4.477611940298507
GDN0010,TiltUp,34,34,34,20027,20027,20596,20596,20217,20212,20285,20290,1134.0,1134.0,52.91005291005291,52.91005291005291,68,78,136.0,156.0,,,20.0,20.0,12.82051282051282
GDN0010,TiltUp,35,35,35,20596,20596,21177,21177,20785,20780,20851,20851,1178.0,1178.0,50.93378607809847,50.93378607809847,66,71,132.0,142.0,,,10.0,10.0,7.042253521126761
GDN0010,TiltUp,36,36,36,21177,21177,21778,21778,21373,21368,21439,21422,1216.0,1216.0,49.3421052631579,49.3421052631579,66,54,132.0,108.0,,,-24.0,24.0,22.22222222222222
GDN0010,TiltUp,38,38,38,22473,22473,23200,23200,22724,22719,22787,22761,1438.0,1438.0,41.724617524339365,41.724617524339365,63,42,126.0,84.0,,,-42.0,42.0,50.0
GDN0010,TiltUp,39,39,39,23200,23200,23873,23873,23442,23438,23506,23499,1294.0,1294.0,46.3678516228748,46.3678516228748,64,61,128.0,122.0,,,-6.0,6.0,4.918032786885246
GDN0010,TiltUp,40,40,40,23873,23873,24541,24541,24089,24084,24154,24154,1360.0,1360.0,44.11764705882353,44.11764705882353,65,70,130.0,140.0,,,10.0,10.0,7.142857142857142
GDN0010,TiltUp,41,41,41,24541,24541,25201,25201,24769,24764,24838,24820,1298.0,1298.0,46.22496147919877,46.22496147919877,69,56,138.0,112.0,,,-26.0,26.0,23.214285714285715
GDN0010,TiltUp,42,42,42,25201,25201,25867,25867,25419,25414,25488,25492,1352.0,1352.0,44.378698224852066,44.378698224852066,69,78,138.0,156.0,,,18.0,18.0,11.538461538461538
GDN0010,TiltUp,43,43,43,25867,25867,26529,26529,26095,26089,26168,26164,1308.0,1308.0,45.87155963302752,45.87155963302752,73,75,146.0,150.0,,,4.0,4.0,2.666666666666667
GDN0010,TiltUp,44,44,44,26529,26529,26998,26998,26748,26743,26820,26823,738.0,738.0,81.30081300813008,81.30081300813008,72,80,144.0,160.0,,,16.0,16.0,10.0
GDN0010,TiltUp,47,47,47,27817,27817,28485,28485,28039,28034,28104,28125,1342.0,1342.0,44.70938897168405,44.70938897168405,65,91,130.0,182.0,,,52.0,52.0,28.57142857142857
GDN0010,TiltUp,48,48,48,28485,28485,29121,29121,28711,28705,28781,28791,1234.0,1234.0,48.62236628849271,48.62236628849271,70,86,140.0,172.0,,,32.0,32.0,18.6046511627907
GDN0010,TiltUp,49,49,49,29121,29121,29738,29738,29327,29322,29388,29393,,,,,61,71,122.0,142.0,,,20.0,20.0,14.084507042253522
GDN0010,TiltLevel,0,0,0,93,93,805,805,332,325,394,384,1424.0,1424.0,42.13483146067416,42.13483146067416,62,59,124.0,118.0,,,-6.0,6.0,5.084745762711865
GDN0010,TiltLevel,1,1,1,805,805,1526,1526,1045,1041,1108,1084,1452.0,1452.0,41.32231404958678,41.32231404958678,63,43,126.0,86.0,,,-40.0,40.0,46.51162790697674
GDN0010,TiltLevel,2,2,2,1526,1526,2249,2249,1770,1764,1835,1817,1442.0,1442.0,41.608876560332874,41.608876560332874,65,53,130.0,106.0,,,-24.0,24.0,22.641509433962266
GDN0010,TiltLevel,3,3,3,2249,2249,2962,2962,2492,2488,2554,2559,1418.0,1418.0,42.31311706629055,42.31311706629055,62,71,124.0,142.0,,,18.0,18.0,12.676056338028168
GDN0010,TiltLevel,4,4,4,2962,2962,3683,3683,3200,3194,3266,3253,1456.0,1456.0,41.20879120879121,41.20879120879121,66,59,132.0,118.0,,,-14.0,14.0,11.864406779661017
GDN0010,TiltLevel,5,5,5,3683,3683,4408,4408,3927,3922,3994,3984,1446.0,1446.0,41.49377593360996,41.49377593360996,67,62,134.0,124.0,,,-10.0,10.0,8.064516129032258
GDN0010,TiltLevel,6,6,6,4408,4408,5126,5126,4652,4648,4713,4693,1430.0,1430.0,41.95804195804196,41.95804195804196,61,45,122.0,90.0,,,-32.0,32.0,35.55555555555556
GDN0010,TiltLevel,7,7,7,5126,5126,5849,5849,5366,5360,5428,5439,1456.0,1456.0,41.20879120879121,41.20879120879121,62,79,124.0,158.0,,,34.0,34.0,21.518987341772153
GDN0010,TiltLevel,8,8,8,5849,5849,6575,6575,6094,6089,6157,6133,1450.0,1450.0,41.37931034482759,41.37931034482759,63,44,126.0,88.0,,,-38.0,38.0,43.18181818181818
GDN0010,TiltLevel,9,9,9,6575,6575,7268,7268,6820,6816,6886,6882,1350.0,1350.0,44.44444444444444,44.44444444444444,66,66,132.0,132.0,,,0.0,0.0,0.0
GDN0010,TiltLevel,11,11,11,7981,7981,8705,8705,8229,8225,8291,8297,1436.0,1436.0,41.78272980501393,41.78272980501393,62,72,124.0,144.0,,,20.0,20.0,13.88888888888889
GDN0010,TiltLevel,12,12,12,8705,8705,9416,9416,8947,8940,9011,9003,1416.0,1416.0,42.37288135593221,42.37288135593221,64,63,128.0,126.0,,,-2.0,2.0,1.5873015873015872
GDN0010,TiltLevel,13,13,13,9416,9416,10130,10130,9654,9648,9718,9698,1434.0,1434.0,41.84100418410042,41.84100418410042,64,50,128.0,100.0,,,-28.0,28.0,28.000000000000004
GDN0010,TiltLevel,14,14,14,10130,10130,10841,10841,10371,10366,10433,10437,1416.0,1416.0,42.37288135593221,42.37288135593221,62,71,124.0,142.0,,,18.0,18.0,12.676056338028168
GDN0010,TiltLevel,15,15,15,10841,10841,11541,11541,11079,11074,11144,11136,1392.0,1392.0,43.10344827586207,43.10344827586207,65,62,130.0,124.0,,,-6.0,6.0,4.838709677419355
GDN0010,TiltLevel,16,16,16,11541,11541,12248,12248,11776,11772,11839,11834,1424.0,1424.0,42.13483146067416,42.13483146067416,63,62,126.0,124.0,,,-2.0,2.0,1.6129032258064515
GDN0010,TiltLevel,17,17,17,12248,12248,12962,12962,12487,12483,12551,12534,1432.0,1432.0,41.899441340782126,41.899441340782126,64,51,128.0,102.0,,,-26.0,26.0,25.49019607843137
GDN0010,TiltLevel,18,18,18,12962,12962,13669,13669,13204,13200,13267,13277,1404.0,1404.0,42.73504273504274,42.73504273504274,63,77,126.0,154.0,,,28.0,28.0,18.181818181818183
GDN0010,TiltLevel,19,19,19,13669,13669,14382,14382,13906,13902,13971,13974,1438.0,1438.0,41.724617524339365,41.724617524339365,65,72,130.0,144.0,,,14.0,14.0,9.722222222222223
GDN0010,TiltLevel,20,20,20,14382,14382,15099,15099,14625,14621,14690,14687,1430.0,1430.0,41.95804195804196,41.95804195804196,65,66,130.0,132.0,,,2.0,2.0,1.5151515151515151
GDN0010,TiltLevel,21,21,21,15099,15099,15802,15802,15339,15332,15401,15402,1394.0,1394.0,43.04160688665711,43.04160688665711,62,70,124.0,140.0,,,16.0,16.0,11.428571428571429
GDN0010,TiltLevel,22,22,22,15802,15802,16491,16491,16035,16030,16099,16087,1368.0,1368.0,43.859649122807014,43.859649122807014,64,57,128.0,114.0,,,-14.0,14.0,12.280701754385964
GDN0010,TiltLevel,23,23,23,16491,16491,17184,17184,16722,16718,16785,16788,1396.0,1396.0,42.97994269340975,42.97994269340975,63,70,126.0,140.0,,,14.0,14.0,10.0
GDN0010,TiltLevel,24,24,24,17184,17184,17863,17863,17419,17415,17482,17482,1338.0,1338.0,44.84304932735426,44.84304932735426,63,67,126.0,134.0,,,8.0,8.0,5.970149253731343
GDN0010,TiltLevel,25,25,25,17863,17863,18460,18460,18088,18083,18151,18123,1118.0,1118.0,53.66726296958855,53.66726296958855,63,40,126.0,80.0,,,-46.0,46.0,57.49999999999999
GDN0010,TiltLevel,26,26,26,18460,18460,19048,19048,18646,18639,18712,18711,1206.0,1206.0,49.75124378109453,49.75124378109453,66,72,132.0,144.0,,,12.0,12.0,8.333333333333332
GDN0010,TiltLevel,27,27,27,19048,19048,19650,19650,19250,19246,19316,19320,1204.0,1204.0,49.83388704318937,49.83388704318937,66,74,132.0,148.0,,,16.0,16.0,10.81081081081081
GDN0010,TiltLevel,28,28,28,19650,19650,20284,20284,19851,19846,19916,19901,1300.0,1300.0,46.15384615384615,46.15384615384615,65,55,130.0,110.0,,,-20.0,20.0,18.181818181818183
GDN0010,TiltLevel,29,29,29,20284,20284,20964,20964,20501,20496,20565,20525,1394.0,1394.0,43.04160688665711,43.04160688665711,64,29,128.0,58.0,,,-70.0,70.0,120.6896551724138
GDN0010,TiltLevel,30,30,30,20964,20964,21658,21658,21199,21194,21263,21255,1384.0,1384.0,43.35260115606937,43.35260115606937,64,61,128.0,122.0,,,-6.0,6.0,4.918032786885246
GDN0010,TiltLevel,31,31,31,21658,21658,22349,22349,21890,21885,21958,21955,1382.0,1382.0,43.41534008683068,43.41534008683068,68,70,136.0,140.0,,,4.0,4.0,2.857142857142857
GDN0010,TiltLevel,32,32,32,22349,22349,23032,23032,22581,22575,22644,22625,1358.0,1358.0,44.18262150220913,44.18262150220913,63,50,126.0,100.0,,,-26.0,26.0,26.0
GDN0010,TiltLevel,33,33,33,23032,23032,23719,23719,23259,23254,23324,23303,1382.0,1382.0,43.41534008683068,43.41534008683068,65,49,130.0,98.0,,,-32.0,32.0,32.6530612244898
GDN0010,TiltLevel,34,34,34,23719,23719,24415,24415,23951,23944,24013,24004,1398.0,1398.0,42.91845493562232,42.91845493562232,62,60,124.0,120.0,,,-4.0,4.0,3.3333333333333335
GDN0010,TiltLevel,35,35,35,24415,24415,25115,25115,24650,24644,24715,24715,1400.0,1400.0,42.85714285714286,42.85714285714286,65,71,130.0,142.0,,,12.0,12.0,8.450704225352112
GDN0010,TiltLevel,36,36,36,25115,25115,25810,25810,25351,25344,25415,25393,1384.0,1384.0,43.35260115606937,43.35260115606937,64,49,128.0,98.0,,,-30.0,30.0,30.612244897959183
GDN0010,TiltLevel,37,37,37,25810,25810,26500,26500,26043,26039,26104,26101,1380.0,1380.0,43.47826086956522,43.47826086956522,61,62,122.0,124.0,,,2.0,2.0,1.6129032258064515
GDN0010,TiltLevel,38,38,38,26500,26500,27200,27200,26733,26728,26798,26794,1410.0,1410.0,42.5531914893617,42.5531914893617,65,66,130.0,132.0,,,2.0,2.0,1.5151515151515151
GDN0010,TiltLevel,39,39,39,27200,27200,27908,27908,27437,27430,27500,27489,1420.0,1420.0,42.25352112676057,42.25352112676057,63,59,126.0,118.0,,,-8.0,8.0,6.779661016949152
GDN0010,TiltLevel,40,40,40,27908,27908,28613,28613,28148,28143,28210,28202,1402.0,1402.0,42.796005706134096,42.796005706134096,62,59,124.0,118.0,,,-6.0,6.0,5.084745762711865
GDN0010,TiltLevel,41,41,41,28613,28613,29323,29323,28849,28845,28913,28912,1432.0,1432.0,41.899441340782126,41.899441340782126,64,67,128.0,134.0,,,6.0,6.0,4.477611940298507
GDN0011,Pause,0,0,0,364,364,886,886,535,531,602,595,1044.0,1044.0,57.47126436781609,57.47126436781609,67,64,134.0,128.0,,,-6.0,6.0,4.6875
GDN0011,Pause,1,1,1,886,886,1416,1416,1056,1052,1126,1119,1068.0,1068.0,56.17977528089887,56.17977528089887,70,67,140.0,134.0,,,-6.0,6.0,4.477611940298507
GDN0011,Pause,2,2,2,1416,1416,1966,1966,1591,1587,1660,1653,1116.0,1116.0,53.76344086021505,53.76344086021505,69,66,138.0,132.0,,,-6.0,6.0,4.545454545454546
GDN0011,Pause,3,3,3,1966,1966,2509,2509,2149,2145,2214,2198,1070.0,1070.0,56.074766355140184,56.074766355140184,65,53,130.0,106.0,,,-24.0,24.0,22.641509433962266
GDN0011,Pause,4,4,4,2509,2509,3043,3043,2684,2680,2749,2747,1068.0,1068.0,56.17977528089887,56.17977528089887,65,67,130.0,134.0,,,4.0,4.0,2.9850746268656714
GDN0011,Pause,5,5,5,3043,3043,3595,3595,3218,3213,3284,3283,1122.0,1122.0,53.475935828877,53.475935828877,66,70,132.0,140.0,,,8.0,8.0,5.714285714285714
GDN0011,Pause,6,6,6,3595,3595,4152,4152,3779,3775,3847,3834,1112.0,1112.0,53.956834532374096,53.956834532374096,68,59,136.0,118.0,,,-18.0,18.0,15.254237288135593
GDN0011,Pause,7,7,7,4152,4152,4671,4671,4335,4331,4400,4404,996.0,996.0,60.24096385542169,60.24096385542169,65,73,130.0,146.0,,,16.0,16.0,10.95890410958904
GDN0011,Pause,8,8,8,4671,4671,5205,5205,4833,4829,4902,4905,1108.0,1108.0,54.15162454873646,54.15162454873646,69,76,138.0,152.0,,,14.0,14.0,9.210526315789473
GDN0011,Pause,9,9,9,5205,5205,5759,5759,5387,5383,5454,5448,1108.0,1108.0,54.15162454873646,54.15162454873646,67,65,134.0,130.0,,,-4.0,4.0,3.076923076923077
GDN0011,Pause,10,10,10,5759,5759,6277,6277,5941,5937,6008,6009,996.0,996.0,60.24096385542169,60.24096385542169,67,72,134.0,144.0,,,10.0,10.0,6.944444444444445
GDN0011,Pause,11,11,11,6277,6277,6799,6799,6439,6434,6509,6506,1070.0,1070.0,56.074766355140184,56.074766355140184,70,72,140.0,144.0,,,4.0,4.0,2.7777777777777777
GDN0011,Pause,12,12,12,6799,6799,7335,7335,6974,6970,7040,7031,1074.0,1074.0,55.865921787709496,55.865921787709496,66,61,132.0,122.0,,,-10.0,10.0,8.19672131147541
GDN0011,Pause,13,13,13,7335,7335,7845,7845,7511,7507,7576,7582,992.0,992.0,60.483870967741936,60.483870967741936,65,75,130.0,150.0,,,20.0,20.0,13.333333333333334
GDN0011,Pause,14,14,14,7845,7845,8347,8347,8007,8003,8072,8065,1010.0,1010.0,59.40594059405941,59.40594059405941,65,62,130.0,124.0,,,-6.0,6.0,4.838709677419355
GDN0011,Pause,15,15,15,8347,8347,8874,8874,8512,8508,8581,8571,1076.0,1076.0,55.762081784386616,55.762081784386616,69,63,138.0,126.0,,,-12.0,12.0,9.523809523809524
GDN0011,Pause,16,16,16,8874,8874,9397,9397,9050,9046,9119,9117,1032.0,1032.0,58.13953488372093,58.13953488372093,69,71,138.0,142.0,,,4.0,4.0,2.8169014084507045
GDN0011,Pause,17,17,17,9397,9397,9920,9920,9566,9562,9633,9626,1052.0,1052.0,57.03422053231939,57.03422053231939,67,64,134.0,128.0,,,-6.0,6.0,4.6875
GDN0011,Pause,18,18,18,9920,9920,10463,10463,10092,10088,10161,10151,1106.0,1106.0,54.24954792043399,54.24954792043399,69,63,138.0,126.0,,,-12.0,12.0,9.523809523809524
GDN0011,Pause,19,19,19,10463,10463,10879,10879,10645,10641,10712,10703,684.0,684.0,87.71929824561403,87.71929824561403,67,62,134.0,124.0,,,-10.0,10.0,8.064516129032258
GDN0011,Pause,20,20,20,10879,10879,11458,11458,10984,10980,11063,11058,1412.0,1412.0,42.492917847025495,42.492917847025495,79,78,158.0,156.0,,,-2.0,2.0,1.282051282051282
GDN0011,Pause,21,21,21,11458,11458,12058,12058,11693,11688,11758,11756,1086.0,1086.0,55.248618784530386,55.248618784530386,65,68,130.0,136.0,,,6.0,6.0,4.411764705882353
GDN0011,Pause,22,22,22,12058,12058,12561,12561,12236,12232,12302,12299,964.0,964.0,62.24066390041494,62.24066390041494,66,67,132.0,134.0,,,2.0,2.0,1.4925373134328357
GDN0011,Pause,23,23,23,12561,12561,13004,13004,12718,12714,12785,12785,844.0,844.0,71.09004739336493,71.09004739336493,67,71,134.0,142.0,,,8.0,8.0,5.633802816901409
GDN0011,Pause,24,24,24,13004,13004,13425,13425,13140,13136,13210,13209,840.0,840.0,71.42857142857143,71.42857142857143,70,73,140.0,146.0,,,6.0,6.0,4.10958904109589
GDN0011,Pause,25,25,25,13425,13425,13920,13920,13560,13555,13629,13644,1070.0,1070.0,56.074766355140184,56.074766355140184,69,89,138.0,178.0,,,40.0,40.0,22.47191011235955
GDN0011,Pause,26,26,26,13920,13920,14460,14460,14095,14091,14162,14143,1086.0,1086.0,55.248618784530386,55.248618784530386,67,52,134.0,104.0,,,-30.0,30.0,28.846153846153843
GDN0011,Pause,27,27,27,14460,14460,14986,14986,14638,14634,14704,14690,1034.0,1034.0,58.027079303675045,58.027079303675045,66,56,132.0,112.0,,,-20.0,20.0,17.857142857142858
GDN0011,Pause,28,28,28,14986,14986,15534,15534,15155,15151,15221,15214,1130.0,1130.0,53.09734513274337,53.09734513274337,66,63,132.0,126.0,,,-6.0,6.0,4.761904761904762
GDN0011,Pause,29,29,29,15534,15534,16067,16067,15720,15716,15786,15771,1030.0,1030.0,58.252427184466015,58.252427184466015,66,55,132.0,110.0,,,-22.0,22.0,20.0
GDN0011,Pause,30,30,30,16067,16067,16567,16567,16234,16230,16303,16295,986.0,986.0,60.851926977687626,60.851926977687626,69,65,138.0,130.0,,,-8.0,8.0,6.153846153846154
GDN0011,Pause,31,31,31,16567,16567,17094,17094,16728,16724,16797,16766,1090.0,1090.0,55.04587155963302,55.04587155963302,69,42,138.0,84.0,,,-54.0,54.0,64.28571428571429
GDN0011,Pause,32,32,32,17094,17094,17605,17605,17272,17268,17340,17339,986.0,986.0,60.851926977687626,60.851926977687626,68,71,136.0,142.0,,,6.0,6.0,4.225352112676056
GDN0011,Pause,33,33,33,17605,17605,18058,18058,17766,17762,17830,17831,860.0,860.0,69.76744186046511,69.76744186046511,64,69,128.0,138.0,,,10.0,10.0,7.246376811594203
GDN0011,Pause,34,34,34,18058,18058,18492,18492,18196,18192,18266,18271,874.0,874.0,68.64988558352402,68.64988558352402,70,79,140.0,158.0,,,18.0,18.0,11.39240506329114
GDN0011,Pause,35,35,35,18492,18492,18958,18958,18634,18629,18703,18706,962.0,962.0,62.37006237006237,62.37006237006237,69,77,138.0,154.0,,,16.0,16.0,10.38961038961039
GDN0011,Pause,36,36,36,18958,18958,19417,19417,19114,19110,19181,19180,896.0,896.0,66.96428571428571,66.96428571428571,67,70,134.0,140.0,,,6.0,6.0,4.285714285714286
GDN0011,Pause,37,37,37,19417,19417,19926,19926,19562,19558,19632,19615,1082.0,1082.0,55.452865064695004,55.452865064695004,70,57,140.0,114.0,,,-26.0,26.0,22.807017543859647
GDN0011,Pause,38,38,38,19926,19926,20489,20489,20103,20099,20170,20152,1152.0,1152.0,52.083333333333336,52.083333333333336,67,53,134.0,106.0,,,-28.0,28.0,26.41509433962264
GDN0011,Pause,39,39,39,20489,20489,21009,21009,20679,20675,20747,20735,978.0,978.0,61.34969325153374,61.34969325153374,68,60,136.0,120.0,,,-16.0,16.0,13.333333333333334
GDN0011,Pause,40,40,40,21009,21009,21524,21524,21168,21164,21237,21238,1060.0,1060.0,56.60377358490566,56.60377358490566,69,74,138.0,148.0,,,10.0,10.0,6.756756756756757
GDN0011,Pause,41,41,41,21524,21524,22067,22067,21698,21694,21766,21766,1098.0,1098.0,54.64480874316939,54.64480874316939,68,72,136.0,144.0,,,8.0,8.0,5.555555555555555
GDN0011,Pause,42,42,42,22067,22067,22561,22561,22247,22243,22314,22316,928.0,928.0,64.6551724137931,64.6551724137931,67,73,134.0,146.0,,,12.0,12.0,8.21917808219178
GDN0011,Pause,43,43,43,22561,22561,23088,23088,22710,22706,22779,22776,1122.0,1122.0,53.475935828877,53.475935828877,69,70,138.0,140.0,,,2.0,2.0,1.4285714285714286
GDN0011,Pause,44,44,44,23088,23088,23632,23632,23272,23268,23340,23321,1072.0,1072.0,55.97014925373134,55.97014925373134,68,53,136.0,106.0,,,-30.0,30.0,28.30188679245283
GDN0011,Pause,45,45,45,23632,23632,24109,24109,23808,23804,23874,23873,888.0,888.0,67.56756756756756,67.56756756756756,66,69,132.0,138.0,,,6.0,6.0,4.3478260869565215
GDN0011,Pause,46,46,46,24109,24109,24618,24618,24252,24248,24324,24320,1090.0,1090.0,55.04587155963302,55.04587155963302,72,72,144.0,144.0,,,0.0,0.0,0.0
GDN0011,Pause,47,47,47,24618,24618,25170,25170,24797,24793,24865,24850,1110.0,1110.0,54.05405405405405,54.05405405405405,68,57,136.0,114.0,,,-22.0,22.0,19.298245614035086
GDN0011,Pause,48,48,48,25170,25170,25656,25656,25352,25348,25418,25406,898.0,898.0,66.81514476614699,66.81514476614699,66,58,132.0,116.0,,,-16.0,16.0,13.793103448275861
GDN0011,Pause,49,49,49,25656,25656,26176,26176,25801,25797,25873,25863,1116.0,1116.0,53.76344086021505,53.76344086021505,72,66,144.0,132.0,,,-12.0,12.0,9.090909090909092
GDN0011,Pause,50,50,50,26176,26176,26730,26730,26359,26355,26428,26419,1104.0,1104.0,54.347826086956516,54.347826086956516,69,64,138.0,128.0,,,-10.0,10.0,7.8125
GDN0011,Pause,51,51,51,26730,26730,27242,27242,26911,26907,26978,26978,982.0,982.0,61.09979633401222,61.09979633401222,67,71,134.0,142.0,,,8.0,8.0,5.633802816901409
GDN0011,Pause,52,52,52,27242,27242,27721,27721,27401,27397,27469,27466,944.0,944.0,63.55932203389831,63.55932203389831,68,69,136.0,138.0,,,2.0,2.0,1.4492753623188406
GDN0011,Pause,53,53,53,27721,27721,28271,28271,27874,27870,27942,27938,1186.0,1186.0,50.59021922428331,50.59021922428331,68,68,136.0,136.0,,,0.0,0.0,0.0
GDN0011,Pause,54,54,54,28271,28271,28823,28823,28467,28462,28533,28530,1058.0,1058.0,56.71077504725898,56.71077504725898,66,68,132.0,136.0,,,4.0,4.0,2.941176470588235
GDN0011,Pause,55,55,55,28823,28823,29310,29310,28996,28992,29063,29051,930.0,930.0,64.51612903225806,64.51612903225806,67,59,134.0,118.0,,,-16.0,16.0,13.559322033898304
GDN0011,Pause,56,56,56,29310,29310,29775,29775,29461,29457,29530,29533,,,,,69,76,138.0,152.0,,,14.0,14.0,9.210526315789473
GDN0011,Valsalva,0,0,0,166,166,651,651,324,319,388,382,970.0,970.0,61.855670103092784,61.855670103092784,64,63,128.0,126.0,,,-2.0,2.0,1.5873015873015872
GDN0011,Valsalva,1,1,1,651,651,1028,1028,808,804,873,862,638.0,638.0,94.04388714733543,94.04388714733543,65,58,130.0,116.0,,,-14.0,14.0,12.068965517241379
GDN0011,Valsalva,3,3,3,1533,1533,2028,2028,1734,1730,1796,1792,872.0,872.0,68.80733944954129,68.80733944954129,62,62,124.0,124.0,,,0.0,0.0,0.0
GDN0011,Valsalva,4,4,4,2028,2028,2458,2458,2168,2164,2234,2214,852.0,852.0,70.4225352112676,70.4225352112676,66,50,132.0,100.0,,,-32.0,32.0,32.0
GDN0011,Valsalva,5,5,5,2458,2458,2888,2888,2595,2591,2660,2664,864.0,864.0,69.44444444444444,69.44444444444444,65,73,130.0,146.0,,,16.0,16.0,10.95890410958904
GDN0011,Valsalva,6,6,6,2888,2888,3326,3326,3026,3022,3091,3094,882.0,882.0,68.02721088435374,68.02721088435374,65,72,130.0,144.0,,,14.0,14.0,9.722222222222223
GDN0011,Valsalva,7,7,7,3326,3326,3784,3784,3468,3464,3535,3509,936.0,936.0,64.1025641025641,64.1025641025641,67,45,134.0,90.0,,,-44.0,44.0,48.888888888888886
GDN0011,Valsalva,8,8,8,3784,3784,4250,4250,3935,3931,4003,3989,928.0,928.0,64.6551724137931,64.6551724137931,68,58,136.0,116.0,,,-20.0,20.0,17.24137931034483
GDN0011,Valsalva,9,9,9,4250,4250,4722,4722,4400,4396,4467,4466,954.0,954.0,62.89308176100629,62.89308176100629,67,70,134.0,140.0,,,6.0,6.0,4.285714285714286
GDN0011,Valsalva,10,10,10,4722,4722,5182,5182,4877,4873,4942,4944,900.0,900.0,66.66666666666667,66.66666666666667,65,71,130.0,142.0,,,12.0,12.0,8.450704225352112
GDN0011,Valsalva,11,11,11,5182,5182,5624,5624,5327,5323,5393,5376,876.0,876.0,68.4931506849315,68.4931506849315,66,53,132.0,106.0,,,-26.0,26.0,24.528301886792452
GDN0011,Valsalva,12,12,12,5624,5624,6066,6066,5764,5760,5830,5823,890.0,890.0,67.41573033707866,67.41573033707866,66,63,132.0,126.0,,,-6.0,6.0,4.761904761904762
GDN0011,Valsalva,13,13,13,6066,6066,6507,6507,6210,6206,6277,6257,876.0,876.0,68.4931506849315,68.4931506849315,67,51,134.0,102.0,,,-32.0,32.0,31.372549019607842
GDN0011,Valsalva,15,15,15,6936,6936,7330,7330,7072,7068,7137,7141,758.0,758.0,79.15567282321899,79.15567282321899,65,73,130.0,146.0,,,16.0,16.0,10.95890410958904
GDN0011,Valsalva,17,17,17,7689,7689,8028,8028,7799,7794,7868,7850,668.0,668.0,89.82035928143712,89.82035928143712,69,56,138.0,112.0,,,-26.0,26.0,23.214285714285715
GDN0011,Valsalva,18,18,18,8028,8028,8361,8361,8132,8128,8198,8187,666.0,666.0,90.09009009009009,90.09009009009009,66,59,132.0,118.0,,,-14.0,14.0,11.864406779661017
GDN0011,Valsalva,19,19,19,8361,8361,8758,8758,8465,8461,8531,8514,862.0,862.0,69.60556844547564,69.60556844547564,66,53,132.0,106.0,,,-26.0,26.0,24.528301886792452
GDN0011,Valsalva,20,20,20,8758,8758,9202,9202,8896,8892,8959,8947,902.0,902.0,66.51884700665188,66.51884700665188,63,55,126.0,110.0,,,-16.0,16.0,14.545454545454545
GDN0011,Valsalva,21,21,21,9202,9202,9641,9641,9349,9344,9412,9399,864.0,864.0,69.44444444444444,69.44444444444444,63,55,126.0,110.0,,,-16.0,16.0,14.545454545454545
GDN0011,Valsalva,22,22,22,9641,9641,10083,10083,9780,9776,9843,9858,894.0,894.0,67.11409395973155,67.11409395973155,63,82,126.0,164.0,,,38.0,38.0,23.170731707317074
GDN0011,Valsalva,23,23,23,10083,10083,10550,10550,10227,10223,10290,10272,956.0,956.0,62.761506276150634,62.761506276150634,63,49,126.0,98.0,,,-28.0,28.0,28.57142857142857
GDN0011,Valsalva,24,24,24,10550,10550,10996,10996,10705,10701,10770,10768,858.0,858.0,69.93006993006993,69.93006993006993,65,67,130.0,134.0,,,4.0,4.0,2.9850746268656714
GDN0011,Valsalva,25,25,25,10996,10996,11424,11424,11134,11130,11200,11194,856.0,856.0,70.09345794392523,70.09345794392523,66,64,132.0,128.0,,,-4.0,4.0,3.125
GDN0011,Valsalva,26,26,26,11424,11424,11896,11896,11562,11557,11629,11637,992.0,992.0,60.483870967741936,60.483870967741936,67,80,134.0,160.0,,,26.0,26.0,16.25
GDN0011,Valsalva,27,27,27,11896,11896,12414,12414,12058,12054,12123,12116,1058.0,1058.0,56.71077504725898,56.71077504725898,65,62,130.0,124.0,,,-6.0,6.0,4.838709677419355
GDN0011,Valsalva,28,28,28,12414,12414,12917,12917,12587,12583,12649,12659,978.0,978.0,61.34969325153374,61.34969325153374,62,76,124.0,152.0,,,28.0,28.0,18.421052631578945
GDN0011,Valsalva,29,29,29,12917,12917,13373,13373,13076,13072,13141,13131,876.0,876.0,68.4931506849315,68.4931506849315,65,59,130.0,118.0,,,-12.0,12.0,10.16949152542373
GDN0011,Valsalva,30,30,30,13373,13373,13792,13792,13514,13510,13583,13561,820.0,820.0,73.17073170731707,73.17073170731707,69,51,138.0,102.0,,,-36.0,36.0,35.294117647058826
GDN0011,Valsalva,31,31,31,13792,13792,14216,14216,13924,13919,13991,13973,860.0,860.0,69.76744186046511,69.76744186046511,67,54,134.0,108.0,,,-26.0,26.0,24.074074074074073
GDN0011,Valsalva,32,32,32,14216,14216,14730,14730,14354,14350,14422,14416,1120.0,1120.0,53.57142857142857,53.57142857142857,68,66,136.0,132.0,,,-4.0,4.0,3.0303030303030303
GDN0011,Valsalva,33,33,33,14730,14730,15253,15253,14914,14910,14978,14960,1006.0,1006.0,59.642147117296226,59.642147117296226,64,50,128.0,100.0,,,-28.0,28.0,28.000000000000004
GDN0011,Valsalva,34,34,34,15253,15253,15723,15723,15417,15413,15481,15474,904.0,904.0,66.3716814159292,66.3716814159292,64,61,128.0,122.0,,,-6.0,6.0,4.918032786885246
GDN0011,Valsalva,35,35,35,15723,15723,16208,16208,15868,15864,15936,15933,1006.0,1006.0,59.642147117296226,59.642147117296226,68,69,136.0,138.0,,,2.0,2.0,1.4492753623188406
GDN0011,Valsalva,36,36,36,16208,16208,16724,16724,16372,16368,16439,16431,1046.0,1046.0,57.36137667304015,57.36137667304015,67,63,134.0,126.0,,,-8.0,8.0,6.349206349206349
GDN0011,Valsalva,37,37,37,16724,16724,17246,17246,16896,16891,16959,16960,1044.0,1044.0,57.47126436781609,57.47126436781609,63,69,126.0,138.0,,,12.0,12.0,8.695652173913043
GDN0011,Valsalva,38,38,38,17246,17246,17764,17764,17417,17413,17482,17476,1030.0,1030.0,58.252427184466015,58.252427184466015,65,63,130.0,126.0,,,-4.0,4.0,3.1746031746031744
GDN0011,Valsalva,39,39,39,17764,17764,18258,18258,17932,17928,17999,17980,966.0,966.0,62.11180124223603,62.11180124223603,67,52,134.0,104.0,,,-30.0,30.0,28.846153846153843
GDN0011,Valsalva,40,40,40,18258,18258,18722,18722,18415,18411,18481,18472,908.0,908.0,66.07929515418502,66.07929515418502,66,61,132.0,122.0,,,-10.0,10.0,8.19672131147541
GDN0011,Valsalva,41,41,41,18722,18722,19198,19198,18869,18865,18934,18932,974.0,974.0,61.601642710472284,61.601642710472284,65,67,130.0,134.0,,,4.0,4.0,2.9850746268656714
GDN0011,Valsalva,42,42,42,19198,19198,19662,19662,19356,19352,19422,19409,906.0,906.0,66.2251655629139,66.2251655629139,66,57,132.0,114.0,,,-18.0,18.0,15.789473684210526
GDN0011,Valsalva,43,43,43,19662,19662,20140,20140,19809,19805,19876,19877,980.0,980.0,61.224489795918366,61.224489795918366,67,72,134.0,144.0,,,10.0,10.0,6.944444444444445
GDN0011,Valsalva,44,44,44,20140,20140,20586,20586,20300,20295,20364,20346,846.0,846.0,70.92198581560284,70.92198581560284,64,51,128.0,102.0,,,-26.0,26.0,25.49019607843137
GDN0011,Valsalva,45,45,45,20586,20586,20984,20984,20722,20718,20788,20788,768.0,768.0,78.125,78.125,66,70,132.0,140.0,,,8.0,8.0,5.714285714285714
GDN0011,Valsalva,46,46,46,20984,20984,21364,21364,21106,21102,21173,21169,756.0,756.0,79.36507936507937,79.36507936507937,67,67,134.0,134.0,,,0.0,0.0,0.0
GDN0011,Valsalva,47,47,47,21364,21364,21765,21765,21484,21480,21551,21534,828.0,828.0,72.46376811594203,72.46376811594203,67,54,134.0,108.0,,,-26.0,26.0,24.074074074074073
GDN0011,Valsalva,48,48,48,21765,21765,22274,22274,21898,21894,21963,21937,1120.0,1120.0,53.57142857142857,53.57142857142857,65,43,130.0,86.0,,,-44.0,44.0,51.162790697674424
GDN0011,Valsalva,49,49,49,22274,22274,22813,22813,22459,22454,22525,22517,1056.0,1056.0,56.81818181818181,56.81818181818181,66,63,132.0,126.0,,,-6.0,6.0,4.761904761904762
GDN0011,Valsalva,50,50,50,22813,22813,23313,23313,22986,22982,23049,23029,970.0,970.0,61.855670103092784,61.855670103092784,63,47,126.0,94.0,,,-32.0,32.0,34.04255319148936
GDN0011,Valsalva,51,51,51,23313,23313,23857,23857,23470,23466,23535,23529,1150.0,1150.0,52.173913043478265,52.173913043478265,65,63,130.0,126.0,,,-4.0,4.0,3.1746031746031744
GDN0011,Valsalva,52,52,52,23857,23857,24416,24416,24046,24042,24112,24099,1100.0,1100.0,54.54545454545454,54.54545454545454,66,57,132.0,114.0,,,-18.0,18.0,15.789473684210526
GDN0011,Valsalva,53,53,53,24416,24416,24967,24967,24597,24592,24663,24658,1106.0,1106.0,54.24954792043399,54.24954792043399,66,66,132.0,132.0,,,0.0,0.0,0.0
GDN0011,Valsalva,54,54,54,24967,24967,25489,25489,25150,25145,25213,25216,1008.0,1008.0,59.523809523809526,59.523809523809526,63,71,126.0,142.0,,,16.0,16.0,11.267605633802818
GDN0011,Valsalva,55,55,55,25489,25489,25997,25997,25653,25649,25717,25693,1022.0,1022.0,58.708414872798436,58.708414872798436,64,44,128.0,88.0,,,-40.0,40.0,45.45454545454545
GDN0011,Valsalva,56,56,56,25997,25997,26517,26517,26164,26160,26228,26217,1048.0,1048.0,57.25190839694656,57.25190839694656,64,57,128.0,114.0,,,-14.0,14.0,12.280701754385964
GDN0011,Valsalva,57,57,57,26517,26517,27036,27036,26688,26683,26754,26739,1034.0,1034.0,58.027079303675045,58.027079303675045,66,56,132.0,112.0,,,-20.0,20.0,17.857142857142858
GDN0011,Valsalva,58,58,58,27036,27036,27544,27544,27206,27201,27270,27269,1006.0,1006.0,59.642147117296226,59.642147117296226,64,68,128.0,136.0,,,8.0,8.0,5.88235294117647
GDN0011,Valsalva,59,59,59,27544,27544,28027,28027,27708,27704,27775,27774,944.0,944.0,63.55932203389831,63.55932203389831,67,70,134.0,140.0,,,6.0,6.0,4.285714285714286
GDN0011,Valsalva,60,60,60,28027,28027,28498,28498,28180,28176,28246,28231,940.0,940.0,63.829787234042556,63.829787234042556,66,55,132.0,110.0,,,-22.0,22.0,20.0
GDN0011,Valsalva,61,61,61,28498,28498,28981,28981,28650,28645,28713,28705,982.0,982.0,61.09979633401222,61.09979633401222,63,60,126.0,120.0,,,-6.0,6.0,5.0
GDN0011,Valsalva,62,62,62,28981,28981,29477,29477,29142,29137,29206,29197,998.0,998.0,60.120240480961925,60.120240480961925,64,60,128.0,120.0,,,-8.0,8.0,6.666666666666667
GDN0011,Valsalva,63,63,63,29477,29477,29976,29976,29640,29636,29706,29700,,,,,66,64,132.0,128.0,,,-4.0,4.0,3.125
GDN0011,HoldingBreath,0,0,0,359,359,715,714,471,468,538,534,712.0,712.0,84.26966292134831,84.26966292134831,67,66,134.0,132.0,,,-2.0,2.0,1.5151515151515151
GDN0011,HoldingBreath,1,1,1,715,714,1076,1076,828,824,903,902,726.0,726.0,82.64462809917356,82.64462809917356,75,78,150.0,156.0,,,6.0,6.0,3.8461538461538463
GDN0011,HoldingBreath,2,2,2,1076,1076,1429,1429,1191,1187,1255,1261,694.0,694.0,86.45533141210375,86.45533141210375,64,74,128.0,148.0,,,20.0,20.0,13.513513513513514
GDN0011,HoldingBreath,3,3,3,1429,1429,1774,1774,1539,1534,1608,1607,688.0,688.0,87.2093023255814,87.2093023255814,69,73,138.0,146.0,,,8.0,8.0,5.47945205479452
GDN0011,HoldingBreath,4,4,4,1774,1774,2127,2127,1883,1878,1953,1952,718.0,718.0,83.56545961002786,83.56545961002786,70,74,140.0,148.0,,,8.0,8.0,5.405405405405405
GDN0011,HoldingBreath,5,5,5,2127,2127,2513,2513,2242,2237,2309,2301,800.0,800.0,75.0,75.0,67,64,134.0,128.0,,,-6.0,6.0,4.6875
GDN0011,HoldingBreath,6,6,6,2513,2513,2911,2911,2642,2637,2704,2682,794.0,794.0,75.56675062972292,75.56675062972292,62,45,124.0,90.0,,,-34.0,34.0,37.77777777777778
GDN0011,HoldingBreath,7,7,7,2911,2911,3316,3316,3039,3035,3111,3111,820.0,820.0,73.17073170731707,73.17073170731707,72,76,144.0,152.0,,,8.0,8.0,5.263157894736842
GDN0011,HoldingBreath,9,9,9,3712,3712,4104,4104,3836,3832,3904,3907,788.0,788.0,76.14213197969544,76.14213197969544,68,75,136.0,150.0,,,14.0,14.0,9.333333333333334
GDN0011,HoldingBreath,10,10,10,4104,4104,4514,4514,4230,4226,4297,4286,836.0,836.0,71.77033492822967,71.77033492822967,67,60,134.0,120.0,,,-14.0,14.0,11.666666666666666
GDN0011,HoldingBreath,11,11,11,4514,4514,4929,4929,4649,4644,4715,4693,828.0,828.0,72.46376811594203,72.46376811594203,66,49,132.0,98.0,,,-34.0,34.0,34.69387755102041
GDN0011,HoldingBreath,12,12,12,4929,4929,5356,5356,5062,5058,5129,5130,868.0,868.0,69.12442396313364,69.12442396313364,67,72,134.0,144.0,,,10.0,10.0,6.944444444444445
GDN0011,HoldingBreath,13,13,13,5356,5356,5771,5771,5496,5492,5556,5559,808.0,808.0,74.25742574257426,74.25742574257426,60,67,120.0,134.0,,,14.0,14.0,10.44776119402985
GDN0011,HoldingBreath,14,14,14,5771,5771,6183,6183,5900,5896,5970,5961,834.0,834.0,71.94244604316548,71.94244604316548,70,65,140.0,130.0,,,-10.0,10.0,7.6923076923076925
GDN0011,HoldingBreath,15,15,15,6183,6183,6592,6592,6317,6313,6382,6375,810.0,810.0,74.07407407407408,74.07407407407408,65,62,130.0,124.0,,,-6.0,6.0,4.838709677419355
GDN0011,HoldingBreath,16,16,16,6592,6592,7009,7009,6722,6718,6790,6787,846.0,846.0,70.92198581560284,70.92198581560284,68,69,136.0,138.0,,,2.0,2.0,1.4492753623188406
GDN0011,HoldingBreath,17,17,17,7009,7009,7425,7425,7146,7141,7213,7200,824.0,824.0,72.81553398058253,72.81553398058253,67,59,134.0,118.0,,,-16.0,16.0,13.559322033898304
GDN0011,HoldingBreath,18,18,18,7425,7425,7839,7839,7558,7554,7624,7620,832.0,832.0,72.11538461538461,72.11538461538461,66,66,132.0,132.0,,,0.0,0.0,0.0
GDN0011,HoldingBreath,19,19,19,7839,7839,8235,8235,7974,7969,8039,8027,770.0,770.0,77.92207792207792,77.92207792207792,65,58,130.0,116.0,,,-14.0,14.0,12.068965517241379
GDN0011,HoldingBreath,20,20,20,8235,8235,8564,8564,8358,8354,8426,8412,598.0,598.0,100.33444816053512,100.33444816053512,68,58,136.0,116.0,,,-20.0,20.0,17.24137931034483
GDN0011,HoldingBreath,22,22,22,9042,9042,9488,9488,9231,9227,9294,9287,754.0,754.0,79.57559681697613,79.57559681697613,63,60,126.0,120.0,,,-6.0,6.0,5.0
GDN0011,HoldingBreath,23,23,23,9488,9488,9873,9873,9609,9604,9676,9674,778.0,778.0,77.12082262210797,77.12082262210797,67,70,134.0,140.0,,,6.0,6.0,4.285714285714286
GDN0011,HoldingBreath,25,25,25,10245,10245,10622,10622,10360,10356,10428,10429,770.0,770.0,77.92207792207792,77.92207792207792,68,73,136.0,146.0,,,10.0,10.0,6.8493150684931505
GDN0011,HoldingBreath,26,26,26,10622,10622,10990,10990,10745,10741,10810,10813,716.0,716.0,83.79888268156425,83.79888268156425,65,72,130.0,144.0,,,14.0,14.0,9.722222222222223
GDN0011,HoldingBreath,27,27,27,10990,10990,11335,11335,11103,11099,11172,11156,676.0,676.0,88.75739644970413,88.75739644970413,69,57,138.0,114.0,,,-24.0,24.0,21.052631578947366
GDN0011,HoldingBreath,28,28,28,11335,11335,11673,11673,11441,11437,11506,11492,676.0,676.0,88.75739644970413,88.75739644970413,65,55,130.0,110.0,,,-20.0,20.0,18.181818181818183
GDN0011,HoldingBreath,29,29,29,11673,11673,12085,12085,11779,11775,11847,11849,906.0,906.0,66.2251655629139,66.2251655629139,68,74,136.0,148.0,,,12.0,12.0,8.108108108108109
GDN0011,HoldingBreath,30,30,30,12085,12085,12548,12548,12232,12228,12299,12288,934.0,934.0,64.23982869379014,64.23982869379014,67,60,134.0,120.0,,,-14.0,14.0,11.666666666666666
GDN0011,HoldingBreath,31,31,31,12548,12548,12996,12996,12699,12695,12768,12759,876.0,876.0,68.4931506849315,68.4931506849315,69,64,138.0,128.0,,,-10.0,10.0,7.8125
GDN0011,HoldingBreath,32,32,32,12996,12996,13416,13416,13138,13133,13205,13199,820.0,820.0,73.17073170731707,73.17073170731707,67,66,134.0,132.0,,,-2.0,2.0,1.5151515151515151
GDN0011,HoldingBreath,33,33,33,13416,13416,13810,13810,13547,13543,13616,13609,772.0,772.0,77.720207253886,77.720207253886,69,66,138.0,132.0,,,-6.0,6.0,4.545454545454546
GDN0011,HoldingBreath,34,34,34,13810,13810,14189,14189,13934,13929,14001,13999,750.0,750.0,80.0,80.0,67,70,134.0,140.0,,,6.0,6.0,4.285714285714286
GDN0011,HoldingBreath,35,35,35,14189,14189,14548,14548,14308,14304,14373,14371,700.0,700.0,85.71428571428572,85.71428571428572,65,67,130.0,134.0,,,4.0,4.0,2.9850746268656714
GDN0011,HoldingBreath,36,36,36,14548,14548,14918,14918,14658,14653,14728,14729,764.0,764.0,78.53403141361257,78.53403141361257,70,76,140.0,152.0,,,12.0,12.0,7.894736842105263
GDN0011,HoldingBreath,37,37,37,14918,14918,15306,15306,15041,15036,15110,15094,780.0,780.0,76.92307692307692,76.92307692307692,69,58,138.0,116.0,,,-22.0,22.0,18.96551724137931
GDN0011,HoldingBreath,38,38,38,15306,15306,15694,15694,15430,15426,15497,15493,774.0,774.0,77.51937984496124,77.51937984496124,67,67,134.0,134.0,,,0.0,0.0,0.0
GDN0011,HoldingBreath,39,39,39,15694,15694,16045,16045,15817,15813,15882,15876,666.0,666.0,90.09009009009009,90.09009009009009,65,63,130.0,126.0,,,-4.0,4.0,3.1746031746031744
GDN0011,HoldingBreath,40,40,40,16045,16045,16371,16371,16150,16146,16218,16212,642.0,642.0,93.45794392523364,93.45794392523364,68,66,136.0,132.0,,,-4.0,4.0,3.0303030303030303
GDN0011,HoldingBreath,41,41,41,16371,16371,16697,16697,16470,16466,16534,16524,658.0,658.0,91.1854103343465,91.1854103343465,64,58,128.0,116.0,,,-12.0,12.0,10.344827586206897
GDN0011,HoldingBreath,42,42,42,16697,16697,17082,17082,16800,16795,16863,16862,830.0,830.0,72.28915662650603,72.28915662650603,63,67,126.0,134.0,,,8.0,8.0,5.970149253731343
GDN0011,HoldingBreath,43,43,43,17082,17082,17511,17511,17214,17210,17278,17266,874.0,874.0,68.64988558352402,68.64988558352402,64,56,128.0,112.0,,,-16.0,16.0,14.285714285714285
GDN0011,HoldingBreath,44,44,44,17511,17511,17957,17957,17652,17648,17715,17714,902.0,902.0,66.51884700665188,66.51884700665188,63,66,126.0,132.0,,,6.0,6.0,4.545454545454546
GDN0011,HoldingBreath,45,45,45,17957,17957,18413,18413,18102,18098,18170,18159,918.0,918.0,65.359477124183,65.359477124183,68,61,136.0,122.0,,,-14.0,14.0,11.475409836065573
GDN0011,HoldingBreath,46,46,46,18413,18413,18885,18885,18561,18557,18623,18631,958.0,958.0,62.63048016701462,62.63048016701462,62,74,124.0,148.0,,,24.0,24.0,16.216216216216218
GDN0011,HoldingBreath,47,47,47,18885,18885,19362,19362,19040,19036,19108,19106,950.0,950.0,63.15789473684211,63.15789473684211,68,70,136.0,140.0,,,4.0,4.0,2.857142857142857
GDN0011,HoldingBreath,48,48,48,19362,19362,19835,19835,19515,19511,19581,19576,946.0,946.0,63.42494714587738,63.42494714587738,66,65,132.0,130.0,,,-2.0,2.0,1.5384615384615385
GDN0011,HoldingBreath,49,49,49,19835,19835,20300,20300,19989,19985,20056,20057,920.0,920.0,65.21739130434783,65.21739130434783,67,72,134.0,144.0,,,10.0,10.0,6.944444444444445
GDN0011,HoldingBreath,50,50,50,20300,20300,20748,20748,20449,20445,20514,20518,882.0,882.0,68.02721088435374,68.02721088435374,65,73,130.0,146.0,,,16.0,16.0,10.95890410958904
GDN0011,HoldingBreath,51,51,51,20748,20748,21192,21192,20889,20885,20954,20958,892.0,892.0,67.26457399103138,67.26457399103138,65,73,130.0,146.0,,,16.0,16.0,10.95890410958904
GDN0011,HoldingBreath,52,52,52,21192,21192,21645,21645,21335,21331,21401,21406,914.0,914.0,65.64551422319475,65.64551422319475,66,75,132.0,150.0,,,18.0,18.0,12.0
GDN0011,HoldingBreath,53,53,53,21645,21645,22101,22101,21793,21789,21861,21861,910.0,910.0,65.93406593406593,65.93406593406593,68,72,136.0,144.0,,,8.0,8.0,5.555555555555555
GDN0011,HoldingBreath,54,54,54,22101,22101,22567,22567,22248,22244,22316,22316,946.0,946.0,63.42494714587738,63.42494714587738,68,72,136.0,144.0,,,8.0,8.0,5.555555555555555
GDN0011,HoldingBreath,55,55,55,22567,22567,23050,23050,22721,22717,22788,22790,974.0,974.0,61.601642710472284,61.601642710472284,67,73,134.0,146.0,,,12.0,12.0,8.21917808219178
GDN0011,HoldingBreath,56,56,56,23050,23050,23531,23531,23207,23203,23271,23260,956.0,956.0,62.761506276150634,62.761506276150634,64,57,128.0,114.0,,,-14.0,14.0,12.280701754385964
GDN0011,HoldingBreath,57,57,57,23531,23531,24006,24006,23685,23681,23753,23756,948.0,948.0,63.29113924050633,63.29113924050633,68,75,136.0,150.0,,,14.0,14.0,9.333333333333334
GDN0011,HoldingBreath,58,58,58,24006,24006,24485,24485,24159,24155,24227,24229,964.0,964.0,62.24066390041494,62.24066390041494,68,74,136.0,148.0,,,12.0,12.0,8.108108108108109
GDN0011,HoldingBreath,59,59,59,24485,24485,24971,24971,24642,24638,24709,24714,974.0,974.0,61.601642710472284,61.601642710472284,67,76,134.0,152.0,,,18.0,18.0,11.842105263157894
GDN0011,HoldingBreath,60,60,60,24971,24971,25450,25450,25128,25124,25195,25196,952.0,952.0,63.02521008403362,63.02521008403362,67,72,134.0,144.0,,,10.0,10.0,6.944444444444445
GDN0011,HoldingBreath,61,61,61,25450,25450,25943,25943,25605,25601,25671,25676,1004.0,1004.0,59.7609561752988,59.7609561752988,66,75,132.0,150.0,,,18.0,18.0,12.0
GDN0011,HoldingBreath,62,62,62,25943,25943,26453,26453,26106,26102,26175,26172,1028.0,1028.0,58.36575875486381,58.36575875486381,69,70,138.0,140.0,,,2.0,2.0,1.4285714285714286
GDN0011,HoldingBreath,63,63,63,26453,26453,26964,26964,26621,26617,26688,26691,1020.0,1020.0,58.8235294117647,58.8235294117647,67,74,134.0,148.0,,,14.0,14.0,9.45945945945946
GDN0011,HoldingBreath,64,64,64,26964,26964,27385,27385,27130,27126,27201,27197,744.0,744.0,80.64516129032258,80.64516129032258,71,71,142.0,142.0,,,0.0,0.0,0.0
GDN0011,HoldingBreath,66,66,66,27915,27915,28437,28437,28119,28115,28182,28179,942.0,942.0,63.69426751592357,63.69426751592357,63,64,126.0,128.0,,,2.0,2.0,1.5625
GDN0011,HoldingBreath,67,67,67,28437,28437,28921,28921,28589,28585,28658,28660,982.0,982.0,61.09979633401222,61.09979633401222,69,75,138.0,150.0,,,12.0,12.0,8.0
GDN0011,HoldingBreath,68,68,68,28921,28921,29401,29401,29080,29076,29149,29148,948.0,948.0,63.29113924050633,63.29113924050633,69,72,138.0,144.0,,,6.0,6.0,4.166666666666666
GDN0011,HoldingBreath,69,69,69,29401,29401,29875,29875,29555,29551,29624,29618,,,,,69,67,138.0,134.0,,,-4.0,4.0,2.9850746268656714
GDN0011,TiltUp,0,0,0,278,278,618,618,386,381,456,451,680.0,680.0,88.23529411764706,88.23529411764706,70,70,140.0,140.0,,,0.0,0.0,0.0
GDN0011,TiltUp,1,1,1,618,618,962,962,726,721,800,795,692.0,692.0,86.70520231213874,86.70520231213874,74,74,148.0,148.0,,,0.0,0.0,0.0
GDN0011,TiltUp,2,2,2,962,962,1309,1309,1072,1068,1139,1145,694.0,694.0,86.45533141210375,86.45533141210375,67,77,134.0,154.0,,,20.0,20.0,12.987012987012985
GDN0011,TiltUp,3,3,3,1309,1309,1646,1646,1419,1415,1487,1493,666.0,666.0,90.09009009009009,90.09009009009009,68,78,136.0,156.0,,,20.0,20.0,12.82051282051282
GDN0011,TiltUp,4,4,4,1646,1646,1983,1983,1751,1747,1821,1821,678.0,678.0,88.49557522123894,88.49557522123894,70,74,140.0,148.0,,,8.0,8.0,5.405405405405405
GDN0011,TiltUp,5,5,5,1983,1983,2325,2325,2091,2087,2160,2167,686.0,686.0,87.46355685131195,87.46355685131195,69,80,138.0,160.0,,,22.0,22.0,13.750000000000002
GDN0011,TiltUp,6,6,6,2325,2325,2673,2673,2434,2430,2506,2510,702.0,702.0,85.47008547008548,85.47008547008548,72,80,144.0,160.0,,,16.0,16.0,10.0
GDN0011,TiltUp,7,7,7,2673,2673,3018,3018,2785,2781,2854,2856,684.0,684.0,87.71929824561403,87.71929824561403,69,75,138.0,150.0,,,12.0,12.0,8.0
GDN0011,TiltUp,8,8,8,3018,3018,3357,3357,3126,3122,3196,3194,674.0,674.0,89.02077151335311,89.02077151335311,70,72,140.0,144.0,,,4.0,4.0,2.7777777777777777
GDN0011,TiltUp,9,9,9,3357,3357,3698,3698,3464,3459,3532,3534,686.0,686.0,87.46355685131195,87.46355685131195,68,75,136.0,150.0,,,14.0,14.0,9.333333333333334
GDN0011,TiltUp,10,10,10,3698,3698,4046,4046,3807,3803,3880,3884,702.0,702.0,85.47008547008548,85.47008547008548,73,81,146.0,162.0,,,16.0,16.0,9.876543209876543
GDN0011,TiltUp,11,11,11,4046,4046,4398,4398,4157,4153,4224,4224,704.0,704.0,85.22727272727273,85.22727272727273,67,71,134.0,142.0,,,8.0,8.0,5.633802816901409
GDN0011,TiltUp,12,12,12,4398,4398,4742,4742,4510,4506,4580,4586,680.0,680.0,88.23529411764706,88.23529411764706,70,80,140.0,160.0,,,20.0,20.0,12.5
GDN0011,TiltUp,13,13,13,4742,4742,5082,5082,4849,4845,4919,4926,680.0,680.0,88.23529411764706,88.23529411764706,70,81,140.0,162.0,,,22.0,22.0,13.580246913580247
GDN0011,TiltUp,14,14,14,5082,5082,5423,5423,5189,5185,5259,5256,684.0,684.0,87.71929824561403,87.71929824561403,70,71,140.0,142.0,,,2.0,2.0,1.4084507042253522
GDN0011,TiltUp,15,15,15,5423,5423,5771,5771,5532,5528,5599,5601,702.0,702.0,85.47008547008548,85.47008547008548,67,73,134.0,146.0,,,12.0,12.0,8.21917808219178
GDN0011,TiltUp,16,16,16,5771,5771,6121,6121,5883,5878,5951,5952,698.0,698.0,85.9598853868195,85.9598853868195,68,74,136.0,148.0,,,12.0,12.0,8.108108108108109
GDN0011,TiltUp,17,17,17,6121,6121,6459,6459,6232,6227,6301,6307,664.0,664.0,90.36144578313252,90.36144578313252,69,80,138.0,160.0,,,22.0,22.0,13.750000000000002
GDN0011,TiltUp,18,18,18,6459,6459,6790,6790,6563,6559,6633,6640,662.0,662.0,90.63444108761328,90.63444108761328,70,81,140.0,162.0,,,22.0,22.0,13.580246913580247
GDN0011,TiltUp,19,19,19,6790,6790,7122,7122,6894,6890,6962,6966,664.0,664.0,90.36144578313252,90.36144578313252,68,76,136.0,152.0,,,16.0,16.0,10.526315789473683
GDN0011,TiltUp,20,20,20,7122,7122,7459,7459,7227,7223,7296,7299,680.0,680.0,88.23529411764706,88.23529411764706,69,76,138.0,152.0,,,14.0,14.0,9.210526315789473
GDN0011,TiltUp,21,21,21,7459,7459,7800,7800,7567,7563,7639,7640,684.0,684.0,87.71929824561403,87.71929824561403,72,77,144.0,154.0,,,10.0,10.0,6.493506493506493
GDN0011,TiltUp,22,22,22,7800,7800,8133,8133,7908,7904,7978,7979,654.0,654.0,91.74311926605505,91.74311926605505,70,75,140.0,150.0,,,10.0,10.0,6.666666666666667
GDN0011,TiltUp,23,23,23,8133,8133,8464,8464,8235,8231,8305,8304,668.0,668.0,89.82035928143712,89.82035928143712,70,73,140.0,146.0,,,6.0,6.0,4.10958904109589
GDN0011,TiltUp,24,24,24,8464,8464,8805,8805,8569,8565,8635,8638,690.0,690.0,86.95652173913044,86.95652173913044,66,73,132.0,146.0,,,14.0,14.0,9.58904109589041
GDN0011,TiltUp,25,25,25,8805,8805,9164,9164,8915,8911,8983,8981,732.0,732.0,81.9672131147541,81.9672131147541,68,70,136.0,140.0,,,4.0,4.0,2.857142857142857
GDN0011,TiltUp,26,26,26,9164,9164,9536,9536,9281,9277,9353,9350,752.0,752.0,79.7872340425532,79.7872340425532,72,73,144.0,146.0,,,2.0,2.0,1.36986301369863
GDN0011,TiltUp,27,27,27,9536,9536,9903,9903,9656,9652,9726,9729,722.0,722.0,83.10249307479225,83.10249307479225,70,77,140.0,154.0,,,14.0,14.0,9.090909090909092
GDN0011,TiltUp,28,28,28,9903,9903,10256,10256,10017,10013,10088,10090,698.0,698.0,85.9598853868195,85.9598853868195,71,77,142.0,154.0,,,12.0,12.0,7.792207792207792
GDN0011,TiltUp,29,29,29,10256,10256,10604,10604,10366,10362,10435,10432,696.0,696.0,86.20689655172414,86.20689655172414,69,70,138.0,140.0,,,2.0,2.0,1.4285714285714286
GDN0011,TiltUp,30,30,30,10604,10604,10957,10957,10715,10710,10782,10785,710.0,710.0,84.50704225352113,84.50704225352113,67,75,134.0,150.0,,,16.0,16.0,10.666666666666668
GDN0011,TiltUp,31,31,31,10957,10957,11316,11316,11069,11065,11142,11137,724.0,724.0,82.87292817679558,82.87292817679558,73,72,146.0,144.0,,,-2.0,2.0,1.3888888888888888
GDN0011,TiltUp,32,32,32,11316,11316,11673,11673,11431,11427,11500,11502,708.0,708.0,84.74576271186442,84.74576271186442,69,75,138.0,150.0,,,12.0,12.0,8.0
GDN0011,TiltUp,33,33,33,11673,11673,12016,12016,11785,11781,11854,11861,674.0,674.0,89.02077151335311,89.02077151335311,69,80,138.0,160.0,,,22.0,22.0,13.750000000000002
GDN0011,TiltUp,34,34,34,12016,12016,12352,12352,12122,12118,12192,12200,670.0,670.0,89.55223880597015,89.55223880597015,70,82,140.0,164.0,,,24.0,24.0,14.634146341463413
GDN0011,TiltUp,35,35,35,12352,12352,12689,12689,12457,12453,12524,12530,678.0,678.0,88.49557522123894,88.49557522123894,67,77,134.0,154.0,,,20.0,20.0,12.987012987012985
GDN0011,TiltUp,36,36,36,12689,12689,13032,13032,12797,12793,12867,12865,690.0,690.0,86.95652173913044,86.95652173913044,70,72,140.0,144.0,,,4.0,4.0,2.7777777777777777
GDN0011,TiltUp,37,37,37,13032,13032,13379,13379,13141,13137,13212,13202,696.0,696.0,86.20689655172414,86.20689655172414,71,65,142.0,130.0,,,-12.0,12.0,9.230769230769232
GDN0011,TiltUp,38,38,38,13379,13379,13719,13719,13490,13485,13559,13561,672.0,672.0,89.28571428571428,89.28571428571428,69,76,138.0,152.0,,,14.0,14.0,9.210526315789473
GDN0011,TiltUp,39,39,39,13719,13719,14060,14060,13825,13821,13895,13898,686.0,686.0,87.46355685131195,87.46355685131195,70,77,140.0,154.0,,,14.0,14.0,9.090909090909092
GDN0011,TiltUp,40,40,40,14060,14060,14404,14404,14169,14164,14239,14237,688.0,688.0,87.2093023255814,87.2093023255814,70,73,140.0,146.0,,,6.0,6.0,4.10958904109589
GDN0011,TiltUp,41,41,41,14404,14404,14753,14753,14513,14509,14582,14583,706.0,706.0,84.98583569405099,84.98583569405099,69,74,138.0,148.0,,,10.0,10.0,6.756756756756757
GDN0011,TiltUp,42,42,42,14753,14753,15106,15106,14865,14861,14938,14939,706.0,706.0,84.98583569405099,84.98583569405099,73,78,146.0,156.0,,,10.0,10.0,6.41025641025641
GDN0011,TiltUp,43,43,43,15106,15106,15452,15452,15218,15214,15287,15290,684.0,684.0,87.71929824561403,87.71929824561403,69,76,138.0,152.0,,,14.0,14.0,9.210526315789473
GDN0011,TiltUp,44,44,44,15452,15452,15789,15789,15560,15556,15629,15628,668.0,668.0,89.82035928143712,89.82035928143712,69,72,138.0,144.0,,,6.0,6.0,4.166666666666666
GDN0011,TiltUp,45,45,45,15789,15789,16130,16130,15894,15890,15961,15971,690.0,690.0,86.95652173913044,86.95652173913044,67,81,134.0,162.0,,,28.0,28.0,17.28395061728395
GDN0011,TiltUp,46,46,46,16130,16130,16473,16473,16239,16235,16306,16311,682.0,682.0,87.97653958944281,87.97653958944281,67,76,134.0,152.0,,,18.0,18.0,11.842105263157894
GDN0011,TiltUp,47,47,47,16473,16473,16814,16814,16580,16576,16648,16652,684.0,684.0,87.71929824561403,87.71929824561403,68,76,136.0,152.0,,,16.0,16.0,10.526315789473683
GDN0011,TiltUp,48,48,48,16814,16814,17147,17147,16923,16918,16992,16992,654.0,654.0,91.74311926605505,91.74311926605505,69,74,138.0,148.0,,,10.0,10.0,6.756756756756757
GDN0011,TiltUp,49,49,49,17147,17147,17477,17477,17249,17245,17322,17316,664.0,664.0,90.36144578313252,90.36144578313252,73,71,146.0,142.0,,,-4.0,4.0,2.8169014084507045
GDN0011,TiltUp,50,50,50,17477,17477,17820,17820,17582,17578,17648,17646,698.0,698.0,85.9598853868195,85.9598853868195,66,68,132.0,136.0,,,4.0,4.0,2.941176470588235
GDN0011,TiltUp,51,51,51,17820,17820,18170,18170,17931,17926,18000,17997,702.0,702.0,85.47008547008548,85.47008547008548,69,71,138.0,142.0,,,4.0,4.0,2.8169014084507045
GDN0011,TiltUp,52,52,52,18170,18170,18508,18508,18282,18278,18350,18350,660.0,660.0,90.9090909090909,90.9090909090909,68,72,136.0,144.0,,,8.0,8.0,5.555555555555555
GDN0011,TiltUp,53,53,53,18508,18508,18828,18828,18612,18607,18679,18683,632.0,632.0,94.9367088607595,94.9367088607595,67,76,134.0,152.0,,,18.0,18.0,11.842105263157894
GDN0011,TiltUp,54,54,54,18828,18828,19140,19140,18928,18923,18996,18998,618.0,618.0,97.0873786407767,97.0873786407767,68,75,136.0,150.0,,,14.0,14.0,9.333333333333334
GDN0011,TiltUp,55,55,55,19140,19140,19453,19453,19237,19232,19307,19309,632.0,632.0,94.9367088607595,94.9367088607595,70,77,140.0,154.0,,,14.0,14.0,9.090909090909092
GDN0011,TiltUp,56,56,56,19453,19453,19773,19773,19553,19548,19616,19621,642.0,642.0,93.45794392523364,93.45794392523364,63,73,126.0,146.0,,,20.0,20.0,13.698630136986301
GDN0011,TiltUp,57,57,57,19773,19773,20096,20096,19874,19869,19942,19941,648.0,648.0,92.5925925925926,92.5925925925926,68,72,136.0,144.0,,,8.0,8.0,5.555555555555555
GDN0011,TiltUp,58,58,58,20096,20096,20421,20421,20198,20193,20271,20264,652.0,652.0,92.02453987730061,92.02453987730061,73,71,146.0,142.0,,,-4.0,4.0,2.8169014084507045
GDN0011,TiltUp,59,59,59,20421,20421,20744,20744,20524,20519,20596,20593,644.0,644.0,93.16770186335404,93.16770186335404,72,74,144.0,148.0,,,4.0,4.0,2.7027027027027026
GDN0011,TiltUp,60,60,60,20744,20744,21069,21069,20845,20841,20915,20917,652.0,652.0,92.02453987730061,92.02453987730061,70,76,140.0,152.0,,,12.0,12.0,7.894736842105263
GDN0011,TiltUp,61,61,61,21069,21069,21401,21401,21172,21167,21236,21242,672.0,672.0,89.28571428571428,89.28571428571428,64,75,128.0,150.0,,,22.0,22.0,14.666666666666666
GDN0011,TiltUp,62,62,62,21401,21401,21741,21741,21508,21504,21575,21581,682.0,682.0,87.97653958944281,87.97653958944281,67,77,134.0,154.0,,,20.0,20.0,12.987012987012985
GDN0011,TiltUp,63,63,63,21741,21741,22079,22079,21848,21844,21919,21914,674.0,674.0,89.02077151335311,89.02077151335311,71,70,142.0,140.0,,,-2.0,2.0,1.4285714285714286
GDN0011,TiltUp,64,64,64,22079,22079,22408,22408,22185,22181,22262,22256,648.0,648.0,92.5925925925926,92.5925925925926,77,75,154.0,150.0,,,-4.0,4.0,2.666666666666667
GDN0011,TiltUp,65,65,65,22408,22408,22733,22733,22509,22505,22578,22582,652.0,652.0,92.02453987730061,92.02453987730061,69,77,138.0,154.0,,,16.0,16.0,10.38961038961039
GDN0011,TiltUp,66,66,66,22733,22733,23060,23060,22836,22832,22906,22902,656.0,656.0,91.46341463414633,91.46341463414633,70,70,140.0,140.0,,,0.0,0.0,0.0
GDN0011,TiltUp,67,67,67,23060,23060,23391,23391,23163,23159,23228,23238,664.0,664.0,90.36144578313252,90.36144578313252,65,79,130.0,158.0,,,28.0,28.0,17.72151898734177
GDN0011,TiltUp,68,68,68,23391,23391,23720,23720,23495,23491,23564,23561,656.0,656.0,91.46341463414633,91.46341463414633,69,70,138.0,140.0,,,2.0,2.0,1.4285714285714286
GDN0011,TiltUp,69,69,69,23720,23720,24042,24042,23823,23819,23896,23903,638.0,638.0,94.04388714733543,94.04388714733543,73,84,146.0,168.0,,,22.0,22.0,13.095238095238097
GDN0011,TiltUp,70,70,70,24042,24042,24350,24350,24142,24138,24212,24219,602.0,602.0,99.66777408637874,99.66777408637874,70,81,140.0,162.0,,,22.0,22.0,13.580246913580247
GDN0011,TiltUp,71,71,71,24350,24350,24655,24655,24443,24439,24516,24508,616.0,616.0,97.40259740259741,97.40259740259741,73,69,146.0,138.0,,,-8.0,8.0,5.797101449275362
GDN0011,TiltUp,72,72,72,24655,24655,24967,24967,24751,24747,24822,24824,628.0,628.0,95.54140127388536,95.54140127388536,71,77,142.0,154.0,,,12.0,12.0,7.792207792207792
GDN0011,TiltUp,73,73,73,24967,24967,25301,25301,25065,25061,25134,25124,688.0,688.0,87.2093023255814,87.2093023255814,69,63,138.0,126.0,,,-12.0,12.0,9.523809523809524
GDN0011,TiltUp,74,74,74,25301,25301,25672,25672,25410,25406,25473,25479,772.0,772.0,77.720207253886,77.720207253886,63,73,126.0,146.0,,,20.0,20.0,13.698630136986301
GDN0011,TiltUp,75,75,75,25672,25672,26072,26072,25795,25791,25861,25854,816.0,816.0,73.52941176470588,73.52941176470588,66,63,132.0,126.0,,,-6.0,6.0,4.761904761904762
GDN0011,TiltUp,76,76,76,26072,26072,26486,26486,26203,26199,26271,26278,834.0,834.0,71.94244604316548,71.94244604316548,68,79,136.0,158.0,,,22.0,22.0,13.924050632911392
GDN0011,TiltUp,77,77,77,26486,26486,26891,26891,26620,26616,26689,26680,796.0,796.0,75.37688442211055,75.37688442211055,69,64,138.0,128.0,,,-10.0,10.0,7.8125
GDN0011,TiltUp,78,78,78,26891,26891,27274,27274,27018,27014,27087,27090,750.0,750.0,80.0,80.0,69,76,138.0,152.0,,,14.0,14.0,9.210526315789473
GDN0011,TiltUp,79,79,79,27274,27274,27632,27632,27393,27389,27464,27467,698.0,698.0,85.9598853868195,85.9598853868195,71,78,142.0,156.0,,,14.0,14.0,8.974358974358974
GDN0011,TiltUp,80,80,80,27632,27632,27969,27969,27742,27738,27814,27811,662.0,662.0,90.63444108761328,90.63444108761328,72,73,144.0,146.0,,,2.0,2.0,1.36986301369863
GDN0011,TiltUp,81,81,81,27969,27969,28290,28290,28073,28069,28146,28136,632.0,632.0,94.9367088607595,94.9367088607595,73,67,146.0,134.0,,,-12.0,12.0,8.955223880597014
GDN0011,TiltUp,82,82,82,28290,28290,28608,28608,28390,28386,28458,28464,636.0,636.0,94.33962264150944,94.33962264150944,68,78,136.0,156.0,,,20.0,20.0,12.82051282051282
GDN0011,TiltUp,83,83,83,28608,28608,28932,28932,28708,28704,28778,28778,656.0,656.0,91.46341463414633,91.46341463414633,70,74,140.0,148.0,,,8.0,8.0,5.405405405405405
GDN0011,TiltUp,84,84,84,28932,28932,29276,29276,29036,29032,29107,29110,704.0,704.0,85.22727272727273,85.22727272727273,71,78,142.0,156.0,,,14.0,14.0,8.974358974358974
GDN0011,TiltUp,85,85,85,29276,29276,29636,29636,29387,29383,29458,29454,730.0,730.0,82.19178082191782,82.19178082191782,71,71,142.0,142.0,,,0.0,0.0,0.0
GDN0011,TiltLevel,0,0,0,430,430,858,858,568,564,633,626,856.0,856.0,70.09345794392523,70.09345794392523,65,62,130.0,124.0,,,-6.0,6.0,4.838709677419355
GDN0011,TiltLevel,1,1,1,858,858,1299,1299,996,992,1059,1061,896.0,896.0,66.96428571428571,66.96428571428571,63,69,126.0,138.0,,,12.0,12.0,8.695652173913043
GDN0011,TiltLevel,2,2,2,1299,1299,1789,1789,1445,1440,1508,1506,1026.0,1026.0,58.47953216374269,58.47953216374269,63,66,126.0,132.0,,,6.0,6.0,4.545454545454546
GDN0011,TiltLevel,3,3,3,1789,1789,2276,2276,1957,1953,2020,2013,946.0,946.0,63.42494714587738,63.42494714587738,63,60,126.0,120.0,,,-6.0,6.0,5.0
GDN0011,TiltLevel,5,5,5,2798,2798,3352,3352,2977,2973,3041,3039,1116.0,1116.0,53.76344086021505,53.76344086021505,64,66,128.0,132.0,,,4.0,4.0,3.0303030303030303
GDN0011,TiltLevel,6,6,6,3352,3352,3858,3858,3535,3531,3598,3589,958.0,958.0,62.63048016701462,62.63048016701462,63,58,126.0,116.0,,,-10.0,10.0,8.620689655172415
GDN0011,TiltLevel,7,7,7,3858,3858,4374,4374,4013,4009,4078,4082,1072.0,1072.0,55.97014925373134,55.97014925373134,65,73,130.0,146.0,,,16.0,16.0,10.95890410958904
GDN0011,TiltLevel,8,8,8,4374,4374,4891,4891,4550,4545,4615,4609,1012.0,1012.0,59.28853754940712,59.28853754940712,65,64,130.0,128.0,,,-2.0,2.0,1.5625
GDN0011,TiltLevel,9,9,9,4891,4891,5355,5355,5056,5052,5120,5118,884.0,884.0,67.87330316742081,67.87330316742081,64,66,128.0,132.0,,,4.0,4.0,3.0303030303030303
GDN0011,TiltLevel,10,10,10,5355,5355,5789,5789,5497,5493,5563,5548,858.0,858.0,69.93006993006993,69.93006993006993,66,55,132.0,110.0,,,-22.0,22.0,20.0
GDN0011,TiltLevel,11,11,11,5789,5789,6274,6274,5927,5923,5995,5978,1032.0,1032.0,58.13953488372093,58.13953488372093,68,55,136.0,110.0,,,-26.0,26.0,23.636363636363637
GDN0011,TiltLevel,12,12,12,6274,6274,6809,6809,6443,6439,6507,6491,1088.0,1088.0,55.147058823529406,55.147058823529406,64,52,128.0,104.0,,,-24.0,24.0,23.076923076923077
GDN0011,TiltLevel,13,13,13,6809,6809,7323,7323,6987,6983,7051,7036,996.0,996.0,60.24096385542169,60.24096385542169,64,53,128.0,106.0,,,-22.0,22.0,20.754716981132077
GDN0011,TiltLevel,14,14,14,7323,7323,7873,7873,7485,7480,7551,7542,1158.0,1158.0,51.81347150259068,51.81347150259068,66,62,132.0,124.0,,,-8.0,8.0,6.451612903225806
GDN0011,TiltLevel,15,15,15,7873,7873,8414,8414,8064,8060,8128,8125,1040.0,1040.0,57.69230769230769,57.69230769230769,64,65,128.0,130.0,,,2.0,2.0,1.5384615384615385
GDN0011,TiltLevel,16,16,16,8414,8414,8916,8916,8583,8579,8649,8645,984.0,984.0,60.97560975609756,60.97560975609756,66,66,132.0,132.0,,,0.0,0.0,0.0
GDN0011,TiltLevel,17,17,17,8916,8916,9323,9323,9075,9071,9143,9131,724.0,724.0,82.87292817679558,82.87292817679558,68,60,136.0,120.0,,,-16.0,16.0,13.333333333333334
GDN0011,TiltLevel,18,18,18,9323,9323,9891,9891,9434,9431,9517,9501,1358.0,1358.0,44.18262150220913,44.18262150220913,83,70,166.0,140.0,,,-26.0,26.0,18.571428571428573
GDN0011,TiltLevel,19,19,19,9891,9891,10451,10451,10117,10113,10180,10174,990.0,990.0,60.60606060606061,60.60606060606061,63,61,126.0,122.0,,,-4.0,4.0,3.278688524590164
GDN0011,TiltLevel,20,20,20,10451,10451,10959,10959,10612,10607,10675,10664,1032.0,1032.0,58.13953488372093,58.13953488372093,63,57,126.0,114.0,,,-12.0,12.0,10.526315789473683
GDN0011,TiltLevel,21,21,21,10959,10959,11468,11468,11128,11124,11192,11174,1010.0,1010.0,59.40594059405941,59.40594059405941,64,50,128.0,100.0,,,-28.0,28.0,28.000000000000004
GDN0011,TiltLevel,22,22,22,11468,11468,11959,11959,11633,11629,11698,11684,966.0,966.0,62.11180124223603,62.11180124223603,65,55,130.0,110.0,,,-20.0,20.0,18.181818181818183
GDN0011,TiltLevel,23,23,23,11959,11959,12476,12476,12116,12111,12180,12182,1070.0,1070.0,56.074766355140184,56.074766355140184,64,71,128.0,142.0,,,14.0,14.0,9.859154929577464
GDN0011,TiltLevel,24,24,24,12476,12476,13008,13008,12651,12647,12719,12714,1062.0,1062.0,56.497175141242934,56.497175141242934,68,67,136.0,134.0,,,-2.0,2.0,1.4925373134328357
GDN0011,TiltLevel,25,25,25,13008,13008,13524,13524,13182,13178,13246,13240,1014.0,1014.0,59.171597633136095,59.171597633136095,64,62,128.0,124.0,,,-4.0,4.0,3.225806451612903
GDN0011,TiltLevel,26,26,26,13524,13524,14073,14073,13689,13685,13753,13743,1146.0,1146.0,52.35602094240838,52.35602094240838,64,58,128.0,116.0,,,-12.0,12.0,10.344827586206897
GDN0011,TiltLevel,27,27,27,14073,14073,14633,14633,14262,14258,14327,14321,1104.0,1104.0,54.347826086956516,54.347826086956516,65,63,130.0,126.0,,,-4.0,4.0,3.1746031746031744
GDN0011,TiltLevel,28,28,28,14633,14633,15167,15167,14814,14810,14877,14883,1048.0,1048.0,57.25190839694656,57.25190839694656,63,73,126.0,146.0,,,20.0,20.0,13.698630136986301
GDN0011,TiltLevel,29,29,29,15167,15167,15717,15717,15338,15333,15403,15397,1128.0,1128.0,53.19148936170213,53.19148936170213,65,64,130.0,128.0,,,-2.0,2.0,1.5625
GDN0011,TiltLevel,30,30,30,15717,15717,16252,16252,15902,15898,15967,15952,1040.0,1040.0,57.69230769230769,57.69230769230769,65,54,130.0,108.0,,,-22.0,22.0,20.37037037037037
GDN0011,TiltLevel,31,31,31,16252,16252,16747,16747,16422,16418,16486,16479,962.0,962.0,62.37006237006237,62.37006237006237,64,61,128.0,122.0,,,-6.0,6.0,4.918032786885246
GDN0011,TiltLevel,32,32,32,16747,16747,17247,17247,16903,16899,16966,16966,1022.0,1022.0,58.708414872798436,58.708414872798436,63,67,126.0,134.0,,,8.0,8.0,5.970149253731343
GDN0011,TiltLevel,33,33,33,17247,17247,17756,17756,17414,17410,17479,17465,1014.0,1014.0,59.171597633136095,59.171597633136095,65,55,130.0,110.0,,,-20.0,20.0,18.181818181818183
GDN0011,TiltLevel,34,34,34,17756,17756,18223,18223,17921,17917,17984,17978,892.0,892.0,67.26457399103138,67.26457399103138,63,61,126.0,122.0,,,-4.0,4.0,3.278688524590164
GDN0011,TiltLevel,35,35,35,18223,18223,18699,18699,18366,18362,18431,18433,984.0,984.0,60.97560975609756,60.97560975609756,65,71,130.0,142.0,,,12.0,12.0,8.450704225352112
GDN0011,TiltLevel,36,36,36,18699,18699,19220,19220,18859,18855,18924,18919,1074.0,1074.0,55.865921787709496,55.865921787709496,65,64,130.0,128.0,,,-2.0,2.0,1.5625
GDN0011,TiltLevel,37,37,37,19220,19220,19745,19745,19397,19392,19460,19440,1036.0,1036.0,57.915057915057915,57.915057915057915,63,48,126.0,96.0,,,-30.0,30.0,31.25
GDN0011,TiltLevel,38,38,38,19745,19745,20243,20243,19914,19910,19977,19979,974.0,974.0,61.601642710472284,61.601642710472284,63,69,126.0,138.0,,,12.0,12.0,8.695652173913043
GDN0011,TiltLevel,39,39,39,20243,20243,20766,20766,20401,20397,20465,20461,1086.0,1086.0,55.248618784530386,55.248618784530386,64,64,128.0,128.0,,,0.0,0.0,0.0
GDN0011,TiltLevel,40,40,40,20766,20766,21300,21300,20944,20940,21010,21002,1058.0,1058.0,56.71077504725898,56.71077504725898,66,62,132.0,124.0,,,-8.0,8.0,6.451612903225806
GDN0011,TiltLevel,41,41,41,21300,21300,21802,21802,21473,21469,21536,21541,976.0,976.0,61.47540983606557,61.47540983606557,63,72,126.0,144.0,,,18.0,18.0,12.5
GDN0011,TiltLevel,42,42,42,21802,21802,22329,22329,21961,21957,22025,22015,1094.0,1094.0,54.84460694698354,54.84460694698354,64,58,128.0,116.0,,,-12.0,12.0,10.344827586206897
GDN0011,TiltLevel,43,43,43,22329,22329,22858,22858,22508,22503,22572,22567,1040.0,1040.0,57.69230769230769,57.69230769230769,64,64,128.0,128.0,,,0.0,0.0,0.0
GDN0011,TiltLevel,44,44,44,22858,22858,23349,23349,23028,23024,23092,23094,950.0,950.0,63.15789473684211,63.15789473684211,64,70,128.0,140.0,,,12.0,12.0,8.571428571428571
GDN0011,TiltLevel,45,45,45,23349,23349,23757,23757,23503,23499,23568,23545,744.0,744.0,80.64516129032258,80.64516129032258,65,46,130.0,92.0,,,-38.0,38.0,41.30434782608695
GDN0011,TiltLevel,46,46,46,23757,23757,24334,24334,23871,23868,23954,23933,1374.0,1374.0,43.66812227074235,43.66812227074235,83,65,166.0,130.0,,,-36.0,36.0,27.692307692307693
GDN0011,TiltLevel,47,47,47,24334,24334,24870,24870,24561,24558,24624,24618,910.0,910.0,65.93406593406593,65.93406593406593,63,60,126.0,120.0,,,-6.0,6.0,5.0
GDN0011,TiltLevel,48,48,48,24870,24870,25356,25356,25017,25012,25083,25079,1006.0,1006.0,59.642147117296226,59.642147117296226,66,67,132.0,134.0,,,2.0,2.0,1.4925373134328357
GDN0011,TiltLevel,49,49,49,25356,25356,25866,25866,25520,25515,25583,25586,1028.0,1028.0,58.36575875486381,58.36575875486381,63,71,126.0,142.0,,,16.0,16.0,11.267605633802818
GDN0011,TiltLevel,50,50,50,25866,25866,26337,26337,26034,26030,26098,26087,894.0,894.0,67.11409395973155,67.11409395973155,64,57,128.0,114.0,,,-14.0,14.0,12.280701754385964
GDN0011,TiltLevel,51,51,51,26337,26337,26883,26883,26481,26476,26544,26545,1200.0,1200.0,50.0,50.0,63,69,126.0,138.0,,,12.0,12.0,8.695652173913043
GDN0011,TiltLevel,52,52,52,26883,26883,27463,27463,27081,27076,27143,27134,1138.0,1138.0,52.72407732864675,52.72407732864675,62,58,124.0,116.0,,,-8.0,8.0,6.896551724137931
GDN0011,TiltLevel,53,53,53,27463,27463,28001,28001,27650,27646,27715,27707,1044.0,1044.0,57.47126436781609,57.47126436781609,65,61,130.0,122.0,,,-8.0,8.0,6.557377049180328
GDN0011,TiltLevel,54,54,54,28001,28001,28558,28558,28172,28168,28239,28224,1152.0,1152.0,52.083333333333336,52.083333333333336,67,56,134.0,112.0,,,-22.0,22.0,19.642857142857142
GDN0011,TiltLevel,55,55,55,28558,28558,29114,29114,28748,28743,28813,28814,1088.0,1088.0,55.147058823529406,55.147058823529406,65,71,130.0,142.0,,,12.0,12.0,8.450704225352112
GDN0011,TiltLevel,56,56,56,29114,29114,29634,29634,29292,29288,29357,29351,1014.0,1014.0,59.171597633136095,59.171597633136095,65,63,130.0,126.0,,,-4.0,4.0,3.1746031746031744
GDN0012,Pause,0,0,0,447,447,902,902,597,593,668,657,908.0,908.0,66.07929515418502,66.07929515418502,71,64,142.0,128.0,,,-14.0,14.0,10.9375
GDN0012,Pause,1,1,1,902,902,1361,1361,1051,1047,1121,1118,922.0,922.0,65.0759219088937,65.0759219088937,70,71,140.0,142.0,,,2.0,2.0,1.4084507042253522
GDN0012,Pause,2,2,2,1361,1361,1816,1816,1512,1508,1576,1567,906.0,906.0,66.2251655629139,66.2251655629139,64,59,128.0,118.0,,,-10.0,10.0,8.47457627118644
GDN0012,Pause,3,3,3,1816,1816,2257,2257,1965,1961,2028,2010,868.0,868.0,69.12442396313364,69.12442396313364,63,49,126.0,98.0,,,-28.0,28.0,28.57142857142857
GDN0012,Pause,4,4,4,2257,2257,2701,2701,2399,2395,2462,2458,898.0,898.0,66.81514476614699,66.81514476614699,63,63,126.0,126.0,,,0.0,0.0,0.0
GDN0012,Pause,5,5,5,2701,2701,3154,3154,2848,2844,2915,2886,910.0,910.0,65.93406593406593,65.93406593406593,67,42,134.0,84.0,,,-50.0,50.0,59.523809523809526
GDN0012,Pause,6,6,6,3154,3154,3622,3622,3303,3299,3371,3351,950.0,950.0,63.15789473684211,63.15789473684211,68,52,136.0,104.0,,,-32.0,32.0,30.76923076923077
GDN0012,Pause,7,7,7,3622,3622,4097,4097,3778,3774,3844,3837,952.0,952.0,63.02521008403362,63.02521008403362,66,63,132.0,126.0,,,-6.0,6.0,4.761904761904762
GDN0012,Pause,8,8,8,4097,4097,4591,4591,4254,4250,4320,4304,1006.0,1006.0,59.642147117296226,59.642147117296226,66,54,132.0,108.0,,,-24.0,24.0,22.22222222222222
GDN0012,Pause,9,9,9,4591,4591,5065,5065,4757,4753,4825,4820,916.0,916.0,65.50218340611353,65.50218340611353,68,67,136.0,134.0,,,-2.0,2.0,1.4925373134328357
GDN0012,Pause,10,10,10,5065,5065,5510,5510,5215,5211,5283,5270,878.0,878.0,68.3371298405467,68.3371298405467,68,59,136.0,118.0,,,-18.0,18.0,15.254237288135593
GDN0012,Pause,11,11,11,5510,5510,5957,5957,5654,5650,5717,5711,902.0,902.0,66.51884700665188,66.51884700665188,63,61,126.0,122.0,,,-4.0,4.0,3.278688524590164
GDN0012,Pause,12,12,12,5957,5957,6432,6432,6105,6101,6174,6152,974.0,974.0,61.601642710472284,61.601642710472284,69,51,138.0,102.0,,,-36.0,36.0,35.294117647058826
GDN0012,Pause,13,13,13,6432,6432,6908,6908,6592,6588,6656,6656,942.0,942.0,63.69426751592357,63.69426751592357,64,68,128.0,136.0,,,8.0,8.0,5.88235294117647
GDN0012,Pause,14,14,14,6908,6908,7377,7377,7063,7059,7132,7121,936.0,936.0,64.1025641025641,64.1025641025641,69,62,138.0,124.0,,,-14.0,14.0,11.29032258064516
GDN0012,Pause,15,15,15,7377,7377,7819,7819,7531,7527,7600,7586,856.0,856.0,70.09345794392523,70.09345794392523,69,59,138.0,118.0,,,-20.0,20.0,16.94915254237288
GDN0012,Pause,16,16,16,7819,7819,8237,8237,7959,7955,8028,8019,824.0,824.0,72.81553398058253,72.81553398058253,69,64,138.0,128.0,,,-10.0,10.0,7.8125
GDN0012,Pause,17,17,17,8237,8237,8652,8652,8371,8368,8438,8430,834.0,834.0,71.94244604316548,71.94244604316548,67,62,134.0,124.0,,,-10.0,10.0,8.064516129032258
GDN0012,Pause,18,18,18,8652,8652,9063,9063,8788,8784,8856,8846,814.0,814.0,73.71007371007371,73.71007371007371,68,62,136.0,124.0,,,-12.0,12.0,9.67741935483871
GDN0012,Pause,19,19,19,9063,9063,9470,9470,9195,9191,9259,9256,814.0,814.0,73.71007371007371,73.71007371007371,64,65,128.0,130.0,,,2.0,2.0,1.5384615384615385
GDN0012,Pause,20,20,20,9470,9470,9890,9890,9602,9598,9666,9664,854.0,854.0,70.2576112412178,70.2576112412178,64,66,128.0,132.0,,,4.0,4.0,3.0303030303030303
GDN0012,Pause,21,21,21,9890,9890,10360,10360,10029,10025,10097,10082,988.0,988.0,60.72874493927126,60.72874493927126,68,57,136.0,114.0,,,-22.0,22.0,19.298245614035086
GDN0012,Pause,22,22,22,10360,10360,10862,10862,10523,10519,10594,10585,1012.0,1012.0,59.28853754940712,59.28853754940712,71,66,142.0,132.0,,,-10.0,10.0,7.575757575757576
GDN0012,Pause,23,23,23,10862,10862,11375,11375,11029,11025,11097,11079,1034.0,1034.0,58.027079303675045,58.027079303675045,68,54,136.0,108.0,,,-28.0,28.0,25.925925925925924
GDN0012,Pause,24,24,24,11375,11375,11846,11846,11546,11543,11612,11610,892.0,892.0,67.26457399103138,67.26457399103138,66,67,132.0,134.0,,,2.0,2.0,1.4925373134328357
GDN0012,Pause,25,25,25,11846,11846,12283,12283,11992,11989,12053,12037,864.0,864.0,69.44444444444444,69.44444444444444,61,48,122.0,96.0,,,-26.0,26.0,27.083333333333332
GDN0012,Pause,26,26,26,12283,12283,12713,12713,12424,12420,12491,12480,858.0,858.0,69.93006993006993,69.93006993006993,67,60,134.0,120.0,,,-14.0,14.0,11.666666666666666
GDN0012,Pause,27,27,27,12713,12713,13156,13156,12853,12849,12917,12912,902.0,902.0,66.51884700665188,66.51884700665188,64,63,128.0,126.0,,,-2.0,2.0,1.5873015873015872
GDN0012,Pause,28,28,28,13156,13156,13646,13646,13304,13300,13368,13362,1020.0,1020.0,58.8235294117647,58.8235294117647,64,62,128.0,124.0,,,-4.0,4.0,3.225806451612903
GDN0012,Pause,29,29,29,13646,13646,14152,14152,13814,13810,13880,13861,1010.0,1010.0,59.40594059405941,59.40594059405941,66,51,132.0,102.0,,,-30.0,30.0,29.411764705882355
GDN0012,Pause,30,30,30,14152,14152,14657,14656,14318,14314,14390,14374,1008.0,1008.0,59.523809523809526,59.523809523809526,72,60,144.0,120.0,,,-24.0,24.0,20.0
GDN0012,Pause,31,31,31,14657,14656,15120,15120,14823,14819,14888,14884,882.0,882.0,68.02721088435374,68.02721088435374,65,65,130.0,130.0,,,0.0,0.0,0.0
GDN0012,Pause,32,32,32,15120,15120,15548,15548,15265,15261,15327,15324,842.0,842.0,71.25890736342043,71.25890736342043,62,63,124.0,126.0,,,2.0,2.0,1.5873015873015872
GDN0012,Pause,33,33,33,15548,15548,15963,15963,15685,15681,15750,15754,824.0,824.0,72.81553398058253,72.81553398058253,65,73,130.0,146.0,,,16.0,16.0,10.95890410958904
GDN0012,Pause,34,34,34,15963,15963,16376,16376,16097,16093,16158,16161,828.0,828.0,72.46376811594203,72.46376811594203,61,68,122.0,136.0,,,14.0,14.0,10.294117647058822
GDN0012,Pause,35,35,35,16376,16376,16813,16813,16511,16507,16575,16574,898.0,898.0,66.81514476614699,66.81514476614699,64,67,128.0,134.0,,,6.0,6.0,4.477611940298507
GDN0012,Pause,36,36,36,16813,16813,17295,17295,16959,16956,17025,17019,1000.0,1000.0,60.0,60.0,66,63,132.0,126.0,,,-6.0,6.0,4.761904761904762
GDN0012,Pause,37,37,37,17295,17295,17799,17799,17460,17456,17523,17520,1012.0,1012.0,59.28853754940712,59.28853754940712,63,64,126.0,128.0,,,2.0,2.0,1.5625
GDN0012,Pause,38,38,38,17799,17799,18306,18306,17966,17962,18034,18019,1016.0,1016.0,59.05511811023622,59.05511811023622,68,57,136.0,114.0,,,-22.0,22.0,19.298245614035086
GDN0012,Pause,39,39,39,18306,18306,18813,18813,18474,18470,18543,18541,1012.0,1012.0,59.28853754940712,59.28853754940712,69,71,138.0,142.0,,,4.0,4.0,2.8169014084507045
GDN0012,Pause,40,40,40,18813,18813,19279,19279,18980,18976,19045,19043,890.0,890.0,67.41573033707866,67.41573033707866,65,67,130.0,134.0,,,4.0,4.0,2.9850746268656714
GDN0012,Pause,41,41,41,19279,19279,19710,19710,19425,19421,19491,19473,846.0,846.0,70.92198581560284,70.92198581560284,66,52,132.0,104.0,,,-28.0,28.0,26.923076923076923
GDN0012,Pause,42,42,42,19710,19710,20121,20121,19848,19844,19913,19906,808.0,808.0,74.25742574257426,74.25742574257426,65,62,130.0,124.0,,,-6.0,6.0,4.838709677419355
GDN0012,Pause,43,43,43,20121,20121,20530,20530,20252,20248,20318,20314,824.0,824.0,72.81553398058253,72.81553398058253,66,66,132.0,132.0,,,0.0,0.0,0.0
GDN0012,Pause,44,44,44,20530,20530,20967,20967,20664,20660,20731,20715,902.0,902.0,66.51884700665188,66.51884700665188,67,55,134.0,110.0,,,-24.0,24.0,21.818181818181817
GDN0012,Pause,45,45,45,20967,20967,21450,21450,21115,21111,21187,21171,1000.0,1000.0,60.0,60.0,72,60,144.0,120.0,,,-24.0,24.0,20.0
GDN0012,Pause,46,46,46,21450,21450,21948,21948,21614,21611,21684,21665,994.0,994.0,60.36217303822938,60.36217303822938,70,54,140.0,108.0,,,-32.0,32.0,29.629629629629626
GDN0012,Pause,47,47,47,21948,21948,22444,22444,22112,22108,22179,22149,990.0,990.0,60.60606060606061,60.60606060606061,67,41,134.0,82.0,,,-52.0,52.0,63.41463414634146
GDN0012,Pause,48,48,48,22444,22444,22904,22904,22607,22603,22674,22663,884.0,884.0,67.87330316742081,67.87330316742081,67,60,134.0,120.0,,,-14.0,14.0,11.666666666666666
GDN0012,Pause,49,49,49,22904,22904,23339,23339,23049,23045,23112,23096,862.0,862.0,69.60556844547564,69.60556844547564,63,51,126.0,102.0,,,-24.0,24.0,23.52941176470588
GDN0012,Pause,50,50,50,23339,23339,23765,23765,23480,23476,23545,23524,846.0,846.0,70.92198581560284,70.92198581560284,65,48,130.0,96.0,,,-34.0,34.0,35.41666666666667
GDN0012,Pause,51,51,51,23765,23765,24203,24203,23903,23899,23968,23934,892.0,892.0,67.26457399103138,67.26457399103138,65,35,130.0,70.0,,,-60.0,60.0,85.71428571428571
GDN0012,Pause,52,52,52,24203,24203,24673,24673,24349,24345,24416,24376,966.0,966.0,62.11180124223603,62.11180124223603,67,31,134.0,62.0,,,-72.0,72.0,116.12903225806453
GDN0012,Pause,53,53,53,24673,24673,25147,25147,24831,24828,24897,24882,938.0,938.0,63.965884861407254,63.965884861407254,66,54,132.0,108.0,,,-24.0,24.0,22.22222222222222
GDN0012,Pause,54,54,54,25147,25147,25597,25597,25301,25298,25367,25363,880.0,880.0,68.18181818181819,68.18181818181819,66,65,132.0,130.0,,,-2.0,2.0,1.5384615384615385
GDN0012,Pause,55,55,55,25597,25597,26034,26034,25741,25737,25804,25783,872.0,872.0,68.80733944954129,68.80733944954129,63,46,126.0,92.0,,,-34.0,34.0,36.95652173913043
GDN0012,Pause,56,56,56,26034,26034,26466,26466,26178,26174,26242,26238,858.0,858.0,69.93006993006993,69.93006993006993,64,64,128.0,128.0,,,0.0,0.0,0.0
GDN0012,Pause,57,57,57,26466,26466,26912,26912,26606,26602,26667,26624,910.0,910.0,65.93406593406593,65.93406593406593,61,22,122.0,44.0,,,-78.0,78.0,177.27272727272728
GDN0012,Pause,58,58,58,26912,26912,27383,27383,27061,27058,27126,27087,960.0,960.0,62.5,62.5,65,29,130.0,58.0,,,-72.0,72.0,124.13793103448276
GDN0012,Pause,59,59,59,27383,27383,27832,27832,27541,27537,27609,27593,866.0,866.0,69.28406466512702,69.28406466512702,68,56,136.0,112.0,,,-24.0,24.0,21.428571428571427
GDN0012,Pause,60,60,60,27832,27832,28266,28266,27975,27971,28040,28041,868.0,868.0,69.12442396313364,69.12442396313364,65,70,130.0,140.0,,,10.0,10.0,7.142857142857142
GDN0012,Pause,61,61,61,28266,28266,28692,28692,28408,28404,28473,28453,844.0,844.0,71.09004739336493,71.09004739336493,65,49,130.0,98.0,,,-32.0,32.0,32.6530612244898
GDN0012,Pause,62,62,62,28692,28692,29113,29113,28830,28826,28892,28872,840.0,840.0,71.42857142857143,71.42857142857143,62,46,124.0,92.0,,,-32.0,32.0,34.78260869565217
GDN0012,Pause,63,63,63,29113,29113,29552,29552,29250,29246,29313,29314,900.0,900.0,66.66666666666667,66.66666666666667,63,68,126.0,136.0,,,10.0,10.0,7.352941176470589
GDN0012,Valsalva,0,0,0,130,130,531,531,260,256,326,336,802.0,802.0,74.81296758104737,74.81296758104737,66,80,132.0,160.0,,,28.0,28.0,17.5
GDN0012,Valsalva,1,1,1,531,531,916,916,661,657,730,709,754.0,754.0,79.57559681697613,79.57559681697613,69,52,138.0,104.0,,,-34.0,34.0,32.69230769230769
GDN0012,Valsalva,2,2,2,916,916,1284,1284,1038,1032,1105,1091,726.0,726.0,82.64462809917356,82.64462809917356,67,59,134.0,118.0,,,-16.0,16.0,13.559322033898304
GDN0012,Valsalva,3,3,3,1284,1284,1643,1643,1400,1393,1469,1475,714.0,714.0,84.03361344537815,84.03361344537815,69,82,138.0,164.0,,,26.0,26.0,15.853658536585366
GDN0012,Valsalva,4,4,4,1643,1643,1999,1999,1757,1753,1825,1821,710.0,710.0,84.50704225352113,84.50704225352113,68,68,136.0,136.0,,,0.0,0.0,0.0
GDN0012,Valsalva,5,5,5,1999,1999,2360,2360,2112,2107,2174,2183,728.0,728.0,82.41758241758242,82.41758241758242,62,76,124.0,152.0,,,28.0,28.0,18.421052631578945
GDN0012,Valsalva,6,6,6,2360,2360,2725,2725,2476,2470,,2546,732.0,732.0,81.9672131147541,81.9672131147541,,76,,152.0,c_point_nan,,,,
GDN0012,Valsalva,7,7,7,2725,2725,3093,3093,2843,2838,2913,2918,738.0,738.0,81.30081300813008,81.30081300813008,70,80,140.0,160.0,,,20.0,20.0,12.5
GDN0012,Valsalva,8,8,8,3093,3093,3464,3464,3209,3205,,3279,746.0,746.0,80.4289544235925,80.4289544235925,,74,,148.0,c_point_nan,,,,
GDN0012,Valsalva,9,9,9,3464,3464,3833,3833,3584,3580,,3655,732.0,732.0,81.9672131147541,81.9672131147541,,75,,150.0,c_point_nan,,,,
GDN0012,Valsalva,10,10,10,3833,3833,4206,4206,3950,3946,,4028,754.0,754.0,79.57559681697613,79.57559681697613,,82,,164.0,c_point_nan,,,,
GDN0012,Valsalva,11,11,11,4206,4206,4582,4582,4328,4325,,4399,752.0,752.0,79.7872340425532,79.7872340425532,,74,,148.0,c_point_nan,,,,
GDN0012,Valsalva,12,12,12,4582,4582,4959,4959,4704,4701,,4775,754.0,754.0,79.57559681697613,79.57559681697613,,74,,148.0,c_point_nan,,,,
GDN0012,Valsalva,13,13,13,4959,4959,5347,5347,5080,5075,5153,5155,788.0,788.0,76.14213197969544,76.14213197969544,73,80,146.0,160.0,,,14.0,14.0,8.75
GDN0012,Valsalva,14,14,14,5347,5347,5734,5734,5474,5469,5537,5535,766.0,766.0,78.32898172323759,78.32898172323759,63,66,126.0,132.0,,,6.0,6.0,4.545454545454546
GDN0012,Valsalva,15,15,15,5734,5734,6108,6108,5858,5853,5924,5909,740.0,740.0,81.08108108108108,81.08108108108108,66,56,132.0,112.0,,,-20.0,20.0,17.857142857142858
GDN0012,Valsalva,16,16,16,6108,6108,6466,6466,6228,6224,6293,6290,700.0,700.0,85.71428571428572,85.71428571428572,65,66,130.0,132.0,,,2.0,2.0,1.5151515151515151
GDN0012,Valsalva,17,17,17,6466,6466,6808,6808,6579,6575,6644,6643,678.0,678.0,88.49557522123894,88.49557522123894,65,68,130.0,136.0,,,6.0,6.0,4.411764705882353
GDN0012,Valsalva,18,18,18,6808,6808,7138,7138,6917,6913,6983,6975,648.0,648.0,92.5925925925926,92.5925925925926,66,62,132.0,124.0,,,-8.0,8.0,6.451612903225806
GDN0012,Valsalva,19,19,19,7138,7138,7460,7460,7242,7237,7306,7304,642.0,642.0,93.45794392523364,93.45794392523364,64,67,128.0,134.0,,,6.0,6.0,4.477611940298507
GDN0012,Valsalva,20,20,20,7460,7460,7781,7781,7563,7558,7625,7619,642.0,642.0,93.45794392523364,93.45794392523364,62,61,124.0,122.0,,,-2.0,2.0,1.639344262295082
GDN0012,Valsalva,21,21,21,7781,7781,8111,8111,7884,7880,7943,7940,672.0,672.0,89.28571428571428,89.28571428571428,59,60,118.0,120.0,,,2.0,2.0,1.6666666666666667
GDN0012,Valsalva,22,22,22,8111,8111,8473,8473,8219,8215,8280,8278,750.0,750.0,80.0,80.0,61,63,122.0,126.0,,,4.0,4.0,3.1746031746031744
GDN0012,Valsalva,23,23,23,8473,8473,8917,8917,8594,8589,8654,8651,962.0,962.0,62.37006237006237,62.37006237006237,60,62,120.0,124.0,,,4.0,4.0,3.225806451612903
GDN0012,Valsalva,24,24,24,8917,8917,9385,9385,9075,9071,9135,9126,924.0,924.0,64.93506493506493,64.93506493506493,60,55,120.0,110.0,,,-10.0,10.0,9.090909090909092
GDN0012,Valsalva,25,25,25,9385,9385,9862,9862,9536,9533,9599,9583,968.0,968.0,61.98347107438017,61.98347107438017,63,50,126.0,100.0,,,-26.0,26.0,26.0
GDN0012,Valsalva,26,26,26,9862,9862,10362,10362,10021,10017,10083,10083,1020.0,1020.0,58.8235294117647,58.8235294117647,62,66,124.0,132.0,,,8.0,8.0,6.0606060606060606
GDN0012,Valsalva,27,27,27,10362,10362,10856,10856,10531,10527,10599,10595,970.0,970.0,61.855670103092784,61.855670103092784,68,68,136.0,136.0,,,0.0,0.0,0.0
GDN0012,Valsalva,28,28,28,10856,10856,11348,11348,11015,11012,11082,11080,992.0,992.0,60.483870967741936,60.483870967741936,67,68,134.0,136.0,,,2.0,2.0,1.4705882352941175
GDN0012,Valsalva,29,29,29,11348,11348,11833,11833,11511,11508,11578,11580,958.0,958.0,62.63048016701462,62.63048016701462,67,72,134.0,144.0,,,10.0,10.0,6.944444444444445
GDN0012,Valsalva,30,30,30,11833,11833,12305,12305,11991,11987,12053,12051,936.0,936.0,64.1025641025641,64.1025641025641,62,64,124.0,128.0,,,4.0,4.0,3.125
GDN0012,Valsalva,31,31,31,12305,12305,12752,12752,12459,12455,12521,12513,870.0,870.0,68.96551724137932,68.96551724137932,62,58,124.0,116.0,,,-8.0,8.0,6.896551724137931
GDN0012,Valsalva,32,32,32,12752,12752,13181,13181,12894,12890,12954,12948,852.0,852.0,70.4225352112676,70.4225352112676,60,58,120.0,116.0,,,-4.0,4.0,3.4482758620689653
GDN0012,Valsalva,33,33,33,13181,13181,13609,13609,13320,13316,13381,13378,858.0,858.0,69.93006993006993,69.93006993006993,61,62,122.0,124.0,,,2.0,2.0,1.6129032258064515
GDN0012,Valsalva,34,34,34,13609,13609,14052,14052,13748,13744,13812,13797,902.0,902.0,66.51884700665188,66.51884700665188,64,53,128.0,106.0,,,-22.0,22.0,20.754716981132077
GDN0012,Valsalva,35,35,35,14052,14052,14522,14522,14199,14196,14262,14259,960.0,960.0,62.5,62.5,63,63,126.0,126.0,,,0.0,0.0,0.0
GDN0012,Valsalva,36,36,36,14522,14522,15027,15027,14680,14676,14745,14737,1036.0,1036.0,57.915057915057915,57.915057915057915,65,61,130.0,122.0,,,-8.0,8.0,6.557377049180328
GDN0012,Valsalva,37,37,37,15027,15027,15526,15526,15197,15194,15263,15245,978.0,978.0,61.34969325153374,61.34969325153374,66,51,132.0,102.0,,,-30.0,30.0,29.411764705882355
GDN0012,Valsalva,38,38,38,15526,15526,16019,16019,15687,15683,15752,15746,992.0,992.0,60.483870967741936,60.483870967741936,65,63,130.0,126.0,,,-4.0,4.0,3.1746031746031744
GDN0012,Valsalva,39,39,39,16019,16019,16509,16509,16183,16180,16250,16247,972.0,972.0,61.7283950617284,61.7283950617284,67,67,134.0,134.0,,,0.0,0.0,0.0
GDN0012,Valsalva,40,40,40,16509,16509,16979,16979,16669,16665,16734,16725,924.0,924.0,64.93506493506493,64.93506493506493,65,60,130.0,120.0,,,-10.0,10.0,8.333333333333332
GDN0012,Valsalva,41,41,41,16979,16979,17435,17435,17131,17127,17193,17184,906.0,906.0,66.2251655629139,66.2251655629139,62,57,124.0,114.0,,,-10.0,10.0,8.771929824561402
GDN0012,Valsalva,42,42,42,17435,17435,17888,17888,17584,17580,17647,17639,906.0,906.0,66.2251655629139,66.2251655629139,63,59,126.0,118.0,,,-8.0,8.0,6.779661016949152
GDN0012,Valsalva,43,43,43,17888,17888,18356,18356,18037,18033,18102,18069,952.0,952.0,63.02521008403362,63.02521008403362,65,36,130.0,72.0,,,-58.0,58.0,80.55555555555556
GDN0012,Valsalva,44,44,44,18356,18356,18842,18842,18513,18509,18581,18573,980.0,980.0,61.224489795918366,61.224489795918366,68,64,136.0,128.0,,,-8.0,8.0,6.25
GDN0012,Valsalva,45,45,45,18842,18842,19328,19328,19003,18999,19068,19060,970.0,970.0,61.855670103092784,61.855670103092784,65,61,130.0,122.0,,,-8.0,8.0,6.557377049180328
GDN0012,Valsalva,46,46,46,19328,19328,19812,19812,19488,19485,19552,19547,966.0,966.0,62.11180124223603,62.11180124223603,64,62,128.0,124.0,,,-4.0,4.0,3.225806451612903
GDN0012,Valsalva,47,47,47,19812,19812,20277,20277,19971,19968,20036,20037,910.0,910.0,65.93406593406593,65.93406593406593,65,69,130.0,138.0,,,8.0,8.0,5.797101449275362
GDN0012,Valsalva,48,48,48,20277,20277,20727,20727,20426,20422,20488,20479,894.0,894.0,67.11409395973155,67.11409395973155,62,57,124.0,114.0,,,-10.0,10.0,8.771929824561402
GDN0012,Valsalva,49,49,49,20727,20727,21172,21172,20873,20869,20936,20920,888.0,888.0,67.56756756756756,67.56756756756756,63,51,126.0,102.0,,,-24.0,24.0,23.52941176470588
GDN0012,Valsalva,50,50,50,21172,21172,21628,21628,21317,21313,21382,21377,926.0,926.0,64.79481641468682,64.79481641468682,65,64,130.0,128.0,,,-2.0,2.0,1.5625
GDN0012,Valsalva,51,51,51,21628,21628,22106,22106,21780,21776,21842,21834,972.0,972.0,61.7283950617284,61.7283950617284,62,58,124.0,116.0,,,-8.0,8.0,6.896551724137931
GDN0012,Valsalva,52,52,52,22106,22106,22593,22593,22266,22262,22333,22325,976.0,976.0,61.47540983606557,61.47540983606557,67,63,134.0,126.0,,,-8.0,8.0,6.349206349206349
GDN0012,Valsalva,53,53,53,22593,22593,23079,23079,22754,22750,22821,22801,968.0,968.0,61.98347107438017,61.98347107438017,67,51,134.0,102.0,,,-32.0,32.0,31.372549019607842
GDN0012,Valsalva,54,54,54,23079,23079,23562,23562,23238,23235,23306,23302,966.0,966.0,62.11180124223603,62.11180124223603,68,67,136.0,134.0,,,-2.0,2.0,1.4925373134328357
GDN0012,Valsalva,55,55,55,23562,23562,24029,24029,23721,23717,23782,23781,916.0,916.0,65.50218340611353,65.50218340611353,61,64,122.0,128.0,,,6.0,6.0,4.6875
GDN0012,Valsalva,56,56,56,24029,24029,24479,24479,24179,24175,24240,24241,892.0,892.0,67.26457399103138,67.26457399103138,61,66,122.0,132.0,,,10.0,10.0,7.575757575757576
GDN0012,Valsalva,57,57,57,24479,24479,24937,24937,24625,24622,24690,24685,928.0,928.0,64.6551724137931,64.6551724137931,65,63,130.0,126.0,,,-4.0,4.0,3.1746031746031744
GDN0012,Valsalva,58,58,58,24937,24937,25404,25404,25089,25086,25155,25139,938.0,938.0,63.965884861407254,63.965884861407254,66,53,132.0,106.0,,,-26.0,26.0,24.528301886792452
GDN0012,Valsalva,59,59,59,25404,25404,25876,25876,25558,25555,25621,25615,948.0,948.0,63.29113924050633,63.29113924050633,63,60,126.0,120.0,,,-6.0,6.0,5.0
GDN0012,Valsalva,60,60,60,25876,25876,26344,26344,26032,26028,26098,26086,930.0,930.0,64.51612903225806,64.51612903225806,66,58,132.0,116.0,,,-16.0,16.0,13.793103448275861
GDN0012,Valsalva,62,62,62,26787,26787,27205,27205,26928,26924,26991,26974,822.0,822.0,72.99270072992701,72.99270072992701,63,50,126.0,100.0,,,-26.0,26.0,26.0
GDN0012,Valsalva,64,64,64,27606,27606,28012,28012,27733,27730,27796,27796,826.0,826.0,72.63922518159806,72.63922518159806,63,66,126.0,132.0,,,6.0,6.0,4.545454545454546
GDN0012,Valsalva,65,65,65,28012,28012,28448,28448,28147,28143,28214,28205,896.0,896.0,66.96428571428571,66.96428571428571,67,62,134.0,124.0,,,-10.0,10.0,8.064516129032258
GDN0012,Valsalva,66,66,66,28448,28448,28906,28906,28595,28592,28659,28672,926.0,926.0,64.79481641468682,64.79481641468682,64,80,128.0,160.0,,,32.0,32.0,20.0
GDN0012,Valsalva,67,67,67,28906,28906,29362,29362,29058,29054,29123,29121,906.0,906.0,66.2251655629139,66.2251655629139,65,67,130.0,134.0,,,4.0,4.0,2.9850746268656714
GDN0012,Valsalva,68,68,68,29362,29362,29804,29804,29511,29507,29573,29573,870.0,870.0,68.96551724137932,68.96551724137932,62,66,124.0,132.0,,,8.0,8.0,6.0606060606060606
GDN0012,HoldingBreath,0,0,0,446,446,922,922,602,599,666,672,952.0,952.0,63.02521008403362,63.02521008403362,64,73,128.0,146.0,,,18.0,18.0,12.32876712328767
GDN0012,HoldingBreath,1,1,1,922,922,1403,1403,1079,1075,1144,1139,966.0,966.0,62.11180124223603,62.11180124223603,65,64,130.0,128.0,,,-2.0,2.0,1.5625
GDN0012,HoldingBreath,2,2,2,1403,1403,1887,1886,1562,1558,1626,1627,968.0,968.0,61.98347107438017,61.98347107438017,64,69,128.0,138.0,,,10.0,10.0,7.246376811594203
GDN0012,HoldingBreath,3,3,3,1887,1886,2359,2359,2045,2041,2115,2117,932.0,932.0,64.37768240343347,64.37768240343347,70,76,140.0,152.0,,,12.0,12.0,7.894736842105263
GDN0012,HoldingBreath,4,4,4,2359,2359,2820,2820,2511,2507,2579,2563,918.0,918.0,65.359477124183,65.359477124183,68,56,136.0,112.0,,,-24.0,24.0,21.428571428571427
GDN0012,HoldingBreath,5,5,5,2820,2820,3300,3300,2971,2967,3037,3042,982.0,982.0,61.09979633401222,61.09979633401222,66,75,132.0,150.0,,,18.0,18.0,12.0
GDN0012,HoldingBreath,6,6,6,3300,3300,3779,3779,3462,3458,3530,3535,946.0,946.0,63.42494714587738,63.42494714587738,68,77,136.0,154.0,,,18.0,18.0,11.688311688311687
GDN0012,HoldingBreath,7,7,7,3779,3779,4250,4250,3935,3931,4006,4005,938.0,938.0,63.965884861407254,63.965884861407254,71,74,142.0,148.0,,,6.0,6.0,4.054054054054054
GDN0012,HoldingBreath,8,8,8,4250,4250,4738,4738,4403,4400,4469,4473,998.0,998.0,60.120240480961925,60.120240480961925,66,73,132.0,146.0,,,14.0,14.0,9.58904109589041
GDN0012,HoldingBreath,9,9,9,4738,4738,5230,5230,4903,4899,4971,4975,976.0,976.0,61.47540983606557,61.47540983606557,68,76,136.0,152.0,,,16.0,16.0,10.526315789473683
GDN0012,HoldingBreath,10,10,10,5230,5230,5712,5712,5391,5387,5460,5465,956.0,956.0,62.761506276150634,62.761506276150634,69,78,138.0,156.0,,,18.0,18.0,11.538461538461538
GDN0012,HoldingBreath,11,11,11,5712,5712,6189,6189,5868,5865,5938,5938,954.0,954.0,62.89308176100629,62.89308176100629,70,73,140.0,146.0,,,6.0,6.0,4.10958904109589
GDN0012,HoldingBreath,12,12,12,6189,6189,6679,6679,6346,6342,6417,6414,994.0,994.0,60.36217303822938,60.36217303822938,71,72,142.0,144.0,,,2.0,2.0,1.3888888888888888
GDN0012,HoldingBreath,13,13,13,6679,6679,7161,7161,6843,6839,6912,6915,948.0,948.0,63.29113924050633,63.29113924050633,69,76,138.0,152.0,,,14.0,14.0,9.210526315789473
GDN0012,HoldingBreath,14,14,14,7161,7161,7642,7642,7317,7313,7389,7388,968.0,968.0,61.98347107438017,61.98347107438017,72,75,144.0,150.0,,,6.0,6.0,4.0
GDN0012,HoldingBreath,15,15,15,7642,7642,8128,8128,7801,7797,7869,7868,976.0,976.0,61.47540983606557,61.47540983606557,68,71,136.0,142.0,,,6.0,6.0,4.225352112676056
GDN0012,HoldingBreath,16,16,16,8128,8128,8613,8613,8288,8285,8357,8347,966.0,966.0,62.11180124223603,62.11180124223603,69,62,138.0,124.0,,,-14.0,14.0,11.29032258064516
GDN0012,HoldingBreath,17,17,17,8613,8613,9102,9102,8772,8768,8841,8839,984.0,984.0,60.97560975609756,60.97560975609756,69,71,138.0,142.0,,,4.0,4.0,2.8169014084507045
GDN0012,HoldingBreath,18,18,18,9102,9102,9579,9579,9264,9260,9332,9328,938.0,938.0,63.965884861407254,63.965884861407254,68,68,136.0,136.0,,,0.0,0.0,0.0
GDN0012,HoldingBreath,19,19,19,9579,9579,10059,10059,9733,9729,9806,9805,972.0,972.0,61.7283950617284,61.7283950617284,73,76,146.0,152.0,,,6.0,6.0,3.9473684210526314
GDN0012,HoldingBreath,20,20,20,10059,10059,10546,10546,10219,10215,10288,10287,974.0,974.0,61.601642710472284,61.601642710472284,69,72,138.0,144.0,,,6.0,6.0,4.166666666666666
GDN0012,HoldingBreath,21,21,21,10546,10546,11057,11057,10706,10702,10777,10779,1048.0,1048.0,57.25190839694656,57.25190839694656,71,77,142.0,154.0,,,12.0,12.0,7.792207792207792
GDN0012,HoldingBreath,22,22,22,11057,11057,11584,11584,11230,11226,11297,11294,1058.0,1058.0,56.71077504725898,56.71077504725898,67,68,134.0,136.0,,,2.0,2.0,1.4705882352941175
GDN0012,HoldingBreath,23,23,23,11584,11584,12095,12095,11759,11755,11827,11831,1002.0,1002.0,59.880239520958085,59.880239520958085,68,76,136.0,152.0,,,16.0,16.0,10.526315789473683
GDN0012,HoldingBreath,24,24,24,12095,12095,12592,12592,12260,12256,12325,12320,990.0,990.0,60.60606060606061,60.60606060606061,65,64,130.0,128.0,,,-2.0,2.0,1.5625
GDN0012,HoldingBreath,25,25,25,12592,12592,13095,13095,12755,12751,12827,12821,1016.0,1016.0,59.05511811023622,59.05511811023622,72,70,144.0,140.0,,,-4.0,4.0,2.857142857142857
GDN0012,HoldingBreath,26,26,26,13095,13095,13596,13596,13263,13259,13325,13334,994.0,994.0,60.36217303822938,60.36217303822938,62,75,124.0,150.0,,,26.0,26.0,17.333333333333336
GDN0012,HoldingBreath,27,27,27,13596,13596,14068,14068,13760,13756,13826,13823,918.0,918.0,65.359477124183,65.359477124183,66,67,132.0,134.0,,,2.0,2.0,1.4925373134328357
GDN0012,HoldingBreath,28,28,28,14068,14068,14518,14518,14219,14216,14281,14281,890.0,890.0,67.41573033707866,67.41573033707866,62,65,124.0,130.0,,,6.0,6.0,4.615384615384616
GDN0012,HoldingBreath,29,29,29,14518,14518,14959,14959,14664,14660,14726,14725,878.0,878.0,68.3371298405467,68.3371298405467,62,65,124.0,130.0,,,6.0,6.0,4.615384615384616
GDN0012,HoldingBreath,30,30,30,14959,14959,15366,15366,15103,15099,15167,15162,778.0,778.0,77.12082262210797,77.12082262210797,64,63,128.0,126.0,,,-2.0,2.0,1.5873015873015872
GDN0012,HoldingBreath,31,31,31,15366,15366,15750,15750,15492,15489,15556,15542,764.0,764.0,78.53403141361257,78.53403141361257,64,53,128.0,106.0,,,-22.0,22.0,20.754716981132077
GDN0012,HoldingBreath,32,32,32,15750,15750,16114,16114,15874,15870,15941,15934,708.0,708.0,84.74576271186442,84.74576271186442,67,64,134.0,128.0,,,-6.0,6.0,4.6875
GDN0012,HoldingBreath,33,33,33,16114,16114,16592,16592,16229,16224,16294,16248,1088.0,1088.0,55.147058823529406,55.147058823529406,65,24,130.0,48.0,,,-82.0,82.0,170.83333333333331
GDN0012,HoldingBreath,34,34,34,16592,16592,17098,17098,16772,16768,16841,16837,972.0,972.0,61.7283950617284,61.7283950617284,69,69,138.0,138.0,,,0.0,0.0,0.0
GDN0012,HoldingBreath,35,35,35,17098,17098,17600,17600,17258,17254,17323,17318,1022.0,1022.0,58.708414872798436,58.708414872798436,65,64,130.0,128.0,,,-2.0,2.0,1.5625
GDN0012,HoldingBreath,36,36,36,17600,17600,18103,18103,17768,17765,17836,17829,996.0,996.0,60.24096385542169,60.24096385542169,68,64,136.0,128.0,,,-8.0,8.0,6.25
GDN0012,HoldingBreath,37,37,37,18103,18103,18591,18591,18267,18263,18331,18332,966.0,966.0,62.11180124223603,62.11180124223603,64,69,128.0,138.0,,,10.0,10.0,7.246376811594203
GDN0012,HoldingBreath,38,38,38,18591,18591,19036,19036,18750,18746,18811,18819,848.0,848.0,70.75471698113208,70.75471698113208,61,73,122.0,146.0,,,24.0,24.0,16.43835616438356
GDN0012,HoldingBreath,39,39,39,19036,19036,19453,19453,19174,19170,19239,19239,828.0,828.0,72.46376811594203,72.46376811594203,65,69,130.0,138.0,,,8.0,8.0,5.797101449275362
GDN0012,HoldingBreath,40,40,40,19453,19453,19753,19753,19588,19584,19654,19650,478.0,478.0,125.52301255230127,125.52301255230127,66,66,132.0,132.0,,,0.0,0.0,0.0
GDN0012,HoldingBreath,42,42,42,19972,19972,20354,20354,20035,20031,20098,20097,952.0,952.0,63.02521008403362,63.02521008403362,63,66,126.0,132.0,,,6.0,6.0,4.545454545454546
GDN0012,HoldingBreath,43,43,43,20354,20354,20837,20837,20511,20507,20574,20560,972.0,972.0,61.7283950617284,61.7283950617284,63,53,126.0,106.0,,,-20.0,20.0,18.867924528301888
GDN0012,HoldingBreath,44,44,44,20837,20837,21322,21322,20997,20993,21063,21053,968.0,968.0,61.98347107438017,61.98347107438017,66,60,132.0,120.0,,,-12.0,12.0,10.0
GDN0012,HoldingBreath,45,45,45,21322,21322,21794,21794,21481,21478,21545,21518,932.0,932.0,64.37768240343347,64.37768240343347,64,40,128.0,80.0,,,-48.0,48.0,60.0
GDN0012,HoldingBreath,46,46,46,21794,21794,22226,22226,21947,21943,22010,22004,828.0,828.0,72.46376811594203,72.46376811594203,63,61,126.0,122.0,,,-4.0,4.0,3.278688524590164
GDN0012,HoldingBreath,47,47,47,22226,22226,22634,22634,22361,22357,22426,22418,808.0,808.0,74.25742574257426,74.25742574257426,65,61,130.0,122.0,,,-8.0,8.0,6.557377049180328
GDN0012,HoldingBreath,48,48,48,22634,22634,23051,23051,22765,22761,22829,22822,848.0,848.0,70.75471698113208,70.75471698113208,64,61,128.0,122.0,,,-6.0,6.0,4.918032786885246
GDN0012,HoldingBreath,49,49,49,23051,23051,23499,23499,23189,23185,23257,23248,924.0,924.0,64.93506493506493,64.93506493506493,68,63,136.0,126.0,,,-10.0,10.0,7.936507936507936
GDN0012,HoldingBreath,50,50,50,23499,23499,23961,23961,23650,23647,23715,23711,922.0,922.0,65.0759219088937,65.0759219088937,65,64,130.0,128.0,,,-2.0,2.0,1.5625
GDN0012,HoldingBreath,51,51,51,23961,23961,24395,24395,24112,24108,24180,24158,840.0,840.0,71.42857142857143,71.42857142857143,68,50,136.0,100.0,,,-36.0,36.0,36.0
GDN0012,HoldingBreath,52,52,52,24395,24395,24797,24797,24532,24528,24601,24596,784.0,784.0,76.53061224489795,76.53061224489795,69,68,138.0,136.0,,,-2.0,2.0,1.4705882352941175
GDN0012,HoldingBreath,53,53,53,24797,24797,25180,25180,24924,24920,24988,24981,758.0,758.0,79.15567282321899,79.15567282321899,64,61,128.0,122.0,,,-6.0,6.0,4.918032786885246
GDN0012,HoldingBreath,54,54,54,25180,25180,25555,25555,25303,25299,25365,25363,744.0,744.0,80.64516129032258,80.64516129032258,62,64,124.0,128.0,,,4.0,4.0,3.125
GDN0012,HoldingBreath,55,55,55,25555,25555,25934,25934,25675,25671,25738,25731,766.0,766.0,78.32898172323759,78.32898172323759,63,60,126.0,120.0,,,-6.0,6.0,5.0
GDN0012,HoldingBreath,56,56,56,25934,25934,26338,26338,26058,26054,26121,26106,830.0,830.0,72.28915662650603,72.28915662650603,63,52,126.0,104.0,,,-22.0,22.0,21.153846153846153
GDN0012,HoldingBreath,57,57,57,26338,26338,26783,26783,26473,26469,26536,26497,922.0,922.0,65.0759219088937,65.0759219088937,63,28,126.0,56.0,,,-70.0,70.0,125.0
GDN0012,HoldingBreath,58,58,58,26783,26783,27242,27242,26934,26930,26994,26968,916.0,916.0,65.50218340611353,65.50218340611353,60,38,120.0,76.0,,,-44.0,44.0,57.89473684210527
GDN0012,HoldingBreath,59,59,59,27242,27242,27703,27703,27392,27388,27459,27440,926.0,926.0,64.79481641468682,64.79481641468682,67,52,134.0,104.0,,,-30.0,30.0,28.846153846153843
GDN0012,HoldingBreath,60,60,60,27703,27703,28149,28149,27856,27852,27916,27914,874.0,874.0,68.64988558352402,68.64988558352402,60,62,120.0,124.0,,,4.0,4.0,3.225806451612903
GDN0012,HoldingBreath,61,61,61,28149,28149,28576,28576,28292,28288,28357,28345,842.0,842.0,71.25890736342043,71.25890736342043,65,57,130.0,114.0,,,-16.0,16.0,14.035087719298245
GDN0012,HoldingBreath,62,62,62,28576,28576,29007,29007,28714,28710,28775,28773,874.0,874.0,68.64988558352402,68.64988558352402,61,63,122.0,126.0,,,4.0,4.0,3.1746031746031744
GDN0012,HoldingBreath,63,63,63,29007,29007,29445,29445,29150,29146,29213,29188,876.0,876.0,68.4931506849315,68.4931506849315,63,42,126.0,84.0,,,-42.0,42.0,50.0
GDN0012,HoldingBreath,64,64,64,29445,29445,29883,29883,29588,29584,29648,29642,,,,,60,58,120.0,116.0,,,-4.0,4.0,3.4482758620689653
GDN0012,TiltUp,0,0,0,86,86,455,455,205,201,270,282,738.0,738.0,81.30081300813008,81.30081300813008,65,81,130.0,162.0,,,32.0,32.0,19.753086419753085
GDN0012,TiltUp,1,1,1,455,455,818,818,573,569,639,646,720.0,720.0,83.33333333333334,83.33333333333334,66,77,132.0,154.0,,,22.0,22.0,14.285714285714285
GDN0012,TiltUp,2,2,2,818,818,1179,1179,934,929,1003,1006,724.0,724.0,82.87292817679558,82.87292817679558,69,77,138.0,154.0,,,16.0,16.0,10.38961038961039
GDN0012,TiltUp,3,3,3,1179,1179,1540,1540,1295,1292,1361,1369,720.0,720.0,83.33333333333334,83.33333333333334,66,77,132.0,154.0,,,22.0,22.0,14.285714285714285
GDN0012,TiltUp,4,4,4,1540,1540,1899,1899,1656,1652,,1727,716.0,716.0,83.79888268156425,83.79888268156425,,75,,150.0,c_point_nan,,,,
GDN0012,TiltUp,5,5,5,1899,1899,2256,2256,2014,2010,2080,2088,714.0,714.0,84.03361344537815,84.03361344537815,66,78,132.0,156.0,,,24.0,24.0,15.384615384615385
GDN0012,TiltUp,6,6,6,2256,2256,2611,2611,2371,2367,2437,2447,708.0,708.0,84.74576271186442,84.74576271186442,66,80,132.0,160.0,,,28.0,28.0,17.5
GDN0012,TiltUp,7,7,7,2611,2611,2964,2964,2725,2721,,2799,704.0,704.0,85.22727272727273,85.22727272727273,,78,,156.0,c_point_nan,,,,
GDN0012,TiltUp,8,8,8,2964,2964,3315,3315,3077,3073,3148,3150,702.0,702.0,85.47008547008548,85.47008547008548,71,77,142.0,154.0,,,12.0,12.0,7.792207792207792
GDN0012,TiltUp,9,9,9,3315,3315,3666,3666,3427,3423,3494,3496,702.0,702.0,85.47008547008548,85.47008547008548,67,73,134.0,146.0,,,12.0,12.0,8.21917808219178
GDN0012,TiltUp,10,10,10,3666,3666,4017,4017,3778,3774,3845,3846,702.0,702.0,85.47008547008548,85.47008547008548,67,72,134.0,144.0,,,10.0,10.0,6.944444444444445
GDN0012,TiltUp,11,11,11,4017,4017,4372,4372,4130,4126,4195,4201,714.0,714.0,84.03361344537815,84.03361344537815,65,75,130.0,150.0,,,20.0,20.0,13.333333333333334
GDN0012,TiltUp,12,12,12,4372,4372,4738,4738,4487,4483,,4554,742.0,742.0,80.86253369272237,80.86253369272237,,71,,142.0,c_point_nan,,,,
GDN0012,TiltUp,13,13,13,4738,4738,5108,5108,4858,4854,4925,4932,740.0,740.0,81.08108108108108,81.08108108108108,67,78,134.0,156.0,,,22.0,22.0,14.102564102564102
GDN0012,TiltUp,14,14,14,5108,5108,5474,5474,5228,5224,,5289,726.0,726.0,82.64462809917356,82.64462809917356,,65,,130.0,c_point_nan,,,,
GDN0012,TiltUp,15,15,15,5474,5474,5838,5838,5590,5586,5660,5660,730.0,730.0,82.19178082191782,82.19178082191782,70,74,140.0,148.0,,,8.0,8.0,5.405405405405405
GDN0012,TiltUp,16,16,16,5838,5838,6203,6203,5955,5951,6021,6031,728.0,728.0,82.41758241758242,82.41758241758242,66,80,132.0,160.0,,,28.0,28.0,17.5
GDN0012,TiltUp,17,17,17,6203,6203,6565,6565,6319,6316,6381,6384,722.0,722.0,83.10249307479225,83.10249307479225,62,68,124.0,136.0,,,12.0,12.0,8.823529411764707
GDN0012,TiltUp,18,18,18,6565,6565,6925,6925,6681,6677,6751,6763,720.0,720.0,83.33333333333334,83.33333333333334,70,86,140.0,172.0,,,32.0,32.0,18.6046511627907
GDN0012,TiltUp,19,19,19,6925,6925,7280,7280,7041,7037,7107,7108,704.0,704.0,85.22727272727273,85.22727272727273,66,71,132.0,142.0,,,10.0,10.0,7.042253521126761
GDN0012,TiltUp,20,20,20,7280,7280,7623,7623,7393,7389,,7480,678.0,678.0,88.49557522123894,88.49557522123894,,91,,182.0,c_point_nan,,,,
GDN0012,TiltUp,21,21,21,7623,7623,7956,7956,7732,7727,7807,7815,660.0,660.0,90.9090909090909,90.9090909090909,75,88,150.0,176.0,,,26.0,26.0,14.772727272727273
GDN0012,TiltUp,22,22,22,7956,7956,8286,8286,8062,8058,8135,8150,660.0,660.0,90.9090909090909,90.9090909090909,73,92,146.0,184.0,,,38.0,38.0,20.652173913043477
GDN0012,TiltUp,23,23,23,8286,8286,8614,8614,8392,8388,8461,8470,652.0,652.0,92.02453987730061,92.02453987730061,69,82,138.0,164.0,,,26.0,26.0,15.853658536585366
GDN0012,TiltUp,24,24,24,8614,8614,8945,8945,8719,8714,8786,8785,668.0,668.0,89.82035928143712,89.82035928143712,67,71,134.0,142.0,,,8.0,8.0,5.633802816901409
GDN0012,TiltUp,25,25,25,8945,8945,9284,9284,9052,9048,9114,9128,682.0,682.0,87.97653958944281,87.97653958944281,62,80,124.0,160.0,,,36.0,36.0,22.5
GDN0012,TiltUp,26,26,26,9284,9284,9632,9632,9393,9389,,9470,706.0,706.0,84.98583569405099,84.98583569405099,,81,,162.0,c_point_nan,,,,
GDN0012,TiltUp,27,27,27,9632,9632,9991,9991,9746,9742,,9822,724.0,724.0,82.87292817679558,82.87292817679558,,80,,160.0,c_point_nan,,,,
GDN0012,TiltUp,28,28,28,9991,9991,10352,10352,10108,10104,,10173,720.0,720.0,83.33333333333334,83.33333333333334,,69,,138.0,c_point_nan,,,,
GDN0012,TiltUp,29,29,29,10352,10352,10712,10712,10468,10464,10543,10540,720.0,720.0,83.33333333333334,83.33333333333334,75,76,150.0,152.0,,,2.0,2.0,1.3157894736842104
GDN0012,TiltUp,30,30,30,10712,10712,11066,11066,10827,10823,10899,10901,700.0,700.0,85.71428571428572,85.71428571428572,72,78,144.0,156.0,,,12.0,12.0,7.6923076923076925
GDN0012,TiltUp,31,31,31,11066,11066,11416,11416,11178,11173,11245,11248,702.0,702.0,85.47008547008548,85.47008547008548,67,75,134.0,150.0,,,16.0,16.0,10.666666666666668
GDN0012,TiltUp,32,32,32,11416,11416,11766,11766,11529,11525,11592,11589,700.0,700.0,85.71428571428572,85.71428571428572,63,64,126.0,128.0,,,2.0,2.0,1.5625
GDN0012,TiltUp,33,33,33,11766,11766,12118,12118,11879,11875,11941,11944,704.0,704.0,85.22727272727273,85.22727272727273,62,69,124.0,138.0,,,14.0,14.0,10.144927536231885
GDN0012,TiltUp,34,34,34,12118,12118,12467,12467,12231,12227,,12297,694.0,694.0,86.45533141210375,86.45533141210375,,70,,140.0,c_point_nan,,,,
GDN0012,TiltUp,35,35,35,12467,12467,12811,12811,12578,12574,,12662,686.0,686.0,87.46355685131195,87.46355685131195,,88,,176.0,c_point_nan,,,,
GDN0012,TiltUp,36,36,36,12811,12811,13146,13146,12921,12917,,13012,660.0,660.0,90.9090909090909,90.9090909090909,,95,,190.0,c_point_nan,,,,
GDN0012,TiltUp,37,37,37,13146,13146,13421,13421,13251,13247,,13329,492.0,492.0,121.95121951219512,121.95121951219512,,82,,164.0,c_point_nan,,,,
GDN0012,TiltUp,39,39,39,13757,13757,14092,14092,13882,13878,13951,13955,614.0,614.0,97.7198697068404,97.7198697068404,69,77,138.0,154.0,,,16.0,16.0,10.38961038961039
GDN0012,TiltUp,40,40,40,14092,14092,14400,14400,14189,14185,14260,14264,620.0,620.0,96.7741935483871,96.7741935483871,71,79,142.0,158.0,,,16.0,16.0,10.126582278481013
GDN0012,TiltUp,41,41,41,14400,14400,14716,14716,14500,14495,14562,14571,636.0,636.0,94.33962264150944,94.33962264150944,62,76,124.0,152.0,,,28.0,28.0,18.421052631578945
GDN0012,TiltUp,42,42,42,14716,14716,15045,15045,14817,14813,,14867,670.0,670.0,89.55223880597015,89.55223880597015,,54,,108.0,c_point_nan,,,,
GDN0012,TiltUp,43,43,43,15045,15045,15386,15386,15152,15148,,15231,688.0,688.0,87.2093023255814,87.2093023255814,,83,,166.0,c_point_nan,,,,
GDN0012,TiltUp,44,44,44,15386,15386,15737,15737,15495,15492,,15576,710.0,710.0,84.50704225352113,84.50704225352113,,84,,168.0,c_point_nan,,,,
GDN0012,TiltUp,45,45,45,15737,15737,16090,16090,15851,15847,,15926,706.0,706.0,84.98583569405099,84.98583569405099,,79,,158.0,c_point_nan,,,,
GDN0012,TiltUp,46,46,46,16090,16090,16436,16436,16204,16200,,16289,684.0,684.0,87.71929824561403,87.71929824561403,,89,,178.0,c_point_nan,,,,
GDN0012,TiltUp,47,47,47,16436,16436,16774,16774,16546,16542,16621,16629,670.0,670.0,89.55223880597015,89.55223880597015,75,87,150.0,174.0,,,24.0,24.0,13.793103448275861
GDN0012,TiltUp,48,48,48,16774,16774,17106,17106,16881,16877,,16951,660.0,660.0,90.9090909090909,90.9090909090909,,74,,148.0,c_point_nan,,,,
GDN0012,TiltUp,49,49,49,17106,17106,17441,17441,17211,17207,,17268,676.0,676.0,88.75739644970413,88.75739644970413,,61,,122.0,c_point_nan,,,,
GDN0012,TiltUp,50,50,50,17441,17441,17789,17789,17549,17545,17617,17614,708.0,708.0,84.74576271186442,84.74576271186442,68,69,136.0,138.0,,,2.0,2.0,1.4492753623188406
GDN0012,TiltUp,51,51,51,17789,17789,18154,18154,17902,17898,17969,17974,742.0,742.0,80.86253369272237,80.86253369272237,67,76,134.0,152.0,,,18.0,18.0,11.842105263157894
GDN0012,TiltUp,52,52,52,18154,18154,18535,18535,18274,18270,,18351,772.0,772.0,77.720207253886,77.720207253886,,81,,162.0,c_point_nan,,,,
GDN0012,TiltUp,53,53,53,18535,18535,18928,18928,18659,18655,18732,18734,794.0,794.0,75.56675062972292,75.56675062972292,73,79,146.0,158.0,,,12.0,12.0,7.59493670886076
GDN0012,TiltUp,54,54,54,18928,18928,19322,19322,19057,19053,19125,19121,786.0,786.0,76.33587786259541,76.33587786259541,68,68,136.0,136.0,,,0.0,0.0,0.0
GDN0012,TiltUp,55,55,55,19322,19322,19710,19710,19450,19446,19513,19530,770.0,770.0,77.92207792207792,77.92207792207792,63,84,126.0,168.0,,,42.0,42.0,25.0
GDN0012,TiltUp,56,56,56,19710,19710,20084,20084,19834,19831,19900,19893,736.0,736.0,81.52173913043478,81.52173913043478,66,62,132.0,124.0,,,-8.0,8.0,6.451612903225806
GDN0012,TiltUp,57,57,57,20084,20084,20449,20449,20203,20199,20269,20276,726.0,726.0,82.64462809917356,82.64462809917356,66,77,132.0,154.0,,,22.0,22.0,14.285714285714285
GDN0012,TiltUp,58,58,58,20449,20449,20800,20800,20566,20562,,20650,690.0,690.0,86.95652173913044,86.95652173913044,,88,,176.0,c_point_nan,,,,
GDN0012,TiltUp,59,59,59,20800,20800,21141,21141,20910,20906,20983,21009,676.0,676.0,88.75739644970413,88.75739644970413,73,103,146.0,206.0,,,60.0,60.0,29.126213592233007
GDN0012,TiltUp,60,60,60,21141,21141,21483,21483,21249,21245,,21320,688.0,688.0,87.2093023255814,87.2093023255814,,75,,150.0,c_point_nan,,,,
GDN0012,TiltUp,61,61,61,21483,21483,21831,21831,21593,21589,21657,21665,702.0,702.0,85.47008547008548,85.47008547008548,64,76,128.0,152.0,,,24.0,24.0,15.789473684210526
GDN0012,TiltUp,62,62,62,21831,21831,22186,22186,21944,21940,22014,22005,714.0,714.0,84.03361344537815,84.03361344537815,70,65,140.0,130.0,,,-10.0,10.0,7.6923076923076925
GDN0012,TiltUp,63,63,63,22186,22186,22553,22553,22301,22297,22364,22373,744.0,744.0,80.64516129032258,80.64516129032258,63,76,126.0,152.0,,,26.0,26.0,17.105263157894736
GDN0012,TiltUp,64,64,64,22553,22553,22934,22934,22672,22668,22736,22739,772.0,772.0,77.720207253886,77.720207253886,64,71,128.0,142.0,,,14.0,14.0,9.859154929577464
GDN0012,TiltUp,65,65,65,22934,22934,23322,23322,23059,23055,23124,23128,780.0,780.0,76.92307692307692,76.92307692307692,65,73,130.0,146.0,,,16.0,16.0,10.95890410958904
GDN0012,TiltUp,66,66,66,23322,23322,23709,23709,23448,23444,,23523,770.0,770.0,77.92207792207792,77.92207792207792,,79,,158.0,c_point_nan,,,,
GDN0012,TiltUp,67,67,67,23709,23709,24088,24088,23833,23829,,23907,750.0,750.0,80.0,80.0,,78,,156.0,c_point_nan,,,,
GDN0012,TiltUp,68,68,68,24088,24088,24456,24456,24209,24205,24276,24288,728.0,728.0,82.41758241758242,82.41758241758242,67,83,134.0,166.0,,,32.0,32.0,19.27710843373494
GDN0012,TiltUp,69,69,69,24456,24456,24811,24811,24572,24568,24641,24635,702.0,702.0,85.47008547008548,85.47008547008548,69,67,138.0,134.0,,,-4.0,4.0,2.9850746268656714
GDN0012,TiltUp,70,70,70,24811,24811,25163,25163,24924,24919,24997,24986,704.0,704.0,85.22727272727273,85.22727272727273,73,67,146.0,134.0,,,-12.0,12.0,8.955223880597014
GDN0012,TiltUp,71,71,71,25163,25163,25512,25512,25275,25271,25343,25334,696.0,696.0,86.20689655172414,86.20689655172414,68,63,136.0,126.0,,,-10.0,10.0,7.936507936507936
GDN0012,TiltUp,72,72,72,25512,25512,25860,25860,25624,25620,25689,25701,694.0,694.0,86.45533141210375,86.45533141210375,65,81,130.0,162.0,,,32.0,32.0,19.753086419753085
GDN0012,TiltUp,73,73,73,25860,25860,26212,26212,25971,25967,,26048,712.0,712.0,84.26966292134831,84.26966292134831,,81,,162.0,c_point_nan,,,,
GDN0012,TiltUp,74,74,74,26212,26212,26570,26570,26327,26323,26392,26387,718.0,718.0,83.56545961002786,83.56545961002786,65,64,130.0,128.0,,,-2.0,2.0,1.5625
GDN0012,TiltUp,75,75,75,26570,26570,26929,26929,26686,26682,26753,26765,716.0,716.0,83.79888268156425,83.79888268156425,67,83,134.0,166.0,,,32.0,32.0,19.27710843373494
GDN0012,TiltUp,76,76,76,26929,26929,27281,27281,27044,27040,,27109,698.0,698.0,85.9598853868195,85.9598853868195,,69,,138.0,c_point_nan,,,,
GDN0012,TiltUp,77,77,77,27281,27281,27625,27625,27394,27387,27466,27468,684.0,684.0,87.71929824561403,87.71929824561403,72,81,144.0,162.0,,,18.0,18.0,11.11111111111111
GDN0012,TiltUp,78,78,78,27625,27625,27967,27967,27735,27730,27804,27814,684.0,684.0,87.71929824561403,87.71929824561403,69,84,138.0,168.0,,,30.0,30.0,17.857142857142858
GDN0012,TiltUp,79,79,79,27967,27967,28305,28305,28076,28072,28142,28157,670.0,670.0,89.55223880597015,89.55223880597015,66,85,132.0,170.0,,,38.0,38.0,22.35294117647059
GDN0012,TiltUp,80,80,80,28305,28305,28640,28640,28412,28408,28478,28499,672.0,672.0,89.28571428571428,89.28571428571428,66,91,132.0,182.0,,,50.0,50.0,27.472527472527474
GDN0012,TiltUp,81,81,81,28640,28640,28982,28982,28748,28744,,28816,688.0,688.0,87.2093023255814,87.2093023255814,,72,,144.0,c_point_nan,,,,
GDN0012,TiltUp,82,82,82,28982,28982,29331,29331,29092,29088,,29158,706.0,706.0,84.98583569405099,84.98583569405099,,70,,140.0,c_point_nan,,,,
GDN0012,TiltLevel,0,0,0,397,397,821,821,535,531,595,587,848.0,848.0,70.75471698113208,70.75471698113208,60,56,120.0,112.0,,,-8.0,8.0,7.142857142857142
GDN0012,TiltLevel,1,1,1,821,821,1236,1236,959,955,1020,1017,822.0,822.0,72.99270072992701,72.99270072992701,61,62,122.0,124.0,,,2.0,2.0,1.6129032258064515
GDN0012,TiltLevel,2,2,2,1236,1236,1637,1637,1370,1366,1431,1428,792.0,792.0,75.75757575757575,75.75757575757575,61,62,122.0,124.0,,,2.0,2.0,1.6129032258064515
GDN0012,TiltLevel,3,3,3,1637,1637,2022,2022,1765,1761,1831,1819,756.0,756.0,79.36507936507937,79.36507936507937,66,58,132.0,116.0,,,-16.0,16.0,13.793103448275861
GDN0012,TiltLevel,4,4,4,2022,2022,2398,2398,2143,2139,2184,2177,752.0,752.0,79.7872340425532,79.7872340425532,41,38,82.0,76.0,,,-6.0,6.0,7.894736842105263
GDN0012,TiltLevel,5,5,5,2398,2398,2796,2796,2519,2515,2580,2570,818.0,818.0,73.34963325183375,73.34963325183375,61,55,122.0,110.0,,,-12.0,12.0,10.909090909090908
GDN0012,TiltLevel,6,6,6,2796,2796,3222,3222,2928,2924,2989,2980,870.0,870.0,68.96551724137932,68.96551724137932,61,56,122.0,112.0,,,-10.0,10.0,8.928571428571429
GDN0012,TiltLevel,7,7,7,3222,3222,3659,3659,3364,3360,3426,3413,876.0,876.0,68.4931506849315,68.4931506849315,62,53,124.0,106.0,,,-18.0,18.0,16.9811320754717
GDN0012,TiltLevel,8,8,8,3659,3659,4078,4078,3801,3798,3864,3853,818.0,818.0,73.34963325183375,73.34963325183375,63,55,126.0,110.0,,,-16.0,16.0,14.545454545454545
GDN0012,TiltLevel,9,9,9,4078,4078,4474,4474,4211,4207,4269,4264,780.0,780.0,76.92307692307692,76.92307692307692,58,57,116.0,114.0,,,-2.0,2.0,1.7543859649122806
GDN0012,TiltLevel,10,10,10,4474,4474,4862,4862,4601,4597,4659,4652,772.0,772.0,77.720207253886,77.720207253886,58,55,116.0,110.0,,,-6.0,6.0,5.454545454545454
GDN0012,TiltLevel,11,11,11,4862,4862,5247,5247,4986,4982,5047,5039,770.0,770.0,77.92207792207792,77.92207792207792,61,57,122.0,114.0,,,-8.0,8.0,7.017543859649122
GDN0012,TiltLevel,12,12,12,5247,5247,5643,5643,5371,5367,5433,5419,804.0,804.0,74.62686567164178,74.62686567164178,62,52,124.0,104.0,,,-20.0,20.0,19.230769230769234
GDN0012,TiltLevel,13,13,13,5643,5643,6043,6043,5773,5769,5835,5828,798.0,798.0,75.18796992481202,75.18796992481202,62,59,124.0,118.0,,,-6.0,6.0,5.084745762711865
GDN0012,TiltLevel,14,14,14,6043,6043,6423,6423,6173,6169,6234,6230,738.0,738.0,81.30081300813008,81.30081300813008,61,61,122.0,122.0,,,0.0,0.0,0.0
GDN0012,TiltLevel,15,15,15,6423,6423,6785,6785,6542,6538,6604,6595,718.0,718.0,83.56545961002786,83.56545961002786,62,57,124.0,114.0,,,-10.0,10.0,8.771929824561402
GDN0012,TiltLevel,16,16,16,6785,6785,7142,7142,6900,6896,6962,6960,712.0,712.0,84.26966292134831,84.26966292134831,62,64,124.0,128.0,,,4.0,4.0,3.125
GDN0012,TiltLevel,17,17,17,7142,7142,7499,7499,7257,7253,7315,7313,714.0,714.0,84.03361344537815,84.03361344537815,58,60,116.0,120.0,,,4.0,4.0,3.3333333333333335
GDN0012,TiltLevel,18,18,18,7499,7499,7856,7856,7614,7610,7675,7670,714.0,714.0,84.03361344537815,84.03361344537815,61,60,122.0,120.0,,,-2.0,2.0,1.6666666666666667
GDN0012,TiltLevel,19,19,19,7856,7856,8214,8214,7970,7967,8029,8023,718.0,718.0,83.56545961002786,83.56545961002786,59,56,118.0,112.0,,,-6.0,6.0,5.357142857142857
GDN0012,TiltLevel,20,20,20,8214,8214,8584,8584,8329,8325,8391,8377,750.0,750.0,80.0,80.0,62,52,124.0,104.0,,,-20.0,20.0,19.230769230769234
GDN0012,TiltLevel,21,21,21,8584,8584,8964,8964,8704,8701,8761,8758,766.0,766.0,78.32898172323759,78.32898172323759,57,57,114.0,114.0,,,0.0,0.0,0.0
GDN0012,TiltLevel,22,22,22,8964,8964,9348,9348,9088,9084,9145,9142,768.0,768.0,78.125,78.125,57,58,114.0,116.0,,,2.0,2.0,1.7241379310344827
GDN0012,TiltLevel,23,23,23,9348,9348,9733,9733,9471,9468,9532,9510,772.0,772.0,77.720207253886,77.720207253886,61,42,122.0,84.0,,,-38.0,38.0,45.23809523809524
GDN0012,TiltLevel,24,24,24,9733,9733,10108,10108,9857,9854,9920,9906,738.0,738.0,81.30081300813008,81.30081300813008,63,52,126.0,104.0,,,-22.0,22.0,21.153846153846153
GDN0012,TiltLevel,25,25,25,10108,10108,10473,10473,10227,10223,10287,10286,726.0,726.0,82.64462809917356,82.64462809917356,60,63,120.0,126.0,,,6.0,6.0,4.761904761904762
GDN0012,TiltLevel,26,26,26,10473,10473,10833,10833,10590,10586,10649,10646,718.0,718.0,83.56545961002786,83.56545961002786,59,60,118.0,120.0,,,2.0,2.0,1.6666666666666667
GDN0012,TiltLevel,27,27,27,10833,10833,11193,11193,10948,10944,11009,11008,720.0,720.0,83.33333333333334,83.33333333333334,61,64,122.0,128.0,,,6.0,6.0,4.6875
GDN0012,TiltLevel,28,28,28,11193,11193,11554,11554,11308,11305,11370,11362,722.0,722.0,83.10249307479225,83.10249307479225,62,57,124.0,114.0,,,-10.0,10.0,8.771929824561402
GDN0012,TiltLevel,29,29,29,11554,11554,11923,11923,11670,11666,11732,11727,748.0,748.0,80.21390374331551,80.21390374331551,62,61,124.0,122.0,,,-2.0,2.0,1.639344262295082
GDN0012,TiltLevel,30,30,30,11923,11923,12300,12300,12043,12040,12105,12106,758.0,758.0,79.15567282321899,79.15567282321899,62,66,124.0,132.0,,,8.0,8.0,6.0606060606060606
GDN0012,TiltLevel,31,31,31,12300,12300,12681,12681,12423,12419,12485,12463,764.0,764.0,78.53403141361257,78.53403141361257,62,44,124.0,88.0,,,-36.0,36.0,40.909090909090914
GDN0012,TiltLevel,32,32,32,12681,12681,13068,13068,12804,12801,12868,12842,780.0,780.0,76.92307692307692,76.92307692307692,64,41,128.0,82.0,,,-46.0,46.0,56.09756097560976
GDN0012,TiltLevel,33,33,33,13068,13068,13451,13451,13195,13191,13256,13245,758.0,758.0,79.15567282321899,79.15567282321899,61,54,122.0,108.0,,,-14.0,14.0,12.962962962962962
GDN0012,TiltLevel,34,34,34,13451,13451,13826,13826,13574,13570,13635,13607,744.0,744.0,80.64516129032258,80.64516129032258,61,37,122.0,74.0,,,-48.0,48.0,64.86486486486487
GDN0012,TiltLevel,35,35,35,13826,13826,14198,14198,13946,13942,14007,14001,746.0,746.0,80.4289544235925,80.4289544235925,61,59,122.0,118.0,,,-4.0,4.0,3.389830508474576
GDN0012,TiltLevel,36,36,36,14198,14198,14573,14573,14318,14314,14382,14362,750.0,750.0,80.0,80.0,64,48,128.0,96.0,,,-32.0,32.0,33.33333333333333
GDN0012,TiltLevel,37,37,37,14573,14573,14952,14952,14693,14689,14754,14747,764.0,764.0,78.53403141361257,78.53403141361257,61,58,122.0,116.0,,,-6.0,6.0,5.172413793103448
GDN0012,TiltLevel,38,38,38,14952,14952,15339,15339,15075,15072,15138,15126,778.0,778.0,77.12082262210797,77.12082262210797,63,54,126.0,108.0,,,-18.0,18.0,16.666666666666664
GDN0012,TiltLevel,39,39,39,15339,15339,15730,15730,15464,15460,15523,15523,784.0,784.0,76.53061224489795,76.53061224489795,59,63,118.0,126.0,,,8.0,8.0,6.349206349206349
GDN0012,TiltLevel,40,40,40,15730,15730,16125,16125,15857,15853,15918,15911,794.0,794.0,75.56675062972292,75.56675062972292,61,58,122.0,116.0,,,-6.0,6.0,5.172413793103448
GDN0012,TiltLevel,41,41,41,16125,16125,16536,16536,16253,16250,16312,16306,836.0,836.0,71.77033492822967,71.77033492822967,59,56,118.0,112.0,,,-6.0,6.0,5.357142857142857
GDN0012,TiltLevel,42,42,42,16536,16536,16957,16957,16672,16668,16733,16727,846.0,846.0,70.92198581560284,70.92198581560284,61,59,122.0,118.0,,,-4.0,4.0,3.389830508474576
GDN0012,TiltLevel,43,43,43,16957,16957,17383,17383,17095,17091,17156,17152,854.0,854.0,70.2576112412178,70.2576112412178,61,61,122.0,122.0,,,0.0,0.0,0.0
GDN0012,TiltLevel,44,44,44,17383,17383,17817,17817,17522,17518,17582,17575,876.0,876.0,68.4931506849315,68.4931506849315,60,57,120.0,114.0,,,-6.0,6.0,5.263157894736842
GDN0012,TiltLevel,45,45,45,17817,17817,18259,18259,17960,17956,18023,18009,888.0,888.0,67.56756756756756,67.56756756756756,63,53,126.0,106.0,,,-20.0,20.0,18.867924528301888
GDN0012,TiltLevel,46,46,46,18259,18259,18696,18696,18403,18399,18468,18454,868.0,868.0,69.12442396313364,69.12442396313364,65,55,130.0,110.0,,,-20.0,20.0,18.181818181818183
GDN0012,TiltLevel,47,47,47,18696,18696,19103,19103,18838,18834,18901,18902,786.0,786.0,76.33587786259541,76.33587786259541,63,68,126.0,136.0,,,10.0,10.0,7.352941176470589
GDN0012,TiltLevel,48,48,48,19103,19103,19487,19487,19231,19227,19292,19289,758.0,758.0,79.15567282321899,79.15567282321899,61,62,122.0,124.0,,,2.0,2.0,1.6129032258064515
GDN0012,TiltLevel,49,49,49,19487,19487,19866,19866,19610,19606,19675,19672,756.0,756.0,79.36507936507937,79.36507936507937,65,66,130.0,132.0,,,2.0,2.0,1.5151515151515151
GDN0012,TiltLevel,50,50,50,19866,19866,20238,20238,19988,19984,20050,20036,740.0,740.0,81.08108108108108,81.08108108108108,62,52,124.0,104.0,,,-20.0,20.0,19.230769230769234
GDN0012,TiltLevel,51,51,51,20238,20238,20609,20609,20358,20354,20416,20401,742.0,742.0,80.86253369272237,80.86253369272237,58,47,116.0,94.0,,,-22.0,22.0,23.404255319148938
GDN0012,TiltLevel,52,52,52,20609,20609,20987,20987,20729,20725,20791,20785,762.0,762.0,78.74015748031496,78.74015748031496,62,60,124.0,120.0,,,-4.0,4.0,3.3333333333333335
GDN0012,TiltLevel,53,53,53,20987,20987,21377,21377,21109,21105,21171,21158,790.0,790.0,75.94936708860759,75.94936708860759,62,53,124.0,106.0,,,-18.0,18.0,16.9811320754717
GDN0012,TiltLevel,54,54,54,21377,21377,21794,21794,21505,21501,21566,21568,860.0,860.0,69.76744186046511,69.76744186046511,61,67,122.0,134.0,,,12.0,12.0,8.955223880597014
GDN0012,TiltLevel,55,55,55,21794,21794,22232,22232,21934,21931,21998,21993,884.0,884.0,67.87330316742081,67.87330316742081,64,62,128.0,124.0,,,-4.0,4.0,3.225806451612903
GDN0012,TiltLevel,56,56,56,22232,22232,22676,22676,22377,22373,22443,22423,888.0,888.0,67.56756756756756,67.56756756756756,66,50,132.0,100.0,,,-32.0,32.0,32.0
GDN0012,TiltLevel,57,57,57,22676,22676,23125,23125,22821,22817,22884,22861,906.0,906.0,66.2251655629139,66.2251655629139,63,44,126.0,88.0,,,-38.0,38.0,43.18181818181818
GDN0012,TiltLevel,58,58,58,23125,23125,23578,23578,23273,23270,23343,23335,904.0,904.0,66.3716814159292,66.3716814159292,70,65,140.0,130.0,,,-10.0,10.0,7.6923076923076925
GDN0012,TiltLevel,59,59,59,23578,23578,24023,24023,23725,23722,23791,23777,882.0,882.0,68.02721088435374,68.02721088435374,66,55,132.0,110.0,,,-22.0,22.0,20.0
GDN0012,TiltLevel,60,60,60,24023,24023,24433,24433,24167,24163,24229,24211,788.0,788.0,76.14213197969544,76.14213197969544,62,48,124.0,96.0,,,-28.0,28.0,29.166666666666668
GDN0012,TiltLevel,61,61,61,24433,24433,24821,24821,24560,24556,24623,24617,768.0,768.0,78.125,78.125,63,61,126.0,122.0,,,-4.0,4.0,3.278688524590164
GDN0012,TiltLevel,62,62,62,24821,24821,25206,25206,24945,24941,25006,25006,772.0,772.0,77.720207253886,77.720207253886,61,65,122.0,130.0,,,8.0,8.0,6.153846153846154
GDN0012,TiltLevel,63,63,63,25206,25206,25602,25602,25331,25327,25394,25392,804.0,804.0,74.62686567164178,74.62686567164178,63,65,126.0,130.0,,,4.0,4.0,3.076923076923077
GDN0012,TiltLevel,64,64,64,25602,25602,26030,26030,25733,25729,25794,25788,884.0,884.0,67.87330316742081,67.87330316742081,61,59,122.0,118.0,,,-4.0,4.0,3.389830508474576
GDN0012,TiltLevel,65,65,65,26030,26030,26481,26481,26174,26170,26237,26228,910.0,910.0,65.93406593406593,65.93406593406593,63,58,126.0,116.0,,,-10.0,10.0,8.620689655172415
GDN0012,TiltLevel,66,66,66,26481,26481,26940,26940,26630,26626,26693,26691,924.0,924.0,64.93506493506493,64.93506493506493,63,65,126.0,130.0,,,4.0,4.0,3.076923076923077
GDN0012,TiltLevel,67,67,67,26940,26940,27401,27401,27092,27088,27157,27132,920.0,920.0,65.21739130434783,65.21739130434783,65,44,130.0,88.0,,,-42.0,42.0,47.72727272727273
GDN0012,TiltLevel,68,68,68,27401,27401,27847,27847,27552,27548,27616,27614,876.0,876.0,68.4931506849315,68.4931506849315,64,66,128.0,132.0,,,4.0,4.0,3.0303030303030303
GDN0012,TiltLevel,69,69,69,27847,27847,28280,28280,27990,27986,28053,28045,862.0,862.0,69.60556844547564,69.60556844547564,63,59,126.0,118.0,,,-8.0,8.0,6.779661016949152
GDN0012,TiltLevel,70,70,70,28280,28280,28717,28717,28420,28416,28483,28475,880.0,880.0,68.18181818181819,68.18181818181819,63,59,126.0,118.0,,,-8.0,8.0,6.779661016949152
GDN0012,TiltLevel,71,71,71,28717,28717,29173,29173,28860,28857,28926,28920,930.0,930.0,64.51612903225806,64.51612903225806,66,63,132.0,126.0,,,-6.0,6.0,4.761904761904762
GDN0012,TiltLevel,72,72,72,29173,29173,29637,29637,29325,29322,29390,29364,926.0,926.0,64.79481641468682,64.79481641468682,65,42,130.0,84.0,,,-46.0,46.0,54.761904761904766
GDN0013,Pause,0,0,0,103,103,555,555,250,244,316,317,904.0,904.0,66.3716814159292,66.3716814159292,66,73,132.0,146.0,,,14.0,14.0,9.58904109589041
GDN0013,Pause,1,1,1,555,555,998,998,703,697,769,774,876.0,876.0,68.4931506849315,68.4931506849315,66,77,132.0,154.0,,,22.0,22.0,14.285714285714285
GDN0013,Pause,2,2,2,998,998,1450,1450,1141,1135,1205,1212,920.0,920.0,65.21739130434783,65.21739130434783,64,77,128.0,154.0,,,26.0,26.0,16.883116883116884
GDN0013,Pause,3,3,3,1450,1450,1910,1910,1600,1594,1666,1675,920.0,920.0,65.21739130434783,65.21739130434783,66,81,132.0,162.0,,,30.0,30.0,18.51851851851852
GDN0013,Pause,4,4,4,1910,1910,2371,2371,2060,2055,2127,2133,922.0,922.0,65.0759219088937,65.0759219088937,67,78,134.0,156.0,,,22.0,22.0,14.102564102564102
GDN0013,Pause,5,5,5,2371,2371,2824,2824,2521,2516,2589,2584,900.0,900.0,66.66666666666667,66.66666666666667,68,68,136.0,136.0,,,0.0,0.0,0.0
GDN0013,Pause,6,6,6,2824,2824,3267,3267,2972,2966,3038,3046,876.0,876.0,68.4931506849315,68.4931506849315,66,80,132.0,160.0,,,28.0,28.0,17.5
GDN0013,Pause,7,7,7,3267,3267,3712,3712,3410,3404,3475,3477,900.0,900.0,66.66666666666667,66.66666666666667,65,73,130.0,146.0,,,16.0,16.0,10.95890410958904
GDN0013,Pause,8,8,8,3712,3712,4163,4163,3859,3854,3923,3925,902.0,902.0,66.51884700665188,66.51884700665188,64,71,128.0,142.0,,,14.0,14.0,9.859154929577464
GDN0013,Pause,9,9,9,4163,4163,4614,4614,4310,4305,4376,4382,900.0,900.0,66.66666666666667,66.66666666666667,66,77,132.0,154.0,,,22.0,22.0,14.285714285714285
GDN0013,Pause,10,10,10,4614,4614,5065,5065,4761,4755,4828,4828,904.0,904.0,66.3716814159292,66.3716814159292,67,73,134.0,146.0,,,12.0,12.0,8.21917808219178
GDN0013,Pause,11,11,11,5065,5065,5510,5510,5212,5206,5276,5285,884.0,884.0,67.87330316742081,67.87330316742081,64,79,128.0,158.0,,,30.0,30.0,18.9873417721519
GDN0013,Pause,12,12,12,5510,5510,5958,5958,5654,5648,5720,5726,900.0,900.0,66.66666666666667,66.66666666666667,66,78,132.0,156.0,,,24.0,24.0,15.384615384615385
GDN0013,Pause,13,13,13,5958,5958,6418,6418,6104,6099,6171,6171,932.0,932.0,64.37768240343347,64.37768240343347,67,72,134.0,144.0,,,10.0,10.0,6.944444444444445
GDN0013,Pause,14,14,14,6418,6418,6886,6886,6570,6564,6638,6636,940.0,940.0,63.829787234042556,63.829787234042556,68,72,136.0,144.0,,,8.0,8.0,5.555555555555555
GDN0013,Pause,15,15,15,6886,6886,7344,7344,7040,7035,7104,7112,900.0,900.0,66.66666666666667,66.66666666666667,64,77,128.0,154.0,,,26.0,26.0,16.883116883116884
GDN0013,Pause,16,16,16,7344,7344,7778,7778,7491,7485,7558,7570,852.0,852.0,70.4225352112676,70.4225352112676,67,85,134.0,170.0,,,36.0,36.0,21.176470588235293
GDN0013,Pause,17,17,17,7778,7778,8219,8219,7917,7911,7983,7989,898.0,898.0,66.81514476614699,66.81514476614699,66,78,132.0,156.0,,,24.0,24.0,15.384615384615385
GDN0013,Pause,18,18,18,8219,8219,8675,8675,8365,8359,8433,8431,920.0,920.0,65.21739130434783,65.21739130434783,68,72,136.0,144.0,,,8.0,8.0,5.555555555555555
GDN0013,Pause,19,19,19,8675,8675,9138,9138,8825,8820,8889,8895,930.0,930.0,64.51612903225806,64.51612903225806,64,75,128.0,150.0,,,22.0,22.0,14.666666666666666
GDN0013,Pause,20,20,20,9138,9138,9595,9595,9291,9285,9356,9363,906.0,906.0,66.2251655629139,66.2251655629139,65,78,130.0,156.0,,,26.0,26.0,16.666666666666664
GDN0013,Pause,21,21,21,9595,9595,10034,10034,9743,9737,9809,9810,860.0,860.0,69.76744186046511,69.76744186046511,66,73,132.0,146.0,,,14.0,14.0,9.58904109589041
GDN0013,Pause,22,22,22,10034,10034,10471,10471,10173,10167,10240,10245,882.0,882.0,68.02721088435374,68.02721088435374,67,78,134.0,156.0,,,22.0,22.0,14.102564102564102
GDN0013,Pause,23,23,23,10471,10471,10923,10923,10615,10609,10681,10685,916.0,916.0,65.50218340611353,65.50218340611353,66,76,132.0,152.0,,,20.0,20.0,13.157894736842104
GDN0013,Pause,24,24,24,10923,10923,11381,11381,11072,11066,11136,11141,916.0,916.0,65.50218340611353,65.50218340611353,64,75,128.0,150.0,,,22.0,22.0,14.666666666666666
GDN0013,Pause,25,25,25,11381,11381,11842,11842,11531,11525,11594,11600,926.0,926.0,64.79481641468682,64.79481641468682,63,75,126.0,150.0,,,24.0,24.0,16.0
GDN0013,Pause,26,26,26,11842,11842,12302,12302,11993,11987,12058,12067,918.0,918.0,65.359477124183,65.359477124183,65,80,130.0,160.0,,,30.0,30.0,18.75
GDN0013,Pause,27,27,27,12302,12302,12752,12752,12453,12447,12521,12531,888.0,888.0,67.56756756756756,67.56756756756756,68,84,136.0,168.0,,,32.0,32.0,19.047619047619047
GDN0013,Pause,28,28,28,12752,12752,13207,13207,12896,12891,12962,12974,922.0,922.0,65.0759219088937,65.0759219088937,66,83,132.0,166.0,,,34.0,34.0,20.481927710843372
GDN0013,Pause,29,29,29,13207,13207,13668,13668,13357,13352,13423,13429,924.0,924.0,64.93506493506493,64.93506493506493,66,77,132.0,154.0,,,22.0,22.0,14.285714285714285
GDN0013,Pause,30,30,30,13668,13668,14131,14131,13820,13814,13883,13883,926.0,926.0,64.79481641468682,64.79481641468682,63,69,126.0,138.0,,,12.0,12.0,8.695652173913043
GDN0013,Pause,31,31,31,14131,14131,14589,14589,14283,14277,14351,14344,912.0,912.0,65.78947368421052,65.78947368421052,68,67,136.0,134.0,,,-2.0,2.0,1.4925373134328357
GDN0013,Pause,32,32,32,14589,14589,15030,15030,14738,14733,14806,14807,866.0,866.0,69.28406466512702,69.28406466512702,68,74,136.0,148.0,,,12.0,12.0,8.108108108108109
GDN0013,Pause,33,33,33,15030,15030,15464,15464,15172,15166,15238,15228,868.0,868.0,69.12442396313364,69.12442396313364,66,62,132.0,124.0,,,-8.0,8.0,6.451612903225806
GDN0013,Pause,34,34,34,15464,15464,15907,15907,15606,15600,15674,15681,896.0,896.0,66.96428571428571,66.96428571428571,68,81,136.0,162.0,,,26.0,26.0,16.049382716049383
GDN0013,Pause,35,35,35,15907,15907,16362,16362,16053,16048,16119,16138,916.0,916.0,65.50218340611353,65.50218340611353,66,90,132.0,180.0,,,48.0,48.0,26.666666666666668
GDN0013,Pause,36,36,36,16362,16362,16824,16824,16511,16505,16579,16581,928.0,928.0,64.6551724137931,64.6551724137931,68,76,136.0,152.0,,,16.0,16.0,10.526315789473683
GDN0013,Pause,37,37,37,16824,16824,17284,17284,16976,16970,17041,17043,916.0,916.0,65.50218340611353,65.50218340611353,65,73,130.0,146.0,,,16.0,16.0,10.95890410958904
GDN0013,Pause,38,38,38,17284,17284,17729,17729,17434,17428,17500,17503,878.0,878.0,68.3371298405467,68.3371298405467,66,75,132.0,150.0,,,18.0,18.0,12.0
GDN0013,Pause,39,39,39,17729,17729,18166,18166,17873,17867,17940,17952,872.0,872.0,68.80733944954129,68.80733944954129,67,85,134.0,170.0,,,36.0,36.0,21.176470588235293
GDN0013,Pause,40,40,40,18166,18166,18610,18610,18308,18303,18372,18389,894.0,894.0,67.11409395973155,67.11409395973155,64,86,128.0,172.0,,,44.0,44.0,25.581395348837212
GDN0013,Pause,41,41,41,18610,18610,19062,19062,18755,18749,18822,18822,912.0,912.0,65.78947368421052,65.78947368421052,67,73,134.0,146.0,,,12.0,12.0,8.21917808219178
GDN0013,Pause,42,42,42,19062,19062,19521,19521,19211,19205,19275,19293,920.0,920.0,65.21739130434783,65.21739130434783,64,88,128.0,176.0,,,48.0,48.0,27.27272727272727
GDN0013,Pause,43,43,43,19521,19521,19984,19984,19672,19666,19738,19739,930.0,930.0,64.51612903225806,64.51612903225806,66,73,132.0,146.0,,,14.0,14.0,9.58904109589041
GDN0013,Pause,44,44,44,19984,19984,20450,20450,20136,20130,20202,20205,932.0,932.0,64.37768240343347,64.37768240343347,66,75,132.0,150.0,,,18.0,18.0,12.0
GDN0013,Pause,45,45,45,20450,20450,20918,20918,20603,20597,20669,20672,938.0,938.0,63.965884861407254,63.965884861407254,66,75,132.0,150.0,,,18.0,18.0,12.0
GDN0013,Pause,46,46,46,20918,20918,21384,21384,21071,21066,21140,21142,930.0,930.0,64.51612903225806,64.51612903225806,69,76,138.0,152.0,,,14.0,14.0,9.210526315789473
GDN0013,Pause,47,47,47,21384,21384,21844,21844,21536,21531,21602,21609,914.0,914.0,65.64551422319475,65.64551422319475,66,78,132.0,156.0,,,24.0,24.0,15.384615384615385
GDN0013,Pause,48,48,48,21844,21844,22303,22303,21993,21987,22059,22062,920.0,920.0,65.21739130434783,65.21739130434783,66,75,132.0,150.0,,,18.0,18.0,12.0
GDN0013,Pause,49,49,49,22303,22303,22764,22764,22453,22448,22520,22518,924.0,924.0,64.93506493506493,64.93506493506493,67,70,134.0,140.0,,,6.0,6.0,4.285714285714286
GDN0013,Pause,50,50,50,22764,22764,23226,23226,22915,22910,22981,22983,922.0,922.0,65.0759219088937,65.0759219088937,66,73,132.0,146.0,,,14.0,14.0,9.58904109589041
GDN0013,Pause,51,51,51,23226,23226,23687,23687,23376,23370,23444,23442,922.0,922.0,65.0759219088937,65.0759219088937,68,72,136.0,144.0,,,8.0,8.0,5.555555555555555
GDN0013,Pause,52,52,52,23687,23687,24142,24142,23837,23832,23901,23915,904.0,904.0,66.3716814159292,66.3716814159292,64,83,128.0,166.0,,,38.0,38.0,22.89156626506024
GDN0013,Pause,53,53,53,24142,24142,24585,24585,24290,24284,24356,24363,878.0,878.0,68.3371298405467,68.3371298405467,66,79,132.0,158.0,,,26.0,26.0,16.455696202531644
GDN0013,Pause,54,54,54,24585,24585,25032,25032,24728,24723,24793,24797,902.0,902.0,66.51884700665188,66.51884700665188,65,74,130.0,148.0,,,18.0,18.0,12.162162162162163
GDN0013,Pause,55,55,55,25032,25032,25482,25482,25179,25173,25243,25243,900.0,900.0,66.66666666666667,66.66666666666667,64,70,128.0,140.0,,,12.0,12.0,8.571428571428571
GDN0013,Pause,56,56,56,25482,25482,25934,25934,25629,25623,25698,25697,906.0,906.0,66.2251655629139,66.2251655629139,69,74,138.0,148.0,,,10.0,10.0,6.756756756756757
GDN0013,Pause,57,57,57,25934,25934,26374,26374,26082,26076,26148,26150,866.0,866.0,69.28406466512702,69.28406466512702,66,74,132.0,148.0,,,16.0,16.0,10.81081081081081
GDN0013,Pause,58,58,58,26374,26374,26809,26809,26516,26510,26582,26578,872.0,872.0,68.80733944954129,68.80733944954129,66,68,132.0,136.0,,,4.0,4.0,2.941176470588235
GDN0013,Pause,59,59,59,26809,26809,27256,27256,26951,26946,27019,27025,906.0,906.0,66.2251655629139,66.2251655629139,68,79,136.0,158.0,,,22.0,22.0,13.924050632911392
GDN0013,Pause,60,60,60,27256,27256,27713,27713,27405,27399,27470,27472,916.0,916.0,65.50218340611353,65.50218340611353,65,73,130.0,146.0,,,16.0,16.0,10.95890410958904
GDN0013,Pause,61,61,61,27713,27713,28164,28164,27862,27857,27930,27933,896.0,896.0,66.96428571428571,66.96428571428571,68,76,136.0,152.0,,,16.0,16.0,10.526315789473683
GDN0013,Pause,62,62,62,28164,28164,28600,28600,28310,28305,28377,28384,858.0,858.0,69.93006993006993,69.93006993006993,67,79,134.0,158.0,,,24.0,24.0,15.18987341772152
GDN0013,Pause,63,63,63,28600,28600,29046,29046,28740,28734,28808,28812,910.0,910.0,65.93406593406593,65.93406593406593,68,78,136.0,156.0,,,20.0,20.0,12.82051282051282
GDN0013,Pause,64,64,64,29046,29046,29361,29361,29194,29188,,29262,480.0,480.0,125.0,125.0,,74,,148.0,c_point_nan,,,,
GDN0013,Pause,66,66,66,29589,29589,29810,29810,29655,29649,,29730,,,,,,81,,162.0,c_point_nan,,,,
GDN0013,Valsalva,0,0,0,208,208,665,665,357,352,421,425,914.0,914.0,65.64551422319475,65.64551422319475,64,73,128.0,146.0,,,18.0,18.0,12.32876712328767
GDN0013,Valsalva,1,1,1,665,665,1123,1123,814,808,880,883,916.0,916.0,65.50218340611353,65.50218340611353,66,75,132.0,150.0,,,18.0,18.0,12.0
GDN0013,Valsalva,2,2,2,1123,1123,1583,1583,1272,1267,1339,1345,922.0,922.0,65.0759219088937,65.0759219088937,67,78,134.0,156.0,,,22.0,22.0,14.102564102564102
GDN0013,Valsalva,3,3,3,1583,1583,2040,2040,1733,1727,1799,1801,910.0,910.0,65.93406593406593,65.93406593406593,66,74,132.0,148.0,,,16.0,16.0,10.81081081081081
GDN0013,Valsalva,4,4,4,2040,2040,2491,2491,2188,2182,2254,2260,898.0,898.0,66.81514476614699,66.81514476614699,66,78,132.0,156.0,,,24.0,24.0,15.384615384615385
GDN0013,Valsalva,5,5,5,2491,2491,2944,2944,2637,2631,2703,2707,912.0,912.0,65.78947368421052,65.78947368421052,66,76,132.0,152.0,,,20.0,20.0,13.157894736842104
GDN0013,Valsalva,6,6,6,2944,2944,3402,3402,3093,3088,3163,3176,918.0,918.0,65.359477124183,65.359477124183,70,88,140.0,176.0,,,36.0,36.0,20.454545454545457
GDN0013,Valsalva,7,7,7,3402,3402,3858,3858,3552,3547,3616,3617,908.0,908.0,66.07929515418502,66.07929515418502,64,70,128.0,140.0,,,12.0,12.0,8.571428571428571
GDN0013,Valsalva,8,8,8,3858,3858,4308,4308,4007,4001,4073,4078,896.0,896.0,66.96428571428571,66.96428571428571,66,77,132.0,154.0,,,22.0,22.0,14.285714285714285
GDN0013,Valsalva,9,9,9,4308,4308,4765,4765,4454,4449,4519,4529,922.0,922.0,65.0759219088937,65.0759219088937,65,80,130.0,160.0,,,30.0,30.0,18.75
GDN0013,Valsalva,10,10,10,4765,4765,5227,5227,4915,4910,4979,4985,926.0,926.0,64.79481641468682,64.79481641468682,64,75,128.0,150.0,,,22.0,22.0,14.666666666666666
GDN0013,Valsalva,11,11,11,5227,5227,5687,5687,5378,5372,5444,5442,916.0,916.0,65.50218340611353,65.50218340611353,66,70,132.0,140.0,,,8.0,8.0,5.714285714285714
GDN0013,Valsalva,12,12,12,5687,5687,6135,6135,5836,5830,5902,5911,886.0,886.0,67.72009029345372,67.72009029345372,66,81,132.0,162.0,,,30.0,30.0,18.51851851851852
GDN0013,Valsalva,13,13,13,6135,6135,6588,6588,6280,6274,6345,6343,916.0,916.0,65.50218340611353,65.50218340611353,65,69,130.0,138.0,,,8.0,8.0,5.797101449275362
GDN0013,Valsalva,14,14,14,6588,6588,7046,7046,6737,6732,6806,6809,916.0,916.0,65.50218340611353,65.50218340611353,69,77,138.0,154.0,,,16.0,16.0,10.38961038961039
GDN0013,Valsalva,15,15,15,7046,7046,7507,7507,7195,7190,7261,7262,926.0,926.0,64.79481641468682,64.79481641468682,66,72,132.0,144.0,,,12.0,12.0,8.333333333333332
GDN0013,Valsalva,16,16,16,7507,7507,7964,7964,7658,7652,7721,7724,908.0,908.0,66.07929515418502,66.07929515418502,63,72,126.0,144.0,,,18.0,18.0,12.5
GDN0013,Valsalva,17,17,17,7964,7964,8421,8421,8112,8106,8179,8188,918.0,918.0,65.359477124183,65.359477124183,67,82,134.0,164.0,,,30.0,30.0,18.29268292682927
GDN0013,Valsalva,18,18,18,8421,8421,8886,8886,8572,8566,8642,8639,934.0,934.0,64.23982869379014,64.23982869379014,70,73,140.0,146.0,,,6.0,6.0,4.10958904109589
GDN0013,Valsalva,19,19,19,8886,8886,9354,9354,9038,9033,9105,9125,938.0,938.0,63.965884861407254,63.965884861407254,67,92,134.0,184.0,,,50.0,50.0,27.173913043478258
GDN0013,Valsalva,20,20,20,9354,9354,9812,9812,9507,9501,9573,9577,906.0,906.0,66.2251655629139,66.2251655629139,66,76,132.0,152.0,,,20.0,20.0,13.157894736842104
GDN0013,Valsalva,21,21,21,9812,9812,10269,10269,9961,9955,10029,10038,918.0,918.0,65.359477124183,65.359477124183,68,83,136.0,166.0,,,30.0,30.0,18.072289156626507
GDN0013,Valsalva,22,22,22,10269,10269,10732,10732,10419,10414,10489,10493,928.0,928.0,64.6551724137931,64.6551724137931,70,79,140.0,158.0,,,18.0,18.0,11.39240506329114
GDN0013,Valsalva,23,23,23,10732,10732,11197,11197,10883,10878,10950,10953,932.0,932.0,64.37768240343347,64.37768240343347,67,75,134.0,150.0,,,16.0,16.0,10.666666666666668
GDN0013,Valsalva,24,24,24,11197,11197,11660,11660,11350,11344,11421,11412,922.0,922.0,65.0759219088937,65.0759219088937,71,68,142.0,136.0,,,-6.0,6.0,4.411764705882353
GDN0013,Valsalva,25,25,25,11660,11660,12110,12110,11810,11805,11876,11880,890.0,890.0,67.41573033707866,67.41573033707866,66,75,132.0,150.0,,,18.0,18.0,12.0
GDN0013,Valsalva,26,26,26,12110,12110,12554,12554,12255,12249,12322,12327,886.0,886.0,67.72009029345372,67.72009029345372,67,78,134.0,156.0,,,22.0,22.0,14.102564102564102
GDN0013,Valsalva,27,27,27,12554,12554,13011,13011,12698,12692,12764,12776,928.0,928.0,64.6551724137931,64.6551724137931,66,84,132.0,168.0,,,36.0,36.0,21.428571428571427
GDN0013,Valsalva,28,28,28,13011,13011,13478,13478,13162,13156,13227,13224,938.0,938.0,63.965884861407254,63.965884861407254,65,68,130.0,136.0,,,6.0,6.0,4.411764705882353
GDN0013,Valsalva,29,29,29,13478,13478,13941,13941,13631,13626,13697,13704,920.0,920.0,65.21739130434783,65.21739130434783,66,78,132.0,156.0,,,24.0,24.0,15.384615384615385
GDN0013,Valsalva,30,30,30,13941,13941,14391,14391,14092,14086,14158,14167,888.0,888.0,67.56756756756756,67.56756756756756,66,81,132.0,162.0,,,30.0,30.0,18.51851851851852
GDN0013,Valsalva,31,31,31,14391,14391,14852,14852,14535,14530,14601,14613,940.0,940.0,63.829787234042556,63.829787234042556,66,83,132.0,166.0,,,34.0,34.0,20.481927710843372
GDN0013,Valsalva,32,32,32,14852,14852,15325,15325,15005,15000,15071,15085,952.0,952.0,63.02521008403362,63.02521008403362,66,85,132.0,170.0,,,38.0,38.0,22.35294117647059
GDN0013,Valsalva,33,33,33,15325,15325,15792,15792,15481,15476,15550,15554,922.0,922.0,65.0759219088937,65.0759219088937,69,78,138.0,156.0,,,18.0,18.0,11.538461538461538
GDN0013,Valsalva,34,34,34,15792,15792,16235,16235,15942,15936,16008,16010,868.0,868.0,69.12442396313364,69.12442396313364,66,74,132.0,148.0,,,16.0,16.0,10.81081081081081
GDN0013,Valsalva,35,35,35,16235,16235,16685,16685,16377,16371,16450,16448,918.0,918.0,65.359477124183,65.359477124183,73,77,146.0,154.0,,,8.0,8.0,5.194805194805195
GDN0013,Valsalva,36,36,36,16685,16685,17150,17150,16835,16830,16899,16901,934.0,934.0,64.23982869379014,64.23982869379014,64,71,128.0,142.0,,,14.0,14.0,9.859154929577464
GDN0013,Valsalva,37,37,37,17150,17150,17618,17618,17302,17296,17368,17373,940.0,940.0,63.829787234042556,63.829787234042556,66,77,132.0,154.0,,,22.0,22.0,14.285714285714285
GDN0013,Valsalva,38,38,38,17618,17618,18081,18081,17772,17767,17836,17841,918.0,918.0,65.359477124183,65.359477124183,64,74,128.0,148.0,,,20.0,20.0,13.513513513513514
GDN0013,Valsalva,39,39,39,18081,18081,18535,18535,18231,18226,18298,18301,902.0,902.0,66.51884700665188,66.51884700665188,67,75,134.0,150.0,,,16.0,16.0,10.666666666666668
GDN0013,Valsalva,40,40,40,18535,18535,18996,18996,18682,18676,18750,18753,932.0,932.0,64.37768240343347,64.37768240343347,68,77,136.0,154.0,,,18.0,18.0,11.688311688311687
GDN0013,Valsalva,41,41,41,18996,18996,19461,19461,19148,19143,19217,19217,930.0,930.0,64.51612903225806,64.51612903225806,69,74,138.0,148.0,,,10.0,10.0,6.756756756756757
GDN0013,Valsalva,42,42,42,19461,19461,19920,19920,19614,19608,19676,19686,910.0,910.0,65.93406593406593,65.93406593406593,62,78,124.0,156.0,,,32.0,32.0,20.51282051282051
GDN0013,Valsalva,43,43,43,19920,19920,20364,20364,20068,20062,,20135,876.0,876.0,68.4931506849315,68.4931506849315,,73,,146.0,c_point_nan,,,,
GDN0013,Valsalva,44,44,44,20364,20364,20802,20802,20506,20501,20573,20578,876.0,876.0,68.4931506849315,68.4931506849315,67,77,134.0,154.0,,,20.0,20.0,12.987012987012985
GDN0013,Valsalva,45,45,45,20802,20802,21227,21227,20944,20938,21011,21008,838.0,838.0,71.59904534606206,71.59904534606206,67,70,134.0,140.0,,,6.0,6.0,4.285714285714286
GDN0013,Valsalva,46,46,46,21227,21227,21644,21644,21363,21358,21428,21435,830.0,830.0,72.28915662650603,72.28915662650603,65,77,130.0,154.0,,,24.0,24.0,15.584415584415584
GDN0013,Valsalva,47,47,47,21644,21644,22062,22062,21778,21773,21845,21853,840.0,840.0,71.42857142857143,71.42857142857143,67,80,134.0,160.0,,,26.0,26.0,16.25
GDN0013,Valsalva,48,48,48,22062,22062,22480,22480,22198,22193,22262,22266,834.0,834.0,71.94244604316548,71.94244604316548,64,73,128.0,146.0,,,18.0,18.0,12.32876712328767
GDN0013,Valsalva,49,49,49,22480,22480,22904,22904,22615,22610,22682,22676,854.0,854.0,70.2576112412178,70.2576112412178,67,66,134.0,132.0,,,-2.0,2.0,1.5151515151515151
GDN0013,Valsalva,50,50,50,22904,22904,23349,23349,23042,23037,23110,23120,912.0,912.0,65.78947368421052,65.78947368421052,68,83,136.0,166.0,,,30.0,30.0,18.072289156626507
GDN0013,Valsalva,51,51,51,23349,23349,23804,23804,23499,23493,23567,23576,908.0,908.0,66.07929515418502,66.07929515418502,68,83,136.0,166.0,,,30.0,30.0,18.072289156626507
GDN0013,Valsalva,52,52,52,23804,23804,24242,24242,23953,23947,24016,24027,858.0,858.0,69.93006993006993,69.93006993006993,63,80,126.0,160.0,,,34.0,34.0,21.25
GDN0013,Valsalva,53,53,53,24242,24242,24693,24693,24381,24376,24451,24454,926.0,926.0,64.79481641468682,64.79481641468682,70,78,140.0,156.0,,,16.0,16.0,10.256410256410255
GDN0013,Valsalva,54,54,54,24693,24693,25164,25164,24844,24839,24911,24916,952.0,952.0,63.02521008403362,63.02521008403362,67,77,134.0,154.0,,,20.0,20.0,12.987012987012985
GDN0013,Valsalva,55,55,55,25164,25164,25643,25643,25320,25314,25388,25396,960.0,960.0,62.5,62.5,68,82,136.0,164.0,,,28.0,28.0,17.073170731707318
GDN0013,Valsalva,56,56,56,25643,25643,26121,26121,25800,25795,25866,25869,954.0,954.0,62.89308176100629,62.89308176100629,66,74,132.0,148.0,,,16.0,16.0,10.81081081081081
GDN0013,Valsalva,57,57,57,26121,26121,26582,26582,26277,26272,26341,26348,904.0,904.0,66.3716814159292,66.3716814159292,64,76,128.0,152.0,,,24.0,24.0,15.789473684210526
GDN0013,Valsalva,58,58,58,26582,26582,27014,27014,26730,26724,26796,26796,844.0,844.0,71.09004739336493,71.09004739336493,66,72,132.0,144.0,,,12.0,12.0,8.333333333333332
GDN0013,Valsalva,59,59,59,27014,27014,27432,27432,27151,27145,27215,27218,832.0,832.0,72.11538461538461,72.11538461538461,64,73,128.0,146.0,,,18.0,18.0,12.32876712328767
GDN0013,Valsalva,60,60,60,27432,27432,27853,27853,27568,27562,27631,27632,846.0,846.0,70.92198581560284,70.92198581560284,63,70,126.0,140.0,,,14.0,14.0,10.0
GDN0013,Valsalva,61,61,61,27853,27853,28289,28289,27990,27984,28051,28052,886.0,886.0,67.72009029345372,67.72009029345372,61,68,122.0,136.0,,,14.0,14.0,10.294117647058822
GDN0013,Valsalva,62,62,62,28289,28289,28746,28746,28435,28428,28492,28498,930.0,930.0,64.51612903225806,64.51612903225806,57,70,114.0,140.0,,,26.0,26.0,18.571428571428573
GDN0013,Valsalva,63,63,63,28746,28746,29214,29214,28898,28890,28960,28963,940.0,940.0,63.829787234042556,63.829787234042556,62,73,124.0,146.0,,,22.0,22.0,15.068493150684931
GDN0013,Valsalva,64,64,64,29214,29214,29697,29697,29367,29362,29434,29441,978.0,978.0,61.34969325153374,61.34969325153374,67,79,134.0,158.0,,,24.0,24.0,15.18987341772152
GDN0013,HoldingBreath,0,0,0,158,158,562,562,288,282,350,356,808.0,808.0,74.25742574257426,74.25742574257426,62,74,124.0,148.0,,,24.0,24.0,16.216216216216218
GDN0013,HoldingBreath,1,1,1,562,562,971,971,692,686,755,774,824.0,824.0,72.81553398058253,72.81553398058253,63,88,126.0,176.0,,,50.0,50.0,28.40909090909091
GDN0013,HoldingBreath,2,2,2,971,971,1392,1392,1104,1099,1165,1178,852.0,852.0,70.4225352112676,70.4225352112676,61,79,122.0,158.0,,,36.0,36.0,22.78481012658228
GDN0013,HoldingBreath,3,3,3,1392,1392,1826,1826,1530,1524,1598,1600,876.0,876.0,68.4931506849315,68.4931506849315,68,76,136.0,152.0,,,16.0,16.0,10.526315789473683
GDN0013,HoldingBreath,4,4,4,1826,1826,2253,2253,1968,1963,2031,2032,844.0,844.0,71.09004739336493,71.09004739336493,63,69,126.0,138.0,,,12.0,12.0,8.695652173913043
GDN0013,HoldingBreath,5,5,5,2253,2253,2673,2673,2390,2385,,2457,836.0,836.0,71.77033492822967,71.77033492822967,,72,,144.0,c_point_nan,,,,
GDN0013,HoldingBreath,6,6,6,2673,2673,3108,3108,2808,2804,2871,2885,888.0,888.0,67.56756756756756,67.56756756756756,63,81,126.0,162.0,,,36.0,36.0,22.22222222222222
GDN0013,HoldingBreath,7,7,7,3108,3108,3554,3554,3251,3247,3324,3314,894.0,894.0,67.11409395973155,67.11409395973155,73,67,146.0,134.0,,,-12.0,12.0,8.955223880597014
GDN0013,HoldingBreath,8,8,8,3554,3554,4002,4002,3699,3694,3763,3768,900.0,900.0,66.66666666666667,66.66666666666667,64,74,128.0,148.0,,,20.0,20.0,13.513513513513514
GDN0013,HoldingBreath,9,9,9,4002,4002,4447,4447,4149,4144,4214,4215,884.0,884.0,67.87330316742081,67.87330316742081,65,71,130.0,142.0,,,12.0,12.0,8.450704225352112
GDN0013,HoldingBreath,10,10,10,4447,4447,4886,4886,4592,4586,,4658,874.0,874.0,68.64988558352402,68.64988558352402,,72,,144.0,c_point_nan,,,,
GDN0013,HoldingBreath,11,11,11,4886,4886,5331,5331,5029,5023,5091,5101,898.0,898.0,66.81514476614699,66.81514476614699,62,78,124.0,156.0,,,32.0,32.0,20.51282051282051
GDN0013,HoldingBreath,12,12,12,5331,5331,5786,5786,5477,5471,5540,5535,916.0,916.0,65.50218340611353,65.50218340611353,63,64,126.0,128.0,,,2.0,2.0,1.5625
GDN0013,HoldingBreath,13,13,13,5786,5786,6246,6246,5935,5930,5999,5995,922.0,922.0,65.0759219088937,65.0759219088937,64,65,128.0,130.0,,,2.0,2.0,1.5384615384615385
GDN0013,HoldingBreath,14,14,14,6246,6246,6707,6707,6396,6390,6462,6464,922.0,922.0,65.0759219088937,65.0759219088937,66,74,132.0,148.0,,,16.0,16.0,10.81081081081081
GDN0013,HoldingBreath,15,15,15,6707,6707,7168,7168,6857,6852,6921,6927,922.0,922.0,65.0759219088937,65.0759219088937,64,75,128.0,150.0,,,22.0,22.0,14.666666666666666
GDN0013,HoldingBreath,16,16,16,7168,7168,7607,7607,7318,7312,7384,7402,854.0,854.0,70.2576112412178,70.2576112412178,66,90,132.0,180.0,,,48.0,48.0,26.666666666666668
GDN0013,HoldingBreath,18,18,18,8035,8035,8470,8470,8174,8169,8237,8241,876.0,876.0,68.4931506849315,68.4931506849315,63,72,126.0,144.0,,,18.0,18.0,12.5
GDN0013,HoldingBreath,19,19,19,8470,8470,8906,8906,8613,8607,8675,8625,870.0,870.0,68.96551724137932,68.96551724137932,62,18,124.0,36.0,,,-88.0,88.0,244.44444444444446
GDN0013,HoldingBreath,20,20,20,8906,8906,9339,9339,9048,9042,9111,9114,864.0,864.0,69.44444444444444,69.44444444444444,63,72,126.0,144.0,,,18.0,18.0,12.5
GDN0013,HoldingBreath,21,21,21,9339,9339,9762,9762,9480,9474,9544,9533,838.0,838.0,71.59904534606206,71.59904534606206,64,59,128.0,118.0,,,-10.0,10.0,8.47457627118644
GDN0013,HoldingBreath,23,23,23,10187,10187,10620,10620,10327,10321,10388,10390,874.0,874.0,68.64988558352402,68.64988558352402,61,69,122.0,138.0,,,16.0,16.0,11.594202898550725
GDN0013,HoldingBreath,26,26,26,11491,11491,11929,11929,11632,11626,11680,11676,882.0,882.0,68.02721088435374,68.02721088435374,48,50,96.0,100.0,,,4.0,4.0,4.0
GDN0013,HoldingBreath,27,27,27,11929,11929,12368,12368,12072,12067,12139,12128,878.0,878.0,68.3371298405467,68.3371298405467,67,61,134.0,122.0,,,-12.0,12.0,9.836065573770492
GDN0013,HoldingBreath,28,28,28,12368,12368,12809,12809,12511,12505,12576,12576,882.0,882.0,68.02721088435374,68.02721088435374,65,71,130.0,142.0,,,12.0,12.0,8.450704225352112
GDN0013,HoldingBreath,29,29,29,12809,12809,13241,13241,12952,12946,13015,13023,856.0,856.0,70.09345794392523,70.09345794392523,63,77,126.0,154.0,,,28.0,28.0,18.181818181818183
GDN0013,HoldingBreath,30,30,30,13241,13241,13668,13668,13380,13375,13445,13432,852.0,852.0,70.4225352112676,70.4225352112676,65,57,130.0,114.0,,,-16.0,16.0,14.035087719298245
GDN0013,HoldingBreath,31,31,31,13668,13668,14095,14095,13806,13801,13870,13871,854.0,854.0,70.2576112412178,70.2576112412178,64,70,128.0,140.0,,,12.0,12.0,8.571428571428571
GDN0013,HoldingBreath,32,32,32,14095,14095,14519,14519,14232,14227,14294,14312,846.0,846.0,70.92198581560284,70.92198581560284,62,85,124.0,170.0,,,46.0,46.0,27.058823529411764
GDN0013,HoldingBreath,33,33,33,14519,14519,14943,14943,14656,14650,14723,14724,848.0,848.0,70.75471698113208,70.75471698113208,67,74,134.0,148.0,,,14.0,14.0,9.45945945945946
GDN0013,HoldingBreath,34,34,34,14943,14943,15367,15367,15080,15075,15146,15141,850.0,850.0,70.58823529411765,70.58823529411765,66,66,132.0,132.0,,,0.0,0.0,0.0
GDN0013,HoldingBreath,35,35,35,15367,15367,15794,15794,15505,15500,15571,15572,854.0,854.0,70.2576112412178,70.2576112412178,66,72,132.0,144.0,,,12.0,12.0,8.333333333333332
GDN0013,HoldingBreath,36,36,36,15794,15794,16215,16215,15933,15927,16000,16002,836.0,836.0,71.77033492822967,71.77033492822967,67,75,134.0,150.0,,,16.0,16.0,10.666666666666668
GDN0013,HoldingBreath,37,37,37,16215,16215,16642,16642,16350,16344,16420,16420,864.0,864.0,69.44444444444444,69.44444444444444,70,76,140.0,152.0,,,12.0,12.0,7.894736842105263
GDN0013,HoldingBreath,38,38,38,16642,16642,17077,17077,16783,16777,16848,16848,874.0,874.0,68.64988558352402,68.64988558352402,65,71,130.0,142.0,,,12.0,12.0,8.450704225352112
GDN0013,HoldingBreath,39,39,39,17077,17077,17509,17509,17220,17214,17308,17281,858.0,858.0,69.93006993006993,69.93006993006993,88,67,176.0,134.0,,,-42.0,42.0,31.343283582089555
GDN0013,HoldingBreath,40,40,40,17509,17509,17940,17940,17648,17643,17716,17726,864.0,864.0,69.44444444444444,69.44444444444444,68,83,136.0,166.0,,,30.0,30.0,18.072289156626507
GDN0013,HoldingBreath,41,41,41,17940,17940,18362,18362,18081,18075,18144,18156,834.0,834.0,71.94244604316548,71.94244604316548,63,81,126.0,162.0,,,36.0,36.0,22.22222222222222
GDN0013,HoldingBreath,43,43,43,18784,18784,19200,19200,18921,18916,18988,18987,826.0,826.0,72.63922518159806,72.63922518159806,67,71,134.0,142.0,,,8.0,8.0,5.633802816901409
GDN0013,HoldingBreath,44,44,44,19200,19200,19623,19623,19334,19329,19402,19416,854.0,854.0,70.2576112412178,70.2576112412178,68,87,136.0,174.0,,,38.0,38.0,21.839080459770116
GDN0013,HoldingBreath,45,45,45,19623,19623,20058,20058,19761,19756,19827,19828,880.0,880.0,68.18181818181819,68.18181818181819,66,72,132.0,144.0,,,12.0,12.0,8.333333333333332
GDN0013,HoldingBreath,49,49,49,21321,21321,21737,21737,21458,21452,21521,21521,828.0,828.0,72.46376811594203,72.46376811594203,63,69,126.0,138.0,,,12.0,12.0,8.695652173913043
GDN0013,HoldingBreath,50,50,50,21737,21737,22160,22160,21872,21866,21938,21945,854.0,854.0,70.2576112412178,70.2576112412178,66,79,132.0,158.0,,,26.0,26.0,16.455696202531644
GDN0013,HoldingBreath,51,51,51,22160,22160,22594,22594,22298,22293,22368,22364,876.0,876.0,68.4931506849315,68.4931506849315,70,71,140.0,142.0,,,2.0,2.0,1.4084507042253522
GDN0013,HoldingBreath,52,52,52,22594,22594,23032,23032,22737,22732,22800,22796,878.0,878.0,68.3371298405467,68.3371298405467,63,64,126.0,128.0,,,2.0,2.0,1.5625
GDN0013,HoldingBreath,53,53,53,23032,23032,23460,23460,23176,23170,23238,23248,842.0,842.0,71.25890736342043,71.25890736342043,62,78,124.0,156.0,,,32.0,32.0,20.51282051282051
GDN0013,HoldingBreath,54,54,54,23460,23460,23891,23891,23597,23591,23668,23667,874.0,874.0,68.64988558352402,68.64988558352402,71,76,142.0,152.0,,,10.0,10.0,6.578947368421052
GDN0013,HoldingBreath,55,55,55,23891,23891,24325,24325,24033,24027,24102,24104,864.0,864.0,69.44444444444444,69.44444444444444,69,77,138.0,154.0,,,16.0,16.0,10.38961038961039
GDN0013,HoldingBreath,56,56,56,24325,24325,24748,24748,24465,24460,24530,24522,838.0,838.0,71.59904534606206,71.59904534606206,65,62,130.0,124.0,,,-6.0,6.0,4.838709677419355
GDN0013,HoldingBreath,57,57,57,24748,24748,25162,25162,24885,24879,24951,24943,820.0,820.0,73.17073170731707,73.17073170731707,66,64,132.0,128.0,,,-4.0,4.0,3.125
GDN0013,HoldingBreath,58,58,58,25162,25162,25572,25572,25294,25288,25358,25350,820.0,820.0,73.17073170731707,73.17073170731707,64,62,128.0,124.0,,,-4.0,4.0,3.225806451612903
GDN0013,HoldingBreath,59,59,59,25572,25572,25992,25992,25704,25699,25768,25769,852.0,852.0,70.4225352112676,70.4225352112676,64,70,128.0,140.0,,,12.0,12.0,8.571428571428571
GDN0013,HoldingBreath,60,60,60,25992,25992,26420,26420,26130,26124,26197,26205,860.0,860.0,69.76744186046511,69.76744186046511,67,81,134.0,162.0,,,28.0,28.0,17.28395061728395
GDN0013,HoldingBreath,61,61,61,26420,26420,26855,26855,26560,26555,26623,26633,874.0,874.0,68.64988558352402,68.64988558352402,63,78,126.0,156.0,,,30.0,30.0,19.230769230769234
GDN0013,HoldingBreath,62,62,62,26855,26855,27299,27299,26997,26991,27064,27063,896.0,896.0,66.96428571428571,66.96428571428571,67,72,134.0,144.0,,,10.0,10.0,6.944444444444445
GDN0013,HoldingBreath,63,63,63,27299,27299,27747,27747,27445,27440,27508,27510,894.0,894.0,67.11409395973155,67.11409395973155,63,70,126.0,140.0,,,14.0,14.0,10.0
GDN0013,HoldingBreath,64,64,64,27747,27747,28181,28181,27892,27886,27955,27959,854.0,854.0,70.2576112412178,70.2576112412178,63,73,126.0,146.0,,,20.0,20.0,13.698630136986301
GDN0013,HoldingBreath,65,65,65,28181,28181,28618,28618,28319,28314,28389,28385,886.0,886.0,67.72009029345372,67.72009029345372,70,71,140.0,142.0,,,2.0,2.0,1.4084507042253522
GDN0013,HoldingBreath,66,66,66,28618,28618,29066,29066,28763,28757,28833,28829,902.0,902.0,66.51884700665188,66.51884700665188,70,72,140.0,144.0,,,4.0,4.0,2.7777777777777777
GDN0013,HoldingBreath,67,67,67,29066,29066,29515,29515,29213,29207,29280,29285,894.0,894.0,67.11409395973155,67.11409395973155,67,78,134.0,156.0,,,22.0,22.0,14.102564102564102
GDN0013,HoldingBreath,68,68,68,29515,29515,29962,29962,29660,29655,29724,29730,,,,,64,75,128.0,150.0,,,22.0,22.0,14.666666666666666
GDN0013,TiltUp,0,0,0,202,202,577,577,324,318,388,395,750.0,750.0,80.0,80.0,64,77,128.0,154.0,,,26.0,26.0,16.883116883116884
GDN0013,TiltUp,1,1,1,577,577,960,960,699,694,762,766,776.0,776.0,77.31958762886597,77.31958762886597,63,72,126.0,144.0,,,18.0,18.0,12.5
GDN0013,TiltUp,2,2,2,960,960,1354,1354,1086,1080,1154,1157,794.0,794.0,75.56675062972292,75.56675062972292,68,77,136.0,154.0,,,18.0,18.0,11.688311688311687
GDN0013,TiltUp,3,3,3,1354,1354,1753,1753,1483,1477,1549,1553,800.0,800.0,75.0,75.0,66,76,132.0,152.0,,,20.0,20.0,13.157894736842104
GDN0013,TiltUp,4,4,4,1753,1753,2146,2146,1884,1879,1951,1953,778.0,778.0,77.12082262210797,77.12082262210797,67,74,134.0,148.0,,,14.0,14.0,9.45945945945946
GDN0013,TiltUp,5,5,5,2146,2146,2533,2533,2272,2267,2339,2338,772.0,772.0,77.720207253886,77.720207253886,67,71,134.0,142.0,,,8.0,8.0,5.633802816901409
GDN0013,TiltUp,6,6,6,2533,2533,2916,2916,2659,2653,2723,2734,762.0,762.0,78.74015748031496,78.74015748031496,64,81,128.0,162.0,,,34.0,34.0,20.98765432098765
GDN0013,TiltUp,7,7,7,2916,2916,3295,3295,3040,3035,3102,3104,756.0,756.0,79.36507936507937,79.36507936507937,62,69,124.0,138.0,,,14.0,14.0,10.144927536231885
GDN0013,TiltUp,8,8,8,3295,3295,3669,3669,3418,3413,3485,3480,744.0,744.0,80.64516129032258,80.64516129032258,67,67,134.0,134.0,,,0.0,0.0,0.0
GDN0013,TiltUp,9,9,9,3669,3669,4038,4038,3790,3785,3854,3862,734.0,734.0,81.74386920980926,81.74386920980926,64,77,128.0,154.0,,,26.0,26.0,16.883116883116884
GDN0013,TiltUp,10,10,10,4038,4038,4392,4392,4157,4151,4225,4228,694.0,694.0,86.45533141210375,86.45533141210375,68,77,136.0,154.0,,,18.0,18.0,11.688311688311687
GDN0013,TiltUp,11,11,11,4392,4392,4748,4748,4504,4499,4569,4575,724.0,724.0,82.87292817679558,82.87292817679558,65,76,130.0,152.0,,,22.0,22.0,14.473684210526317
GDN0013,TiltUp,12,12,12,4748,4748,5108,5108,4866,4861,4931,4936,718.0,718.0,83.56545961002786,83.56545961002786,65,75,130.0,150.0,,,20.0,20.0,13.333333333333334
GDN0013,TiltUp,13,13,13,5108,5108,5474,5474,5225,5220,5290,5296,738.0,738.0,81.30081300813008,81.30081300813008,65,76,130.0,152.0,,,22.0,22.0,14.473684210526317
GDN0013,TiltUp,14,14,14,5474,5474,5847,5847,5594,5588,5666,5666,752.0,752.0,79.7872340425532,79.7872340425532,72,78,144.0,156.0,,,12.0,12.0,7.6923076923076925
GDN0013,TiltUp,15,15,15,5847,5847,6225,6225,5970,5965,6037,6043,756.0,756.0,79.36507936507937,79.36507936507937,67,78,134.0,156.0,,,22.0,22.0,14.102564102564102
GDN0013,TiltUp,16,16,16,6225,6225,6599,6599,6347,6341,6416,6409,744.0,744.0,80.64516129032258,80.64516129032258,69,68,138.0,136.0,,,-2.0,2.0,1.4705882352941175
GDN0013,TiltUp,17,17,17,6599,6599,6976,6976,6720,6714,6784,6780,760.0,760.0,78.94736842105263,78.94736842105263,64,66,128.0,132.0,,,4.0,4.0,3.0303030303030303
GDN0013,TiltUp,18,18,18,6976,6976,7360,7360,7099,7094,7167,7172,772.0,772.0,77.720207253886,77.720207253886,68,78,136.0,156.0,,,20.0,20.0,12.82051282051282
GDN0013,TiltUp,19,19,19,7360,7360,7747,7747,7486,7480,7550,7553,774.0,774.0,77.51937984496124,77.51937984496124,64,73,128.0,146.0,,,18.0,18.0,12.32876712328767
GDN0013,TiltUp,20,20,20,7747,7747,8134,8134,7873,7868,7944,7934,776.0,776.0,77.31958762886597,77.31958762886597,71,66,142.0,132.0,,,-10.0,10.0,7.575757575757576
GDN0013,TiltUp,21,21,21,8134,8134,8518,8518,8261,8255,8326,8332,764.0,764.0,78.53403141361257,78.53403141361257,65,77,130.0,154.0,,,24.0,24.0,15.584415584415584
GDN0013,TiltUp,22,22,22,8518,8518,8891,8891,8642,8636,8709,8712,736.0,736.0,81.52173913043478,81.52173913043478,67,76,134.0,152.0,,,18.0,18.0,11.842105263157894
GDN0013,TiltUp,23,23,23,8891,8891,9262,9262,9011,9006,9075,9085,744.0,744.0,80.64516129032258,80.64516129032258,64,79,128.0,158.0,,,30.0,30.0,18.9873417721519
GDN0013,TiltUp,24,24,24,9262,9262,9630,9630,9382,9377,9449,9452,732.0,732.0,81.9672131147541,81.9672131147541,67,75,134.0,150.0,,,16.0,16.0,10.666666666666668
GDN0013,TiltUp,25,25,25,9630,9630,9997,9997,9750,9745,9815,9813,736.0,736.0,81.52173913043478,81.52173913043478,65,68,130.0,136.0,,,6.0,6.0,4.411764705882353
GDN0013,TiltUp,26,26,26,9997,9997,10366,10366,10117,10112,10187,10190,740.0,740.0,81.08108108108108,81.08108108108108,70,78,140.0,156.0,,,16.0,16.0,10.256410256410255
GDN0013,TiltUp,27,27,27,10366,10366,10733,10733,10486,10480,10553,10553,730.0,730.0,82.19178082191782,82.19178082191782,67,73,134.0,146.0,,,12.0,12.0,8.21917808219178
GDN0013,TiltUp,28,28,28,10733,10733,11103,11103,10851,10846,10919,10922,746.0,746.0,80.4289544235925,80.4289544235925,68,76,136.0,152.0,,,16.0,16.0,10.526315789473683
GDN0013,TiltUp,29,29,29,11103,11103,11481,11481,11224,11219,11290,11296,760.0,760.0,78.94736842105263,78.94736842105263,66,77,132.0,154.0,,,22.0,22.0,14.285714285714285
GDN0013,TiltUp,30,30,30,11481,11481,11866,11866,11605,11599,11670,11672,774.0,774.0,77.51937984496124,77.51937984496124,65,73,130.0,146.0,,,16.0,16.0,10.95890410958904
GDN0013,TiltUp,31,31,31,11866,11866,12252,12252,11992,11986,12056,12061,772.0,772.0,77.720207253886,77.720207253886,64,75,128.0,150.0,,,22.0,22.0,14.666666666666666
GDN0013,TiltUp,32,32,32,12252,12252,12636,12636,12378,12372,12445,12448,766.0,766.0,78.32898172323759,78.32898172323759,67,76,134.0,152.0,,,18.0,18.0,11.842105263157894
GDN0013,TiltUp,33,33,33,12636,12636,13021,13021,12760,12754,12828,12829,772.0,772.0,77.720207253886,77.720207253886,68,75,136.0,150.0,,,14.0,14.0,9.333333333333334
GDN0013,TiltUp,34,34,34,13021,13021,13410,13410,13147,13142,13214,13212,782.0,782.0,76.72634271099744,76.72634271099744,67,70,134.0,140.0,,,6.0,6.0,4.285714285714286
GDN0013,TiltUp,35,35,35,13410,13410,13800,13800,13538,13533,13605,13612,780.0,780.0,76.92307692307692,76.92307692307692,67,79,134.0,158.0,,,24.0,24.0,15.18987341772152
GDN0013,TiltUp,36,36,36,13800,13800,14185,14185,13927,13922,13995,13996,764.0,764.0,78.53403141361257,78.53403141361257,68,74,136.0,148.0,,,12.0,12.0,8.108108108108109
GDN0013,TiltUp,37,37,37,14185,14185,14568,14568,14309,14303,14376,14364,766.0,766.0,78.32898172323759,78.32898172323759,67,61,134.0,122.0,,,-12.0,12.0,9.836065573770492
GDN0013,TiltUp,38,38,38,14568,14568,14950,14950,14693,14687,14757,14765,764.0,764.0,78.53403141361257,78.53403141361257,64,78,128.0,156.0,,,28.0,28.0,17.94871794871795
GDN0013,TiltUp,39,39,39,14950,14950,15332,15332,15075,15069,15140,15147,764.0,764.0,78.53403141361257,78.53403141361257,65,78,130.0,156.0,,,26.0,26.0,16.666666666666664
GDN0013,TiltUp,40,40,40,15332,15332,15710,15710,15457,15452,15522,15525,750.0,750.0,80.0,80.0,65,73,130.0,146.0,,,16.0,16.0,10.95890410958904
GDN0013,TiltUp,41,41,41,15710,15710,16085,16085,15832,15826,15900,15895,752.0,752.0,79.7872340425532,79.7872340425532,68,69,136.0,138.0,,,2.0,2.0,1.4492753623188406
GDN0013,TiltUp,42,42,42,16085,16085,16461,16461,16208,16202,16272,16271,752.0,752.0,79.7872340425532,79.7872340425532,64,69,128.0,138.0,,,10.0,10.0,7.246376811594203
GDN0013,TiltUp,43,43,43,16461,16461,16838,16838,16584,16578,16655,16651,754.0,754.0,79.57559681697613,79.57559681697613,71,73,142.0,146.0,,,4.0,4.0,2.73972602739726
GDN0013,TiltUp,44,44,44,16838,16838,17214,17214,16961,16955,17026,17034,750.0,750.0,80.0,80.0,65,79,130.0,158.0,,,28.0,28.0,17.72151898734177
GDN0013,TiltUp,45,45,45,17214,17214,17582,17582,17335,17330,17404,17408,728.0,728.0,82.41758241758242,82.41758241758242,69,78,138.0,156.0,,,18.0,18.0,11.538461538461538
GDN0013,TiltUp,46,46,46,17582,17582,17950,17950,17699,17694,17767,17767,742.0,742.0,80.86253369272237,80.86253369272237,68,73,136.0,146.0,,,10.0,10.0,6.8493150684931505
GDN0013,TiltUp,47,47,47,17950,17950,18324,18324,18071,18065,18142,18141,752.0,752.0,79.7872340425532,79.7872340425532,71,76,142.0,152.0,,,10.0,10.0,6.578947368421052
GDN0013,TiltUp,48,48,48,18324,18324,18706,18706,18446,18441,18516,18520,768.0,768.0,78.125,78.125,70,79,140.0,158.0,,,18.0,18.0,11.39240506329114
GDN0013,TiltUp,49,49,49,18706,18706,19086,19086,18830,18825,18896,18895,756.0,756.0,79.36507936507937,79.36507936507937,66,70,132.0,140.0,,,8.0,8.0,5.714285714285714
GDN0013,TiltUp,50,50,50,19086,19086,19463,19463,19208,19202,19275,19269,754.0,754.0,79.57559681697613,79.57559681697613,67,67,134.0,134.0,,,0.0,0.0,0.0
GDN0013,TiltUp,51,51,51,19463,19463,19845,19845,19585,19580,19651,19656,770.0,770.0,77.92207792207792,77.92207792207792,66,76,132.0,152.0,,,20.0,20.0,13.157894736842104
GDN0013,TiltUp,52,52,52,19845,19845,20234,20234,19970,19964,20037,20042,782.0,782.0,76.72634271099744,76.72634271099744,67,78,134.0,156.0,,,22.0,22.0,14.102564102564102
GDN0013,TiltUp,53,53,53,20234,20234,20627,20627,20362,20357,20427,20433,788.0,788.0,76.14213197969544,76.14213197969544,65,76,130.0,152.0,,,22.0,22.0,14.473684210526317
GDN0013,TiltUp,54,54,54,20627,20627,21014,21014,20756,20750,20821,20824,766.0,766.0,78.32898172323759,78.32898172323759,65,74,130.0,148.0,,,18.0,18.0,12.162162162162163
GDN0013,TiltUp,55,55,55,21014,21014,21398,21398,21138,21133,21205,21200,770.0,770.0,77.92207792207792,77.92207792207792,67,67,134.0,134.0,,,0.0,0.0,0.0
GDN0013,TiltUp,56,56,56,21398,21398,21783,21783,21524,21518,21589,21582,770.0,770.0,77.92207792207792,77.92207792207792,65,64,130.0,128.0,,,-2.0,2.0,1.5625
GDN0013,TiltUp,57,57,57,21783,21783,22164,22164,21909,21903,21975,21980,756.0,756.0,79.36507936507937,79.36507936507937,66,77,132.0,154.0,,,22.0,22.0,14.285714285714285
GDN0013,TiltUp,58,58,58,22164,22164,22536,22536,22286,22281,22354,22354,740.0,740.0,81.08108108108108,81.08108108108108,68,73,136.0,146.0,,,10.0,10.0,6.8493150684931505
GDN0013,TiltUp,59,59,59,22536,22536,22905,22905,22656,22650,22720,22724,734.0,734.0,81.74386920980926,81.74386920980926,64,74,128.0,148.0,,,20.0,20.0,13.513513513513514
GDN0013,TiltUp,60,60,60,22905,22905,23269,23269,23024,23019,23090,23089,726.0,726.0,82.64462809917356,82.64462809917356,66,70,132.0,140.0,,,8.0,8.0,5.714285714285714
GDN0013,TiltUp,61,61,61,23269,23269,23629,23629,23387,23382,23452,23454,716.0,716.0,83.79888268156425,83.79888268156425,65,72,130.0,144.0,,,14.0,14.0,9.722222222222223
GDN0013,TiltUp,62,62,62,23629,23629,23980,23980,23745,23740,23812,23812,694.0,694.0,86.45533141210375,86.45533141210375,67,72,134.0,144.0,,,10.0,10.0,6.944444444444445
GDN0013,TiltUp,63,63,63,23980,23980,24333,24333,24092,24086,24158,24161,714.0,714.0,84.03361344537815,84.03361344537815,66,75,132.0,150.0,,,18.0,18.0,12.0
GDN0013,TiltUp,64,64,64,24333,24333,24687,24687,24449,24443,24515,24520,706.0,706.0,84.98583569405099,84.98583569405099,66,77,132.0,154.0,,,22.0,22.0,14.285714285714285
GDN0013,TiltUp,65,65,65,24687,24687,25038,25038,24802,24796,24867,24873,700.0,700.0,85.71428571428572,85.71428571428572,65,77,130.0,154.0,,,24.0,24.0,15.584415584415584
GDN0013,TiltUp,66,66,66,25038,25038,25387,25387,25152,25147,25216,25224,694.0,694.0,86.45533141210375,86.45533141210375,64,77,128.0,154.0,,,26.0,26.0,16.883116883116884
GDN0013,TiltUp,67,67,67,25387,25387,25733,25733,25499,25494,25561,25571,692.0,692.0,86.70520231213874,86.70520231213874,62,77,124.0,154.0,,,30.0,30.0,19.480519480519483
GDN0013,TiltUp,68,68,68,25733,25733,26076,26076,25844,25839,25909,25918,684.0,684.0,87.71929824561403,87.71929824561403,65,79,130.0,158.0,,,28.0,28.0,17.72151898734177
GDN0013,TiltUp,69,69,69,26076,26076,26420,26420,26187,26182,26252,26261,690.0,690.0,86.95652173913044,86.95652173913044,65,79,130.0,158.0,,,28.0,28.0,17.72151898734177
GDN0013,TiltUp,70,70,70,26420,26420,26767,26767,26531,26526,26603,26601,696.0,696.0,86.20689655172414,86.20689655172414,72,75,144.0,150.0,,,6.0,6.0,4.0
GDN0013,TiltUp,71,71,71,26767,26767,27119,27119,26880,26875,26945,26948,708.0,708.0,84.74576271186442,84.74576271186442,65,73,130.0,146.0,,,16.0,16.0,10.95890410958904
GDN0013,TiltUp,72,72,72,27119,27119,27469,27469,27233,27228,27298,27301,694.0,694.0,86.45533141210375,86.45533141210375,65,73,130.0,146.0,,,16.0,16.0,10.95890410958904
GDN0013,TiltUp,73,73,73,27469,27469,27819,27819,27581,27576,27646,27654,704.0,704.0,85.22727272727273,85.22727272727273,65,78,130.0,156.0,,,26.0,26.0,16.666666666666664
GDN0013,TiltUp,74,74,74,27819,27819,28175,28175,27933,27928,27996,28005,718.0,718.0,83.56545961002786,83.56545961002786,63,77,126.0,154.0,,,28.0,28.0,18.181818181818183
GDN0013,TiltUp,75,75,75,28175,28175,28535,28535,28293,28287,28357,28363,720.0,720.0,83.33333333333334,83.33333333333334,64,76,128.0,152.0,,,24.0,24.0,15.789473684210526
GDN0013,TiltUp,76,76,76,28535,28535,28896,28896,28652,28647,28726,28722,724.0,724.0,82.87292817679558,82.87292817679558,74,75,148.0,150.0,,,2.0,2.0,1.3333333333333335
GDN0013,TiltUp,77,77,77,28896,28896,29256,29256,29014,29009,29078,29084,718.0,718.0,83.56545961002786,83.56545961002786,64,75,128.0,150.0,,,22.0,22.0,14.666666666666666
GDN0013,TiltUp,78,78,78,29256,29256,29614,29614,29373,29368,29438,29444,714.0,714.0,84.03361344537815,84.03361344537815,65,76,130.0,152.0,,,22.0,22.0,14.473684210526317
GDN0013,TiltUp,79,79,79,29614,29614,29971,29971,29729,29724,29793,29803,,,,,64,79,128.0,158.0,,,30.0,30.0,18.9873417721519
GDN0013,TiltLevel,0,0,0,447,447,913,913,599,594,661,661,932.0,932.0,64.37768240343347,64.37768240343347,62,67,124.0,134.0,,,10.0,10.0,7.462686567164178
GDN0013,TiltLevel,1,1,1,913,913,1378,1378,1065,1060,1129,1123,930.0,930.0,64.51612903225806,64.51612903225806,64,63,128.0,126.0,,,-2.0,2.0,1.5873015873015872
GDN0013,TiltLevel,2,2,2,1378,1378,1839,1839,1530,1524,1594,1590,918.0,918.0,65.359477124183,65.359477124183,64,66,128.0,132.0,,,4.0,4.0,3.0303030303030303
GDN0013,TiltLevel,3,3,3,1839,1839,2296,2296,1990,1984,2054,2061,910.0,910.0,65.93406593406593,65.93406593406593,64,77,128.0,154.0,,,26.0,26.0,16.883116883116884
GDN0013,TiltLevel,4,4,4,2296,2296,2736,2736,2444,2439,2508,2515,866.0,866.0,69.28406466512702,69.28406466512702,64,76,128.0,152.0,,,24.0,24.0,15.789473684210526
GDN0013,TiltLevel,5,5,5,2736,2736,3177,3177,2878,2872,2944,2948,890.0,890.0,67.41573033707866,67.41573033707866,66,76,132.0,152.0,,,20.0,20.0,13.157894736842104
GDN0013,TiltLevel,6,6,6,3177,3177,3631,3631,3322,3317,3386,3387,918.0,918.0,65.359477124183,65.359477124183,64,70,128.0,140.0,,,12.0,12.0,8.571428571428571
GDN0013,TiltLevel,7,7,7,3631,3631,4092,4092,3781,3775,3843,3837,924.0,924.0,64.93506493506493,64.93506493506493,62,62,124.0,124.0,,,0.0,0.0,0.0
GDN0013,TiltLevel,8,8,8,4092,4092,4555,4555,4243,4237,4305,4299,926.0,926.0,64.79481641468682,64.79481641468682,62,62,124.0,124.0,,,0.0,0.0,0.0
GDN0013,TiltLevel,9,9,9,4555,4555,5004,5004,4706,4701,4772,4775,882.0,882.0,68.02721088435374,68.02721088435374,66,74,132.0,148.0,,,16.0,16.0,10.81081081081081
GDN0013,TiltLevel,10,10,10,5004,5004,5447,5447,5148,5142,5211,5220,890.0,890.0,67.41573033707866,67.41573033707866,63,78,126.0,156.0,,,30.0,30.0,19.230769230769234
GDN0013,TiltLevel,11,11,11,5447,5447,5905,5905,5592,5587,5657,5657,930.0,930.0,64.51612903225806,64.51612903225806,65,70,130.0,140.0,,,10.0,10.0,7.142857142857142
GDN0013,TiltLevel,12,12,12,5905,5905,6372,6372,6057,6051,6120,6121,936.0,936.0,64.1025641025641,64.1025641025641,63,70,126.0,140.0,,,14.0,14.0,10.0
GDN0013,TiltLevel,13,13,13,6372,6372,6833,6833,6525,6520,6592,6590,914.0,914.0,65.64551422319475,65.64551422319475,67,70,134.0,140.0,,,6.0,6.0,4.285714285714286
GDN0013,TiltLevel,14,14,14,6833,6833,7275,7275,6982,6977,7048,7048,868.0,868.0,69.12442396313364,69.12442396313364,66,71,132.0,142.0,,,10.0,10.0,7.042253521126761
GDN0013,TiltLevel,15,15,15,7275,7275,7708,7708,7417,7411,7484,7484,864.0,864.0,69.44444444444444,69.44444444444444,67,73,134.0,146.0,,,12.0,12.0,8.21917808219178
GDN0013,TiltLevel,16,16,16,7708,7708,8159,8159,7849,7843,7913,7910,924.0,924.0,64.93506493506493,64.93506493506493,64,67,128.0,134.0,,,6.0,6.0,4.477611940298507
GDN0013,TiltLevel,17,17,17,8159,8159,8627,8627,8310,8305,8375,8372,942.0,942.0,63.69426751592357,63.69426751592357,65,67,130.0,134.0,,,4.0,4.0,2.9850746268656714
GDN0013,TiltLevel,18,18,18,8627,8627,9099,9099,8782,8776,8845,8837,944.0,944.0,63.55932203389831,63.55932203389831,63,61,126.0,122.0,,,-4.0,4.0,3.278688524590164
GDN0013,TiltLevel,19,19,19,9099,9099,9557,9557,9254,9248,9315,9317,902.0,902.0,66.51884700665188,66.51884700665188,61,69,122.0,138.0,,,16.0,16.0,11.594202898550725
GDN0013,TiltLevel,20,20,20,9557,9557,9999,9999,9705,9699,9770,9771,874.0,874.0,68.64988558352402,68.64988558352402,65,72,130.0,144.0,,,14.0,14.0,9.722222222222223
GDN0013,TiltLevel,21,21,21,9999,9999,10454,10454,10142,10136,10207,10214,930.0,930.0,64.51612903225806,64.51612903225806,65,78,130.0,156.0,,,26.0,26.0,16.666666666666664
GDN0013,TiltLevel,22,22,22,10454,10454,10925,10925,10606,10601,10670,10666,948.0,948.0,63.29113924050633,63.29113924050633,64,65,128.0,130.0,,,2.0,2.0,1.5384615384615385
GDN0013,TiltLevel,23,23,23,10925,10925,11401,11401,11080,11074,11143,11153,954.0,954.0,62.89308176100629,62.89308176100629,63,79,126.0,158.0,,,32.0,32.0,20.253164556962027
GDN0013,TiltLevel,24,24,24,11401,11401,11870,11870,11557,11552,11618,11626,930.0,930.0,64.51612903225806,64.51612903225806,61,74,122.0,148.0,,,26.0,26.0,17.56756756756757
GDN0013,TiltLevel,25,25,25,11870,11870,12329,12329,12022,12017,12084,12088,912.0,912.0,65.78947368421052,65.78947368421052,62,71,124.0,142.0,,,18.0,18.0,12.676056338028168
GDN0013,TiltLevel,26,26,26,12329,12329,12800,12800,12478,12472,12543,12544,958.0,958.0,62.63048016701462,62.63048016701462,65,72,130.0,144.0,,,14.0,14.0,9.722222222222223
GDN0013,TiltLevel,27,27,27,12800,12800,13279,13279,12957,12952,13020,13015,958.0,958.0,62.63048016701462,62.63048016701462,63,63,126.0,126.0,,,0.0,0.0,0.0
GDN0013,TiltLevel,28,28,28,13279,13279,13758,13758,13436,13431,13498,13493,956.0,956.0,62.761506276150634,62.761506276150634,62,62,124.0,124.0,,,0.0,0.0,0.0
GDN0013,TiltLevel,29,29,29,13758,13758,14237,14237,13915,13909,13978,13986,960.0,960.0,62.5,62.5,63,77,126.0,154.0,,,28.0,28.0,18.181818181818183
GDN0013,TiltLevel,30,30,30,14237,14237,14714,14714,14394,14388,14457,14449,950.0,950.0,63.15789473684211,63.15789473684211,63,61,126.0,122.0,,,-4.0,4.0,3.278688524590164
GDN0013,TiltLevel,31,31,31,14714,14714,15177,15177,14870,14864,14936,14940,914.0,914.0,65.64551422319475,65.64551422319475,66,76,132.0,152.0,,,20.0,20.0,13.157894736842104
GDN0013,TiltLevel,32,32,32,15177,15177,15640,15640,15326,15321,15394,15395,932.0,932.0,64.37768240343347,64.37768240343347,68,74,136.0,148.0,,,12.0,12.0,8.108108108108109
GDN0013,TiltLevel,33,33,33,15640,15640,16103,16103,15793,15787,15856,15855,924.0,924.0,64.93506493506493,64.93506493506493,63,68,126.0,136.0,,,10.0,10.0,7.352941176470589
GDN0013,TiltLevel,34,34,34,16103,16103,16565,16565,16254,16248,16320,16321,922.0,922.0,65.0759219088937,65.0759219088937,66,73,132.0,146.0,,,14.0,14.0,9.58904109589041
GDN0013,TiltLevel,35,35,35,16565,16565,17028,17028,16716,16710,16778,16777,930.0,930.0,64.51612903225806,64.51612903225806,62,67,124.0,134.0,,,10.0,10.0,7.462686567164178
GDN0013,TiltLevel,36,36,36,17028,17028,17495,17495,17180,17175,17247,17245,936.0,936.0,64.1025641025641,64.1025641025641,67,70,134.0,140.0,,,6.0,6.0,4.285714285714286
GDN0013,TiltLevel,37,37,37,17495,17495,17948,17948,17648,17642,17711,17711,888.0,888.0,67.56756756756756,67.56756756756756,63,69,126.0,138.0,,,12.0,12.0,8.695652173913043
GDN0013,TiltLevel,38,38,38,17948,17948,18381,18381,18092,18087,18158,18159,856.0,856.0,70.09345794392523,70.09345794392523,66,72,132.0,144.0,,,12.0,12.0,8.333333333333332
GDN0013,TiltLevel,39,39,39,18381,18381,18821,18821,18520,18515,18585,18581,892.0,892.0,67.26457399103138,67.26457399103138,65,66,130.0,132.0,,,2.0,2.0,1.5151515151515151
GDN0013,TiltLevel,40,40,40,18821,18821,19273,19273,18966,18960,19035,19034,912.0,912.0,65.78947368421052,65.78947368421052,69,74,138.0,148.0,,,10.0,10.0,6.756756756756757
GDN0013,TiltLevel,41,41,41,19273,19273,19738,19738,19423,19417,19486,19501,938.0,938.0,63.965884861407254,63.965884861407254,63,84,126.0,168.0,,,42.0,42.0,25.0
GDN0013,TiltLevel,42,42,42,19738,19738,20206,20206,19891,19886,19953,19965,934.0,934.0,64.23982869379014,64.23982869379014,62,79,124.0,158.0,,,34.0,34.0,21.518987341772153
GDN0013,TiltLevel,43,43,43,20206,20206,20657,20657,20358,20353,20422,20434,886.0,886.0,67.72009029345372,67.72009029345372,64,81,128.0,162.0,,,34.0,34.0,20.98765432098765
GDN0013,TiltLevel,44,44,44,20657,20657,21098,21098,20802,20796,20866,20873,880.0,880.0,68.18181818181819,68.18181818181819,64,77,128.0,154.0,,,26.0,26.0,16.883116883116884
GDN0013,TiltLevel,45,45,45,21098,21098,21558,21558,21242,21236,21306,21311,940.0,940.0,63.829787234042556,63.829787234042556,64,75,128.0,150.0,,,22.0,22.0,14.666666666666666
GDN0013,TiltLevel,46,46,46,21558,21558,22035,22035,21711,21706,21774,21770,962.0,962.0,62.37006237006237,62.37006237006237,63,64,126.0,128.0,,,2.0,2.0,1.5625
GDN0013,TiltLevel,47,47,47,22035,22035,22520,22520,22192,22187,22255,22255,974.0,974.0,61.601642710472284,61.601642710472284,63,68,126.0,136.0,,,10.0,10.0,7.352941176470589
GDN0013,TiltLevel,48,48,48,22520,22520,23008,23008,22679,22674,22750,22745,978.0,978.0,61.34969325153374,61.34969325153374,71,71,142.0,142.0,,,0.0,0.0,0.0
GDN0013,TiltLevel,49,49,49,23008,23008,23500,23500,23169,23163,23232,23225,988.0,988.0,60.72874493927126,60.72874493927126,63,62,126.0,124.0,,,-2.0,2.0,1.6129032258064515
GDN0013,TiltLevel,50,50,50,23500,23500,23981,23981,23662,23657,23731,23725,948.0,948.0,63.29113924050633,63.29113924050633,69,68,138.0,136.0,,,-2.0,2.0,1.4705882352941175
GDN0013,TiltLevel,51,51,51,23981,23981,24455,24455,24136,24130,24200,24205,948.0,948.0,63.29113924050633,63.29113924050633,64,75,128.0,150.0,,,22.0,22.0,14.666666666666666
GDN0013,TiltLevel,52,52,52,24455,24455,24926,24926,24610,24605,24676,24672,940.0,940.0,63.829787234042556,63.829787234042556,66,67,132.0,134.0,,,2.0,2.0,1.4925373134328357
GDN0013,TiltLevel,53,53,53,24926,24926,25395,25395,25081,25075,25147,25137,934.0,934.0,64.23982869379014,64.23982869379014,66,62,132.0,124.0,,,-8.0,8.0,6.451612903225806
GDN0013,TiltLevel,54,54,54,25395,25395,25862,25862,25548,25542,25615,25613,934.0,934.0,64.23982869379014,64.23982869379014,67,71,134.0,142.0,,,8.0,8.0,5.633802816901409
GDN0013,TiltLevel,55,55,55,25862,25862,26328,26328,26014,26008,26081,26074,932.0,932.0,64.37768240343347,64.37768240343347,67,66,134.0,132.0,,,-2.0,2.0,1.5151515151515151
GDN0013,TiltLevel,56,56,56,26328,26328,26794,26794,26480,26474,26546,26545,932.0,932.0,64.37768240343347,64.37768240343347,66,71,132.0,142.0,,,10.0,10.0,7.042253521126761
GDN0013,TiltLevel,57,57,57,26794,26794,27259,27259,26946,26941,27012,27018,930.0,930.0,64.51612903225806,64.51612903225806,66,77,132.0,154.0,,,22.0,22.0,14.285714285714285
GDN0013,TiltLevel,58,58,58,27259,27259,27724,27724,27411,27406,27480,27480,928.0,928.0,64.6551724137931,64.6551724137931,69,74,138.0,148.0,,,10.0,10.0,6.756756756756757
GDN0013,TiltLevel,59,59,59,27724,27724,28187,28187,27876,27870,27944,27934,926.0,926.0,64.79481641468682,64.79481641468682,68,64,136.0,128.0,,,-8.0,8.0,6.25
GDN0013,TiltLevel,60,60,60,28187,28187,28640,28640,28338,28332,28408,28408,894.0,894.0,67.11409395973155,67.11409395973155,70,76,140.0,152.0,,,12.0,12.0,7.894736842105263
GDN0013,TiltLevel,61,61,61,28640,28640,29087,29087,28786,28781,28852,28863,894.0,894.0,67.11409395973155,67.11409395973155,66,82,132.0,164.0,,,32.0,32.0,19.51219512195122
GDN0013,TiltLevel,62,62,62,29087,29087,29544,29544,29233,29227,29297,29294,926.0,926.0,64.79481641468682,64.79481641468682,64,67,128.0,134.0,,,6.0,6.0,4.477611940298507
GDN0014,Pause,0,0,0,127,127,520,520,254,249,311,306,786.0,786.0,76.33587786259541,76.33587786259541,57,57,114.0,114.0,,,0.0,0.0,0.0
GDN0014,Pause,1,1,1,520,520,917,917,647,642,705,678,798.0,798.0,75.18796992481202,75.18796992481202,58,36,116.0,72.0,,,-44.0,44.0,61.111111111111114
GDN0014,Pause,2,2,2,917,917,1309,1309,1046,1041,1105,1106,774.0,774.0,77.51937984496124,77.51937984496124,59,65,118.0,130.0,,,12.0,12.0,9.230769230769232
GDN0014,Pause,3,3,3,1309,1309,1690,1690,1433,1428,1490,1498,758.0,758.0,79.15567282321899,79.15567282321899,57,70,114.0,140.0,,,26.0,26.0,18.571428571428573
GDN0014,Pause,4,4,4,1690,1690,2069,2069,1812,1807,1869,1870,758.0,758.0,79.15567282321899,79.15567282321899,57,63,114.0,126.0,,,12.0,12.0,9.523809523809524
GDN0014,Pause,5,5,5,2069,2069,2463,2463,2191,2187,2247,2225,802.0,802.0,74.81296758104737,74.81296758104737,56,38,112.0,76.0,,,-36.0,36.0,47.368421052631575
GDN0014,Pause,6,6,6,2463,2463,2864,2864,2592,2587,2649,2639,802.0,802.0,74.81296758104737,74.81296758104737,57,52,114.0,104.0,,,-10.0,10.0,9.615384615384617
GDN0014,Pause,7,7,7,2864,2864,3264,3264,2992,2988,3048,3032,800.0,800.0,75.0,75.0,56,44,112.0,88.0,,,-24.0,24.0,27.27272727272727
GDN0014,Pause,8,8,8,3264,3264,3652,3652,3392,3388,3451,3458,764.0,764.0,78.53403141361257,78.53403141361257,59,70,118.0,140.0,,,22.0,22.0,15.714285714285714
GDN0014,Pause,9,9,9,3652,3652,4041,4041,3774,3770,3837,3838,786.0,786.0,76.33587786259541,76.33587786259541,63,68,126.0,136.0,,,10.0,10.0,7.352941176470589
GDN0014,Pause,10,10,10,4041,4041,4425,4425,4167,4163,4225,4206,756.0,756.0,79.36507936507937,79.36507936507937,58,43,116.0,86.0,,,-30.0,30.0,34.883720930232556
GDN0014,Pause,11,11,11,4425,4425,4798,4798,4546,4541,4607,4608,742.0,742.0,80.86253369272237,80.86253369272237,61,67,122.0,134.0,,,12.0,12.0,8.955223880597014
GDN0014,Pause,12,12,12,4798,4798,5176,5176,4917,4912,4974,4958,762.0,762.0,78.74015748031496,78.74015748031496,57,46,114.0,92.0,,,-22.0,22.0,23.91304347826087
GDN0014,Pause,13,13,13,5176,5176,5557,5557,5297,5293,5358,5331,764.0,764.0,78.53403141361257,78.53403141361257,61,38,122.0,76.0,,,-46.0,46.0,60.526315789473685
GDN0014,Pause,14,14,14,5557,5557,5927,5927,5680,5675,5740,5748,726.0,726.0,82.64462809917356,82.64462809917356,60,73,120.0,146.0,,,26.0,26.0,17.80821917808219
GDN0014,Pause,15,15,15,5927,5927,6291,6291,6043,6038,6101,6092,730.0,730.0,82.19178082191782,82.19178082191782,58,54,116.0,108.0,,,-8.0,8.0,7.4074074074074066
GDN0014,Pause,16,16,16,6291,6291,6658,6658,6408,6403,6465,6469,736.0,736.0,81.52173913043478,81.52173913043478,57,66,114.0,132.0,,,18.0,18.0,13.636363636363635
GDN0014,Pause,17,17,17,6658,6658,7031,7031,6776,6771,6833,6841,750.0,750.0,80.0,80.0,57,70,114.0,140.0,,,26.0,26.0,18.571428571428573
GDN0014,Pause,18,18,18,7031,7031,7412,7412,7150,7146,7210,7197,770.0,770.0,77.92207792207792,77.92207792207792,60,51,120.0,102.0,,,-18.0,18.0,17.647058823529413
GDN0014,Pause,19,19,19,7412,7412,7789,7789,7536,7531,7595,7569,744.0,744.0,80.64516129032258,80.64516129032258,59,38,118.0,76.0,,,-42.0,42.0,55.26315789473685
GDN0014,Pause,20,20,20,7789,7789,8160,8160,7908,7903,7966,7966,740.0,740.0,81.08108108108108,81.08108108108108,58,63,116.0,126.0,,,10.0,10.0,7.936507936507936
GDN0014,Pause,21,21,21,8160,8160,8528,8528,8278,8273,8335,8333,736.0,736.0,81.52173913043478,81.52173913043478,57,60,114.0,120.0,,,6.0,6.0,5.0
GDN0014,Pause,22,22,22,8528,8528,8884,8884,8646,8641,8702,8682,700.0,700.0,85.71428571428572,85.71428571428572,56,41,112.0,82.0,,,-30.0,30.0,36.58536585365854
GDN0014,Pause,23,23,23,8884,8884,9244,9244,8995,8991,9055,9052,728.0,728.0,82.41758241758242,82.41758241758242,60,61,120.0,122.0,,,2.0,2.0,1.639344262295082
GDN0014,Pause,25,25,25,9619,9619,9995,9995,9742,9737,9801,9793,744.0,744.0,80.64516129032258,80.64516129032258,59,56,118.0,112.0,,,-6.0,6.0,5.357142857142857
GDN0014,Pause,26,26,26,9995,9995,10375,10375,10114,10110,10170,10163,768.0,768.0,78.125,78.125,56,53,112.0,106.0,,,-6.0,6.0,5.660377358490567
GDN0014,Pause,27,27,27,10375,10375,10753,10753,10498,10494,10556,10565,750.0,750.0,80.0,80.0,58,71,116.0,142.0,,,26.0,26.0,18.30985915492958
GDN0014,Pause,29,29,29,11132,11132,11516,11516,11254,11250,11312,11310,770.0,770.0,77.92207792207792,77.92207792207792,58,60,116.0,120.0,,,4.0,4.0,3.3333333333333335
GDN0014,Pause,30,30,30,11516,11516,11904,11904,11640,11635,11698,11687,780.0,780.0,76.92307692307692,76.92307692307692,58,52,116.0,104.0,,,-12.0,12.0,11.538461538461538
GDN0014,Pause,31,31,31,11904,11904,12289,12289,12030,12025,12089,12094,764.0,764.0,78.53403141361257,78.53403141361257,59,69,118.0,138.0,,,20.0,20.0,14.492753623188406
GDN0014,Pause,32,32,32,12289,12289,12671,12671,12412,12407,12470,12471,762.0,762.0,78.74015748031496,78.74015748031496,58,64,116.0,128.0,,,12.0,12.0,9.375
GDN0014,Pause,33,33,33,12671,12671,13058,13058,12792,12788,12850,12838,780.0,780.0,76.92307692307692,76.92307692307692,58,50,116.0,100.0,,,-16.0,16.0,16.0
GDN0014,Pause,34,34,34,13058,13058,13453,13453,13183,13178,13244,13220,798.0,798.0,75.18796992481202,75.18796992481202,61,42,122.0,84.0,,,-38.0,38.0,45.23809523809524
GDN0014,Pause,35,35,35,13453,13453,13849,13849,13582,13577,13640,13621,788.0,788.0,76.14213197969544,76.14213197969544,58,44,116.0,88.0,,,-28.0,28.0,31.818181818181817
GDN0014,Pause,36,36,36,13849,13849,14239,14239,13976,13971,14035,14042,774.0,774.0,77.51937984496124,77.51937984496124,59,71,118.0,142.0,,,24.0,24.0,16.901408450704224
GDN0014,Pause,37,37,37,14239,14239,14635,14635,14362,14358,14422,14403,804.0,804.0,74.62686567164178,74.62686567164178,60,45,120.0,90.0,,,-30.0,30.0,33.33333333333333
GDN0014,Pause,38,38,38,14635,14635,15042,15042,14764,14760,14822,14809,820.0,820.0,73.17073170731707,73.17073170731707,58,49,116.0,98.0,,,-18.0,18.0,18.367346938775512
GDN0014,Pause,39,39,39,15042,15042,15456,15456,15174,15170,15234,15214,830.0,830.0,72.28915662650603,72.28915662650603,60,44,120.0,88.0,,,-32.0,32.0,36.36363636363637
GDN0014,Pause,40,40,40,15456,15456,15859,15859,15589,15585,15648,15651,794.0,794.0,75.56675062972292,75.56675062972292,59,66,118.0,132.0,,,14.0,14.0,10.606060606060606
GDN0014,Pause,41,41,41,15859,15859,16257,16257,15987,15982,16046,16045,798.0,798.0,75.18796992481202,75.18796992481202,59,63,118.0,126.0,,,8.0,8.0,6.349206349206349
GDN0014,Pause,42,42,42,16257,16257,16659,16659,16386,16381,16444,16426,806.0,806.0,74.44168734491315,74.44168734491315,58,45,116.0,90.0,,,-26.0,26.0,28.888888888888886
GDN0014,Pause,43,43,43,16659,16659,17058,17058,16789,16784,16847,16837,794.0,794.0,75.56675062972292,75.56675062972292,58,53,116.0,106.0,,,-10.0,10.0,9.433962264150944
GDN0014,Pause,44,44,44,17058,17058,17454,17454,17185,17181,17243,17231,792.0,792.0,75.75757575757575,75.75757575757575,58,50,116.0,100.0,,,-16.0,16.0,16.0
GDN0014,Pause,45,45,45,17454,17454,17851,17851,17582,17577,17641,17631,794.0,794.0,75.56675062972292,75.56675062972292,59,54,118.0,108.0,,,-10.0,10.0,9.25925925925926
GDN0014,Pause,46,46,46,17851,17851,18241,18241,17979,17975,18039,18022,772.0,772.0,77.720207253886,77.720207253886,60,47,120.0,94.0,,,-26.0,26.0,27.659574468085108
GDN0014,Pause,47,47,47,18241,18241,18625,18625,18365,18361,18423,18429,766.0,766.0,78.32898172323759,78.32898172323759,58,68,116.0,136.0,,,20.0,20.0,14.705882352941178
GDN0014,Pause,48,48,48,18625,18625,19013,19013,18748,18743,18807,18806,782.0,782.0,76.72634271099744,76.72634271099744,59,63,118.0,126.0,,,8.0,8.0,6.349206349206349
GDN0014,Pause,49,49,49,19013,19013,19400,19400,19139,19135,19196,19182,768.0,768.0,78.125,78.125,57,47,114.0,94.0,,,-20.0,20.0,21.27659574468085
GDN0014,Pause,51,51,51,19784,19784,20166,20166,19907,19902,19966,19974,764.0,764.0,78.53403141361257,78.53403141361257,59,72,118.0,144.0,,,26.0,26.0,18.055555555555554
GDN0014,Pause,52,52,52,20166,20166,20542,20542,20289,20284,20348,20350,744.0,744.0,80.64516129032258,80.64516129032258,59,66,118.0,132.0,,,14.0,14.0,10.606060606060606
GDN0014,Pause,54,54,54,20918,20918,21282,21282,21039,21034,21100,21082,714.0,714.0,84.03361344537815,84.03361344537815,61,48,122.0,96.0,,,-26.0,26.0,27.083333333333332
GDN0014,Pause,55,55,55,21282,21282,21638,21638,21396,21391,21454,21455,710.0,710.0,84.50704225352113,84.50704225352113,58,64,116.0,128.0,,,12.0,12.0,9.375
GDN0014,Pause,56,56,56,21638,21638,21995,21995,21750,21746,21809,21782,718.0,718.0,83.56545961002786,83.56545961002786,59,36,118.0,72.0,,,-46.0,46.0,63.888888888888886
GDN0014,Pause,58,58,58,22359,22359,22731,22731,22476,22471,22534,22522,752.0,752.0,79.7872340425532,79.7872340425532,58,51,116.0,102.0,,,-14.0,14.0,13.725490196078432
GDN0014,Pause,60,60,60,23107,23107,23486,23486,23228,23223,23286,23296,760.0,760.0,78.94736842105263,78.94736842105263,58,73,116.0,146.0,,,30.0,30.0,20.54794520547945
GDN0014,Pause,61,61,61,23486,23486,23863,23863,23608,23603,23666,23664,750.0,750.0,80.0,80.0,58,61,116.0,122.0,,,6.0,6.0,4.918032786885246
GDN0014,Pause,62,62,62,23863,23863,24245,24245,23982,23978,24040,24021,772.0,772.0,77.720207253886,77.720207253886,58,43,116.0,86.0,,,-30.0,30.0,34.883720930232556
GDN0014,Pause,63,63,63,24245,24245,24631,24631,24369,24364,24426,24403,772.0,772.0,77.720207253886,77.720207253886,57,39,114.0,78.0,,,-36.0,36.0,46.15384615384615
GDN0014,Pause,65,65,65,25017,25017,25396,25396,25141,25136,25199,25176,752.0,752.0,79.7872340425532,79.7872340425532,58,40,116.0,80.0,,,-36.0,36.0,45.0
GDN0014,Pause,66,66,66,25396,25396,25774,25774,25517,25512,25575,25579,758.0,758.0,79.15567282321899,79.15567282321899,58,67,116.0,134.0,,,18.0,18.0,13.432835820895523
GDN0014,Pause,67,67,67,25774,25774,26159,26159,25896,25891,25953,25928,774.0,774.0,77.51937984496124,77.51937984496124,57,37,114.0,74.0,,,-40.0,40.0,54.054054054054056
GDN0014,Pause,68,68,68,26159,26159,26546,26546,26283,26278,26339,26322,776.0,776.0,77.31958762886597,77.31958762886597,56,44,112.0,88.0,,,-24.0,24.0,27.27272727272727
GDN0014,Pause,69,69,69,26546,26546,26933,26933,26671,26667,26730,26709,772.0,772.0,77.720207253886,77.720207253886,59,42,118.0,84.0,,,-34.0,34.0,40.476190476190474
GDN0014,Pause,70,70,70,26933,26933,27316,27316,27057,27053,27117,27116,764.0,764.0,78.53403141361257,78.53403141361257,60,63,120.0,126.0,,,6.0,6.0,4.761904761904762
GDN0014,Pause,71,71,71,27316,27316,27693,27693,27438,27434,27501,27483,748.0,748.0,80.21390374331551,80.21390374331551,63,49,126.0,98.0,,,-28.0,28.0,28.57142857142857
GDN0014,Pause,72,72,72,27693,27693,28061,28061,27813,27808,27874,27877,730.0,730.0,82.19178082191782,82.19178082191782,61,69,122.0,138.0,,,16.0,16.0,11.594202898550725
GDN0014,Pause,73,73,73,28061,28061,28422,28422,28178,28173,28235,28243,718.0,718.0,83.56545961002786,83.56545961002786,57,70,114.0,140.0,,,26.0,26.0,18.571428571428573
GDN0014,Pause,74,74,74,28422,28422,28788,28788,28537,28533,28598,28591,740.0,740.0,81.08108108108108,81.08108108108108,61,58,122.0,116.0,,,-6.0,6.0,5.172413793103448
GDN0014,Pause,75,75,75,28788,28788,29159,29159,28907,28902,28968,28960,742.0,742.0,80.86253369272237,80.86253369272237,61,58,122.0,116.0,,,-6.0,6.0,5.172413793103448
GDN0014,Pause,76,76,76,29159,29159,29531,29531,29278,29273,29339,29340,744.0,744.0,80.64516129032258,80.64516129032258,61,67,122.0,134.0,,,12.0,12.0,8.955223880597014
GDN0014,Pause,77,77,77,29531,29531,29903,29903,29650,29645,29706,29706,,,,,56,61,112.0,122.0,,,10.0,10.0,8.19672131147541
GDN0014,Valsalva,0,0,0,40,40,415,415,160,155,218,223,750.0,750.0,80.0,80.0,58,68,116.0,136.0,,,20.0,20.0,14.705882352941178
GDN0014,Valsalva,1,1,1,415,415,785,785,534,530,592,595,736.0,736.0,81.52173913043478,81.52173913043478,58,65,116.0,130.0,,,14.0,14.0,10.76923076923077
GDN0014,Valsalva,3,3,3,1154,1154,1509,1509,1272,1267,1330,1302,694.0,694.0,86.45533141210375,86.45533141210375,58,35,116.0,70.0,,,-46.0,46.0,65.71428571428571
GDN0014,Valsalva,4,4,4,1509,1509,1848,1848,1619,1614,1678,1682,670.0,670.0,89.55223880597015,89.55223880597015,59,68,118.0,136.0,,,18.0,18.0,13.23529411764706
GDN0014,Valsalva,5,5,5,1848,1848,2189,2189,1953,1949,2013,2006,690.0,690.0,86.95652173913044,86.95652173913044,60,57,120.0,114.0,,,-6.0,6.0,5.263157894736842
GDN0014,Valsalva,6,6,6,2189,2189,2541,2541,2299,2294,2355,2355,710.0,710.0,84.50704225352113,84.50704225352113,56,61,112.0,122.0,,,10.0,10.0,8.19672131147541
GDN0014,Valsalva,7,7,7,2541,2541,2900,2900,2654,2649,2712,2700,722.0,722.0,83.10249307479225,83.10249307479225,58,51,116.0,102.0,,,-14.0,14.0,13.725490196078432
GDN0014,Valsalva,8,8,8,2900,2900,3263,3263,3015,3010,3072,3077,728.0,728.0,82.41758241758242,82.41758241758242,57,67,114.0,134.0,,,20.0,20.0,14.925373134328357
GDN0014,Valsalva,9,9,9,3263,3263,3629,3629,3379,3374,3435,3417,734.0,734.0,81.74386920980926,81.74386920980926,56,43,112.0,86.0,,,-26.0,26.0,30.23255813953488
GDN0014,Valsalva,10,10,10,3629,3629,3998,3998,3746,3741,3805,3788,742.0,742.0,80.86253369272237,80.86253369272237,59,47,118.0,94.0,,,-24.0,24.0,25.53191489361702
GDN0014,Valsalva,11,11,11,3998,3998,4375,4375,4117,4112,4178,4154,760.0,760.0,78.94736842105263,78.94736842105263,61,42,122.0,84.0,,,-38.0,38.0,45.23809523809524
GDN0014,Valsalva,12,12,12,4375,4375,4759,4759,4497,4492,4555,4543,772.0,772.0,77.720207253886,77.720207253886,58,51,116.0,102.0,,,-14.0,14.0,13.725490196078432
GDN0014,Valsalva,13,13,13,4759,4759,5136,5136,4883,4878,4940,4919,744.0,744.0,80.64516129032258,80.64516129032258,57,41,114.0,82.0,,,-32.0,32.0,39.02439024390244
GDN0014,Valsalva,14,14,14,5136,5136,5501,5501,5255,5250,5312,5317,722.0,722.0,83.10249307479225,83.10249307479225,57,67,114.0,134.0,,,20.0,20.0,14.925373134328357
GDN0014,Valsalva,16,16,16,5859,5859,6219,6219,5973,5969,6031,6009,722.0,722.0,83.10249307479225,83.10249307479225,58,40,116.0,80.0,,,-36.0,36.0,45.0
GDN0014,Valsalva,18,18,18,6584,6584,6947,6947,6701,6696,6758,6752,722.0,722.0,83.10249307479225,83.10249307479225,57,56,114.0,112.0,,,-2.0,2.0,1.7857142857142856
GDN0014,Valsalva,19,19,19,6947,6947,7307,7307,7062,7057,7121,7103,720.0,720.0,83.33333333333334,83.33333333333334,59,46,118.0,92.0,,,-26.0,26.0,28.26086956521739
GDN0014,Valsalva,21,21,21,7664,7664,8016,8016,7777,7773,7835,7837,700.0,700.0,85.71428571428572,85.71428571428572,58,64,116.0,128.0,,,12.0,12.0,9.375
GDN0014,Valsalva,22,22,22,8016,8016,8370,8370,8128,8123,8186,8178,710.0,710.0,84.50704225352113,84.50704225352113,58,55,116.0,110.0,,,-6.0,6.0,5.454545454545454
GDN0014,Valsalva,23,23,23,8370,8370,8725,8725,8483,8478,8540,8525,712.0,712.0,84.26966292134831,84.26966292134831,57,47,114.0,94.0,,,-20.0,20.0,21.27659574468085
GDN0014,Valsalva,24,24,24,8725,8725,9089,9089,8839,8835,8897,8872,734.0,734.0,81.74386920980926,81.74386920980926,58,37,116.0,74.0,,,-42.0,42.0,56.75675675675676
GDN0014,Valsalva,25,25,25,9089,9089,9464,9464,9205,9201,9263,9238,760.0,760.0,78.94736842105263,78.94736842105263,58,37,116.0,74.0,,,-42.0,42.0,56.75675675675676
GDN0014,Valsalva,26,26,26,9464,9464,9849,9849,9585,9581,9644,9602,776.0,776.0,77.31958762886597,77.31958762886597,59,21,118.0,42.0,,,-76.0,76.0,180.95238095238096
GDN0014,Valsalva,27,27,27,9849,9849,10240,10240,9974,9969,10032,10012,784.0,784.0,76.53061224489795,76.53061224489795,58,43,116.0,86.0,,,-30.0,30.0,34.883720930232556
GDN0014,Valsalva,28,28,28,10240,10240,10634,10634,10366,10361,10427,10408,792.0,792.0,75.75757575757575,75.75757575757575,61,47,122.0,94.0,,,-28.0,28.0,29.78723404255319
GDN0014,Valsalva,29,29,29,10634,10634,11030,11030,10761,10757,10821,10812,792.0,792.0,75.75757575757575,75.75757575757575,60,55,120.0,110.0,,,-10.0,10.0,9.090909090909092
GDN0014,Valsalva,30,30,30,11030,11030,11428,11428,11158,11153,11217,11221,796.0,796.0,75.37688442211055,75.37688442211055,59,68,118.0,136.0,,,18.0,18.0,13.23529411764706
GDN0014,Valsalva,32,32,32,11827,11827,12224,12224,11956,11951,12014,12003,792.0,792.0,75.75757575757575,75.75757575757575,58,52,116.0,104.0,,,-12.0,12.0,11.538461538461538
GDN0014,Valsalva,33,33,33,12224,12224,12617,12617,12352,12348,12410,12414,782.0,782.0,76.72634271099744,76.72634271099744,58,66,116.0,132.0,,,16.0,16.0,12.121212121212121
GDN0014,Valsalva,34,34,34,12617,12617,13007,13007,12743,12738,12802,12805,778.0,778.0,77.12082262210797,77.12082262210797,59,67,118.0,134.0,,,16.0,16.0,11.940298507462686
GDN0014,Valsalva,35,35,35,13007,13007,13394,13394,13132,13127,13191,13188,772.0,772.0,77.720207253886,77.720207253886,59,61,118.0,122.0,,,4.0,4.0,3.278688524590164
GDN0014,Valsalva,36,36,36,13394,13394,13779,13779,13519,13514,13577,13574,770.0,770.0,77.92207792207792,77.92207792207792,58,60,116.0,120.0,,,4.0,4.0,3.3333333333333335
GDN0014,Valsalva,37,37,37,13779,13779,14169,14169,13903,13899,13963,13957,784.0,784.0,76.53061224489795,76.53061224489795,60,58,120.0,116.0,,,-4.0,4.0,3.4482758620689653
GDN0014,Valsalva,38,38,38,14169,14169,14565,14565,14295,14290,14356,14348,796.0,796.0,75.37688442211055,75.37688442211055,61,58,122.0,116.0,,,-6.0,6.0,5.172413793103448
GDN0014,Valsalva,39,39,39,14565,14565,14969,14969,14692,14688,14751,14744,814.0,814.0,73.71007371007371,73.71007371007371,59,56,118.0,112.0,,,-6.0,6.0,5.357142857142857
GDN0014,Valsalva,40,40,40,14969,14969,15376,15376,15101,15096,15159,15161,816.0,816.0,73.52941176470588,73.52941176470588,58,65,116.0,130.0,,,14.0,14.0,10.76923076923077
GDN0014,Valsalva,41,41,41,15376,15376,15789,15789,15508,15503,15568,15569,830.0,830.0,72.28915662650603,72.28915662650603,60,66,120.0,132.0,,,12.0,12.0,9.090909090909092
GDN0014,Valsalva,42,42,42,15789,15789,16201,16201,15923,15918,15981,15970,822.0,822.0,72.99270072992701,72.99270072992701,58,52,116.0,104.0,,,-12.0,12.0,11.538461538461538
GDN0014,Valsalva,43,43,43,16201,16201,16610,16610,16334,16329,16395,16366,816.0,816.0,73.52941176470588,73.52941176470588,61,37,122.0,74.0,,,-48.0,48.0,64.86486486486487
GDN0014,Valsalva,44,44,44,16610,16610,17014,17014,16742,16738,16801,16787,802.0,802.0,74.81296758104737,74.81296758104737,59,49,118.0,98.0,,,-20.0,20.0,20.408163265306122
GDN0014,Valsalva,45,45,45,17014,17014,17416,17416,17143,17138,17203,17191,806.0,806.0,74.44168734491315,74.44168734491315,60,53,120.0,106.0,,,-14.0,14.0,13.20754716981132
GDN0014,Valsalva,47,47,47,17820,17820,18228,18228,17951,17946,18011,18015,818.0,818.0,73.34963325183375,73.34963325183375,60,69,120.0,138.0,,,18.0,18.0,13.043478260869565
GDN0014,Valsalva,48,48,48,18228,18228,18637,18637,18360,18356,18418,18400,818.0,818.0,73.34963325183375,73.34963325183375,58,44,116.0,88.0,,,-28.0,28.0,31.818181818181817
GDN0014,Valsalva,49,49,49,18637,18637,19051,19051,18769,18765,18831,18841,834.0,834.0,71.94244604316548,71.94244604316548,62,76,124.0,152.0,,,28.0,28.0,18.421052631578945
GDN0014,Valsalva,50,50,50,19051,19051,19457,19457,19186,19181,19245,19226,800.0,800.0,75.0,75.0,59,45,118.0,90.0,,,-28.0,28.0,31.11111111111111
GDN0014,Valsalva,51,51,51,19457,19457,19854,19854,19586,19581,19644,19626,790.0,790.0,75.94936708860759,75.94936708860759,58,45,116.0,90.0,,,-26.0,26.0,28.888888888888886
GDN0014,Valsalva,52,52,52,19854,19854,20244,20244,19981,19976,20042,20026,774.0,774.0,77.51937984496124,77.51937984496124,61,50,122.0,100.0,,,-22.0,22.0,22.0
GDN0014,Valsalva,53,53,53,20244,20244,20630,20630,20368,20363,20425,20413,772.0,772.0,77.720207253886,77.720207253886,57,50,114.0,100.0,,,-14.0,14.0,14.000000000000002
GDN0014,Valsalva,54,54,54,20630,20630,21020,21020,20754,20749,20811,20804,784.0,784.0,76.53061224489795,76.53061224489795,57,55,114.0,110.0,,,-4.0,4.0,3.6363636363636362
GDN0014,Valsalva,55,55,55,21020,21020,21414,21414,21146,21141,21205,21195,790.0,790.0,75.94936708860759,75.94936708860759,59,54,118.0,108.0,,,-10.0,10.0,9.25925925925926
GDN0014,Valsalva,56,56,56,21414,21414,21800,21800,21541,21536,21598,21586,762.0,762.0,78.74015748031496,78.74015748031496,57,50,114.0,100.0,,,-14.0,14.0,14.000000000000002
GDN0014,Valsalva,57,57,57,21800,21800,22177,22177,21921,21917,21980,21953,752.0,752.0,79.7872340425532,79.7872340425532,59,36,118.0,72.0,,,-46.0,46.0,63.888888888888886
GDN0014,Valsalva,58,58,58,22177,22177,22546,22546,22297,22292,22353,22345,730.0,730.0,82.19178082191782,82.19178082191782,56,53,112.0,106.0,,,-6.0,6.0,5.660377358490567
GDN0014,Valsalva,59,59,59,22546,22546,22918,22918,22663,22658,22724,22711,752.0,752.0,79.7872340425532,79.7872340425532,61,53,122.0,106.0,,,-16.0,16.0,15.09433962264151
GDN0014,Valsalva,60,60,60,22918,22918,23297,23297,23038,23034,23097,23089,760.0,760.0,78.94736842105263,78.94736842105263,59,55,118.0,110.0,,,-8.0,8.0,7.2727272727272725
GDN0014,Valsalva,61,61,61,23297,23297,23676,23676,23418,23414,23478,23459,756.0,756.0,79.36507936507937,79.36507936507937,60,45,120.0,90.0,,,-30.0,30.0,33.33333333333333
GDN0014,Valsalva,62,62,62,23676,23676,24047,24047,23797,23792,23853,23844,734.0,734.0,81.74386920980926,81.74386920980926,56,52,112.0,104.0,,,-8.0,8.0,7.6923076923076925
GDN0014,Valsalva,63,63,63,24047,24047,24408,24408,24164,24159,24220,24195,716.0,716.0,83.79888268156425,83.79888268156425,56,36,112.0,72.0,,,-40.0,40.0,55.55555555555556
GDN0014,Valsalva,64,64,64,24408,24408,24764,24764,24521,24517,24579,24549,712.0,712.0,84.26966292134831,84.26966292134831,58,32,116.0,64.0,,,-52.0,52.0,81.25
GDN0014,Valsalva,65,65,65,24764,24764,25122,25122,24878,24873,24934,24909,718.0,718.0,83.56545961002786,83.56545961002786,56,36,112.0,72.0,,,-40.0,40.0,55.55555555555556
GDN0014,Valsalva,67,67,67,25487,25487,25857,25857,25604,25599,25661,25644,746.0,746.0,80.4289544235925,80.4289544235925,57,45,114.0,90.0,,,-24.0,24.0,26.666666666666668
GDN0014,Valsalva,68,68,68,25857,25857,26227,26227,25977,25972,26035,26007,734.0,734.0,81.74386920980926,81.74386920980926,58,35,116.0,70.0,,,-46.0,46.0,65.71428571428571
GDN0014,Valsalva,69,69,69,26227,26227,26594,26594,26343,26339,26401,26371,734.0,734.0,81.74386920980926,81.74386920980926,58,32,116.0,64.0,,,-52.0,52.0,81.25
GDN0014,Valsalva,70,70,70,26594,26594,26959,26959,26711,26706,26768,26741,730.0,730.0,82.19178082191782,82.19178082191782,57,35,114.0,70.0,,,-44.0,44.0,62.857142857142854
GDN0014,Valsalva,71,71,71,26959,26959,27324,27324,27075,27070,27132,27109,730.0,730.0,82.19178082191782,82.19178082191782,57,39,114.0,78.0,,,-36.0,36.0,46.15384615384615
GDN0014,Valsalva,72,72,72,27324,27324,27700,27700,27441,27436,27498,27482,762.0,762.0,78.74015748031496,78.74015748031496,57,46,114.0,92.0,,,-22.0,22.0,23.91304347826087
GDN0014,Valsalva,73,73,73,27700,27700,28083,28083,27822,27817,27878,27868,768.0,768.0,78.125,78.125,56,51,112.0,102.0,,,-10.0,10.0,9.803921568627452
GDN0014,Valsalva,74,74,74,28083,28083,28465,28465,28206,28201,28264,28229,762.0,762.0,78.74015748031496,78.74015748031496,58,28,116.0,56.0,,,-60.0,60.0,107.14285714285714
GDN0014,Valsalva,75,75,75,28465,28465,28837,28837,28586,28582,28643,28615,734.0,734.0,81.74386920980926,81.74386920980926,57,33,114.0,66.0,,,-48.0,48.0,72.72727272727273
GDN0014,Valsalva,76,76,76,28837,28837,29205,29205,28954,28949,29011,29014,738.0,738.0,81.30081300813008,81.30081300813008,57,65,114.0,130.0,,,16.0,16.0,12.307692307692308
GDN0014,Valsalva,77,77,77,29205,29205,29574,29574,29323,29318,29380,29347,738.0,738.0,81.30081300813008,81.30081300813008,57,29,114.0,58.0,,,-56.0,56.0,96.55172413793103
GDN0014,Valsalva,78,78,78,29574,29574,29943,29943,29691,29687,29749,29730,,,,,58,43,116.0,86.0,,,-30.0,30.0,34.883720930232556
GDN0014,HoldingBreath,0,0,0,219,219,631,631,352,347,406,404,824.0,824.0,72.81553398058253,72.81553398058253,54,57,108.0,114.0,,,6.0,6.0,5.263157894736842
GDN0014,HoldingBreath,1,1,1,631,631,1038,1038,763,759,819,804,810.0,810.0,74.07407407407408,74.07407407407408,56,45,112.0,90.0,,,-22.0,22.0,24.444444444444443
GDN0014,HoldingBreath,2,2,2,1038,1038,1434,1434,1169,1164,1224,1225,782.0,782.0,76.72634271099744,76.72634271099744,55,61,110.0,122.0,,,12.0,12.0,9.836065573770492
GDN0014,HoldingBreath,3,3,3,1434,1434,1826,1826,1560,1555,1616,1592,784.0,784.0,76.53061224489795,76.53061224489795,56,37,112.0,74.0,,,-38.0,38.0,51.35135135135135
GDN0014,HoldingBreath,4,4,4,1826,1826,2208,2208,1951,1947,2006,1994,754.0,754.0,79.57559681697613,79.57559681697613,55,47,110.0,94.0,,,-16.0,16.0,17.02127659574468
GDN0014,HoldingBreath,6,6,6,2570,2570,2931,2931,2682,2678,2739,2731,730.0,730.0,82.19178082191782,82.19178082191782,57,53,114.0,106.0,,,-8.0,8.0,7.547169811320755
GDN0014,HoldingBreath,7,7,7,2931,2931,3301,3301,3048,3043,3106,3098,746.0,746.0,80.4289544235925,80.4289544235925,58,55,116.0,110.0,,,-6.0,6.0,5.454545454545454
GDN0014,HoldingBreath,11,11,11,4315,4315,4692,4692,4421,4416,4477,4457,800.0,800.0,75.0,75.0,56,41,112.0,82.0,,,-30.0,30.0,36.58536585365854
GDN0014,HoldingBreath,12,12,12,4692,4692,5094,5094,4823,4816,4869,4877,806.0,806.0,74.44168734491315,74.44168734491315,46,61,92.0,122.0,,,30.0,30.0,24.59016393442623
GDN0014,HoldingBreath,13,13,13,5094,5094,5487,5487,5224,5220,,5299,776.0,776.0,77.31958762886597,77.31958762886597,,79,,158.0,c_point_nan,,,,
GDN0014,HoldingBreath,14,14,14,5487,5487,5878,5878,5611,5607,,5689,784.0,784.0,76.53061224489795,76.53061224489795,,82,,164.0,c_point_nan,,,,
GDN0014,HoldingBreath,15,15,15,5878,5878,6280,6280,6004,5999,,6056,816.0,816.0,73.52941176470588,73.52941176470588,,57,,114.0,c_point_nan,,,,
GDN0014,HoldingBreath,16,16,16,6280,6280,6687,6687,6412,6407,,6453,812.0,812.0,73.89162561576354,73.89162561576354,,46,,92.0,c_point_nan,,,,
GDN0014,HoldingBreath,17,17,17,6687,6687,7081,7081,6818,6813,,6884,774.0,774.0,77.51937984496124,77.51937984496124,,71,,142.0,c_point_nan,,,,
GDN0014,HoldingBreath,19,19,19,7465,7465,7859,7859,7588,7583,,7636,800.0,800.0,75.0,75.0,,53,,106.0,c_point_nan,,,,
GDN0014,HoldingBreath,20,20,20,7859,7859,8262,8262,7988,7983,,8036,810.0,810.0,74.07407407407408,74.07407407407408,,53,,106.0,c_point_nan,,,,
GDN0014,HoldingBreath,21,21,21,8262,8262,8672,8672,8393,8388,,8436,824.0,824.0,72.81553398058253,72.81553398058253,,48,,96.0,c_point_nan,,,,
GDN0014,HoldingBreath,22,22,22,8672,8672,9075,9075,8805,8800,,8872,796.0,796.0,75.37688442211055,75.37688442211055,,72,,144.0,c_point_nan,,,,
GDN0014,HoldingBreath,23,23,23,9075,9075,9470,9470,9203,9199,,9277,788.0,788.0,76.14213197969544,76.14213197969544,,78,,156.0,c_point_nan,,,,
GDN0014,HoldingBreath,24,24,24,9470,9470,9873,9873,9596,9591,,9650,816.0,816.0,73.52941176470588,73.52941176470588,,59,,118.0,c_point_nan,,,,
GDN0014,HoldingBreath,25,25,25,9873,9873,10277,10277,10005,10000,10062,10079,804.0,804.0,74.62686567164178,74.62686567164178,57,79,114.0,158.0,,,44.0,44.0,27.848101265822784
GDN0014,HoldingBreath,26,26,26,10277,10277,10678,10678,10407,10402,,10480,800.0,800.0,75.0,75.0,,78,,156.0,c_point_nan,,,,
GDN0014,HoldingBreath,27,27,27,10678,10678,11080,11080,10806,10802,10864,10878,806.0,806.0,74.44168734491315,74.44168734491315,58,76,116.0,152.0,,,36.0,36.0,23.684210526315788
GDN0014,HoldingBreath,28,28,28,11080,11080,11488,11488,11210,11205,,11277,820.0,820.0,73.17073170731707,73.17073170731707,,72,,144.0,c_point_nan,,,,
GDN0014,HoldingBreath,29,29,29,11488,11488,11891,11891,11619,11615,11680,11679,800.0,800.0,75.0,75.0,61,64,122.0,128.0,,,6.0,6.0,4.6875
GDN0014,HoldingBreath,30,30,30,11891,11891,12286,12286,12020,12015,,12082,786.0,786.0,76.33587786259541,76.33587786259541,,67,,134.0,c_point_nan,,,,
GDN0014,HoldingBreath,31,31,31,12286,12286,12678,12678,12412,12408,12475,12475,782.0,782.0,76.72634271099744,76.72634271099744,63,67,126.0,134.0,,,8.0,8.0,5.970149253731343
GDN0014,HoldingBreath,32,32,32,12678,12678,13067,13067,12804,12799,,12878,774.0,774.0,77.51937984496124,77.51937984496124,,79,,158.0,c_point_nan,,,,
GDN0014,HoldingBreath,33,33,33,13067,13067,13461,13461,13190,13185,,13244,796.0,796.0,75.37688442211055,75.37688442211055,,59,,118.0,c_point_nan,,,,
GDN0014,HoldingBreath,34,34,34,13461,13461,13852,13852,13588,13584,,13633,776.0,776.0,77.31958762886597,77.31958762886597,,49,,98.0,c_point_nan,,,,
GDN0014,HoldingBreath,35,35,35,13852,13852,14240,14240,13977,13972,,14032,776.0,776.0,77.31958762886597,77.31958762886597,,60,,120.0,c_point_nan,,,,
GDN0014,HoldingBreath,36,36,36,14240,14240,14624,14624,14365,14360,14418,14430,764.0,764.0,78.53403141361257,78.53403141361257,53,70,106.0,140.0,,,34.0,34.0,24.285714285714285
GDN0014,HoldingBreath,37,37,37,14624,14624,15006,15006,14746,14742,,14788,764.0,764.0,78.53403141361257,78.53403141361257,,46,,92.0,c_point_nan,,,,
GDN0014,HoldingBreath,38,38,38,15006,15006,15392,15392,15128,15123,,15185,776.0,776.0,77.31958762886597,77.31958762886597,,62,,124.0,c_point_nan,,,,
GDN0014,HoldingBreath,39,39,39,15392,15392,15784,15784,15516,15512,,15555,788.0,788.0,76.14213197969544,76.14213197969544,,43,,86.0,c_point_nan,,,,
GDN0014,HoldingBreath,40,40,40,15784,15784,16171,16171,15910,15905,,15983,766.0,766.0,78.32898172323759,78.32898172323759,,78,,156.0,c_point_nan,,,,
GDN0014,HoldingBreath,41,41,41,16171,16171,16549,16549,16294,16290,,16355,750.0,750.0,80.0,80.0,,65,,130.0,c_point_nan,,,,
GDN0014,HoldingBreath,42,42,42,16549,16549,16926,16926,16669,16664,,16703,756.0,756.0,79.36507936507937,79.36507936507937,,39,,78.0,c_point_nan,,,,
GDN0014,HoldingBreath,43,43,43,16926,16926,17298,17298,17046,17041,,17107,740.0,740.0,81.08108108108108,81.08108108108108,,66,,132.0,c_point_nan,,,,
GDN0014,HoldingBreath,44,44,44,17298,17298,17670,17670,17416,17411,,17482,744.0,744.0,80.64516129032258,80.64516129032258,,71,,142.0,c_point_nan,,,,
GDN0014,HoldingBreath,45,45,45,17670,17670,18041,18041,17789,17784,,17849,742.0,742.0,80.86253369272237,80.86253369272237,,65,,130.0,c_point_nan,,,,
GDN0014,HoldingBreath,47,47,47,18408,18408,18778,18778,18524,18520,,18598,744.0,744.0,80.64516129032258,80.64516129032258,,78,,156.0,c_point_nan,,,,
GDN0014,HoldingBreath,49,49,49,19160,19160,19547,19547,19284,19279,,19334,772.0,772.0,77.720207253886,77.720207253886,,55,,110.0,c_point_nan,,,,
GDN0014,HoldingBreath,50,50,50,19547,19547,19932,19932,19671,19666,19730,19733,770.0,770.0,77.92207792207792,77.92207792207792,59,67,118.0,134.0,,,16.0,16.0,11.940298507462686
GDN0014,HoldingBreath,51,51,51,19932,19932,20313,20313,20056,20051,,20101,758.0,758.0,79.15567282321899,79.15567282321899,,50,,100.0,c_point_nan,,,,
GDN0014,HoldingBreath,52,52,52,20313,20313,20695,20695,20435,20430,20487,20497,766.0,766.0,78.32898172323759,78.32898172323759,52,67,104.0,134.0,,,30.0,30.0,22.388059701492537
GDN0014,HoldingBreath,53,53,53,20695,20695,21077,21077,20817,20813,20878,20872,764.0,764.0,78.53403141361257,78.53403141361257,61,59,122.0,118.0,,,-4.0,4.0,3.389830508474576
GDN0014,HoldingBreath,54,54,54,21077,21077,21453,21452,21200,21195,,21231,744.0,744.0,80.64516129032258,80.64516129032258,,36,,72.0,c_point_nan,,,,
GDN0014,HoldingBreath,56,56,56,21818,21818,22108,22108,21932,21928,,21979,506.0,506.0,118.57707509881423,118.57707509881423,,51,,102.0,c_point_nan,,,,
GDN0014,HoldingBreath,58,58,58,22493,22493,22879,22879,22641,22636,22674,22666,698.0,698.0,85.9598853868195,85.9598853868195,33,30,66.0,60.0,,,-6.0,6.0,10.0
GDN0014,HoldingBreath,59,59,59,22879,22879,23210,23209,22989,22985,,23047,644.0,644.0,93.16770186335404,93.16770186335404,,62,,124.0,c_point_nan,,,,
GDN0014,HoldingBreath,60,60,60,23210,23209,23535,23535,23312,23307,,23378,652.0,652.0,92.02453987730061,92.02453987730061,,71,,142.0,c_point_nan,,,,
GDN0014,HoldingBreath,61,61,61,23535,23535,23860,23860,23638,23632,,23690,650.0,650.0,92.3076923076923,92.3076923076923,,58,,116.0,c_point_nan,,,,
GDN0014,HoldingBreath,62,62,62,23860,23860,24190,24190,23963,23957,,24035,666.0,666.0,90.09009009009009,90.09009009009009,,78,,156.0,c_point_nan,,,,
GDN0014,HoldingBreath,63,63,63,24190,24190,24528,24528,24296,24291,,24342,680.0,680.0,88.23529411764706,88.23529411764706,,51,,102.0,c_point_nan,,,,
GDN0014,HoldingBreath,64,64,64,24528,24528,24872,24872,24636,24630,24687,24695,692.0,692.0,86.70520231213874,86.70520231213874,51,65,102.0,130.0,,,28.0,28.0,21.53846153846154
GDN0014,HoldingBreath,65,65,65,24872,24872,25224,25224,24982,24976,,25033,710.0,710.0,84.50704225352113,84.50704225352113,,57,,114.0,c_point_nan,,,,
GDN0014,HoldingBreath,66,66,66,25224,25224,25582,25582,25337,25332,,25389,720.0,720.0,83.33333333333334,83.33333333333334,,57,,114.0,c_point_nan,,,,
GDN0014,HoldingBreath,67,67,67,25582,25582,25944,25944,25696,25692,,25741,726.0,726.0,82.64462809917356,82.64462809917356,,49,,98.0,c_point_nan,,,,
GDN0014,HoldingBreath,68,68,68,25944,25944,26310,26310,26059,26055,,26104,736.0,736.0,81.52173913043478,81.52173913043478,,49,,98.0,c_point_nan,,,,
GDN0014,HoldingBreath,69,69,69,26310,26310,26673,26673,26428,26423,,26479,720.0,720.0,83.33333333333334,83.33333333333334,,56,,112.0,c_point_nan,,,,
GDN0014,HoldingBreath,71,71,71,27026,27026,27375,27375,27137,27133,,27187,694.0,694.0,86.45533141210375,86.45533141210375,,54,,108.0,c_point_nan,,,,
GDN0014,HoldingBreath,72,72,72,27375,27375,27723,27723,27484,27480,,27535,698.0,698.0,85.9598853868195,85.9598853868195,,55,,110.0,c_point_nan,,,,
GDN0014,HoldingBreath,73,73,73,27723,27723,28076,28076,27834,27829,,27885,712.0,712.0,84.26966292134831,84.26966292134831,,56,,112.0,c_point_nan,,,,
GDN0014,HoldingBreath,74,74,74,28076,28076,28442,28442,28190,28185,,28252,742.0,742.0,80.86253369272237,80.86253369272237,,67,,134.0,c_point_nan,,,,
GDN0014,HoldingBreath,75,75,75,28442,28442,28806,28806,28561,28556,,28631,720.0,720.0,83.33333333333334,83.33333333333334,,75,,150.0,c_point_nan,,,,
GDN0014,HoldingBreath,76,76,76,28806,28806,29167,29167,28921,28917,,28981,724.0,724.0,82.87292817679558,82.87292817679558,,64,,128.0,c_point_nan,,,,
GDN0014,HoldingBreath,77,77,77,29167,29167,29537,29537,29283,29277,,29334,748.0,748.0,80.21390374331551,80.21390374331551,,57,,114.0,c_point_nan,,,,
GDN0014,HoldingBreath,78,78,78,29537,29537,29911,29911,29657,29652,,29728,,,,,,76,,152.0,c_point_nan,,,,
GDN0014,TiltUp,0,0,0,235,235,553,553,336,332,395,401,636.0,636.0,94.33962264150944,94.33962264150944,59,69,118.0,138.0,,,20.0,20.0,14.492753623188406
GDN0014,TiltUp,1,1,1,553,553,876,876,654,650,712,721,652.0,652.0,92.02453987730061,92.02453987730061,58,71,116.0,142.0,,,26.0,26.0,18.30985915492958
GDN0014,TiltUp,2,2,2,876,876,1206,1206,979,975,1038,1044,666.0,666.0,90.09009009009009,90.09009009009009,59,69,118.0,138.0,,,20.0,20.0,14.492753623188406
GDN0014,TiltUp,3,3,3,1206,1206,1539,1539,1313,1308,1373,1377,664.0,664.0,90.36144578313252,90.36144578313252,60,69,120.0,138.0,,,18.0,18.0,13.043478260869565
GDN0014,TiltUp,4,4,4,1539,1539,1870,1870,1645,1641,1706,1705,662.0,662.0,90.63444108761328,90.63444108761328,61,64,122.0,128.0,,,6.0,6.0,4.6875
GDN0014,TiltUp,5,5,5,1870,1870,2202,2202,1976,1971,2035,2034,666.0,666.0,90.09009009009009,90.09009009009009,59,63,118.0,126.0,,,8.0,8.0,6.349206349206349
GDN0014,TiltUp,6,6,6,2202,2202,2541,2541,2309,2304,2367,2375,682.0,682.0,87.97653958944281,87.97653958944281,58,71,116.0,142.0,,,26.0,26.0,18.30985915492958
GDN0014,TiltUp,7,7,7,2541,2541,2888,2888,2650,2646,2709,2715,700.0,700.0,85.71428571428572,85.71428571428572,59,69,118.0,138.0,,,20.0,20.0,14.492753623188406
GDN0014,TiltUp,8,8,8,2888,2888,3233,3233,2999,2995,3057,3060,686.0,686.0,87.46355685131195,87.46355685131195,58,65,116.0,130.0,,,14.0,14.0,10.76923076923077
GDN0014,TiltUp,9,9,9,3233,3233,3564,3564,3342,3338,3403,3403,648.0,648.0,92.5925925925926,92.5925925925926,61,65,122.0,130.0,,,8.0,8.0,6.153846153846154
GDN0014,TiltUp,10,10,10,3564,3564,3888,3888,3667,3662,3727,3731,648.0,648.0,92.5925925925926,92.5925925925926,60,69,120.0,138.0,,,18.0,18.0,13.043478260869565
GDN0014,TiltUp,11,11,11,3888,3888,4206,4206,3990,3986,4049,4052,632.0,632.0,94.9367088607595,94.9367088607595,59,66,118.0,132.0,,,14.0,14.0,10.606060606060606
GDN0014,TiltUp,12,12,12,4206,4206,4521,4521,4307,4302,4367,4373,628.0,628.0,95.54140127388536,95.54140127388536,60,71,120.0,142.0,,,22.0,22.0,15.492957746478872
GDN0014,TiltUp,13,13,13,4521,4521,4836,4836,4621,4616,4679,4684,632.0,632.0,94.9367088607595,94.9367088607595,58,68,116.0,136.0,,,20.0,20.0,14.705882352941178
GDN0014,TiltUp,14,14,14,4836,4836,5154,5154,4937,4933,4994,5002,636.0,636.0,94.33962264150944,94.33962264150944,57,69,114.0,138.0,,,24.0,24.0,17.391304347826086
GDN0014,TiltUp,15,15,15,5154,5154,5473,5473,5255,5251,5313,5321,640.0,640.0,93.75,93.75,58,70,116.0,140.0,,,24.0,24.0,17.142857142857142
GDN0014,TiltUp,16,16,16,5473,5473,5792,5792,5575,5570,5633,5641,636.0,636.0,94.33962264150944,94.33962264150944,58,71,116.0,142.0,,,26.0,26.0,18.30985915492958
GDN0014,TiltUp,17,17,17,5792,5792,6106,6106,5893,5888,5952,5950,626.0,626.0,95.84664536741214,95.84664536741214,59,62,118.0,124.0,,,6.0,6.0,4.838709677419355
GDN0014,TiltUp,18,18,18,6106,6106,6419,6419,6206,6201,6266,6271,624.0,624.0,96.15384615384616,96.15384615384616,60,70,120.0,140.0,,,20.0,20.0,14.285714285714285
GDN0014,TiltUp,19,19,19,6419,6419,6733,6733,6518,6513,6578,6569,630.0,630.0,95.23809523809524,95.23809523809524,60,56,120.0,112.0,,,-8.0,8.0,7.142857142857142
GDN0014,TiltUp,20,20,20,6733,6733,7052,7052,6833,6828,6890,6901,644.0,644.0,93.16770186335404,93.16770186335404,57,73,114.0,146.0,,,32.0,32.0,21.91780821917808
GDN0014,TiltUp,21,21,21,7052,7052,7379,7379,7155,7151,7213,7219,658.0,658.0,91.1854103343465,91.1854103343465,58,68,116.0,136.0,,,20.0,20.0,14.705882352941178
GDN0014,TiltUp,22,22,22,7379,7379,7703,7703,7484,7480,7544,7533,644.0,644.0,93.16770186335404,93.16770186335404,60,53,120.0,106.0,,,-14.0,14.0,13.20754716981132
GDN0014,TiltUp,23,23,23,7703,7703,8024,8024,7806,7801,7864,7859,640.0,640.0,93.75,93.75,58,58,116.0,116.0,,,0.0,0.0,0.0
GDN0014,TiltUp,24,24,24,8024,8024,8339,8339,8126,8121,8186,8179,624.0,624.0,96.15384615384616,96.15384615384616,60,58,120.0,116.0,,,-4.0,4.0,3.4482758620689653
GDN0014,TiltUp,25,25,25,8339,8339,8651,8651,8438,8434,8495,8501,624.0,624.0,96.15384615384616,96.15384615384616,57,67,114.0,134.0,,,20.0,20.0,14.925373134328357
GDN0014,TiltUp,26,26,26,8651,8651,8962,8962,8750,8745,8808,8803,622.0,622.0,96.46302250803859,96.46302250803859,58,58,116.0,116.0,,,0.0,0.0,0.0
GDN0014,TiltUp,27,27,27,8962,8962,9276,9276,9061,9056,9121,9126,630.0,630.0,95.23809523809524,95.23809523809524,60,70,120.0,140.0,,,20.0,20.0,14.285714285714285
GDN0014,TiltUp,28,28,28,9276,9276,9591,9591,9376,9371,9434,9438,632.0,632.0,94.9367088607595,94.9367088607595,58,67,116.0,134.0,,,18.0,18.0,13.432835820895523
GDN0014,TiltUp,29,29,29,9591,9591,9909,9909,9692,9687,9751,9760,638.0,638.0,94.04388714733543,94.04388714733543,59,73,118.0,146.0,,,28.0,28.0,19.17808219178082
GDN0014,TiltUp,30,30,30,9909,9909,10226,10226,10011,10006,10070,10073,632.0,632.0,94.9367088607595,94.9367088607595,59,67,118.0,134.0,,,16.0,16.0,11.940298507462686
GDN0014,TiltUp,31,31,31,10226,10226,10543,10543,10327,10322,10385,10389,634.0,634.0,94.6372239747634,94.6372239747634,58,67,116.0,134.0,,,18.0,18.0,13.432835820895523
GDN0014,TiltUp,32,32,32,10543,10543,10863,10863,10644,10639,10704,10710,642.0,642.0,93.45794392523364,93.45794392523364,60,71,120.0,142.0,,,22.0,22.0,15.492957746478872
GDN0014,TiltUp,33,33,33,10863,10863,11189,11189,10965,10960,11026,11026,658.0,658.0,91.1854103343465,91.1854103343465,61,66,122.0,132.0,,,10.0,10.0,7.575757575757576
GDN0014,TiltUp,34,34,34,11189,11189,11518,11518,11293,11289,11352,11354,660.0,660.0,90.9090909090909,90.9090909090909,59,65,118.0,130.0,,,12.0,12.0,9.230769230769232
GDN0014,TiltUp,35,35,35,11518,11518,11847,11847,11623,11619,11684,11685,654.0,654.0,91.74311926605505,91.74311926605505,61,66,122.0,132.0,,,10.0,10.0,7.575757575757576
GDN0014,TiltUp,36,36,36,11847,11847,12169,12169,11951,11946,12009,12017,640.0,640.0,93.75,93.75,58,71,116.0,142.0,,,26.0,26.0,18.30985915492958
GDN0014,TiltUp,37,37,37,12169,12169,12488,12488,12271,12266,12329,12337,638.0,638.0,94.04388714733543,94.04388714733543,58,71,116.0,142.0,,,26.0,26.0,18.30985915492958
GDN0014,TiltUp,38,38,38,12488,12488,12809,12809,12590,12585,12648,12655,644.0,644.0,93.16770186335404,93.16770186335404,58,70,116.0,140.0,,,24.0,24.0,17.142857142857142
GDN0014,TiltUp,39,39,39,12809,12809,13129,13129,12912,12908,12973,12978,638.0,638.0,94.04388714733543,94.04388714733543,61,70,122.0,140.0,,,18.0,18.0,12.857142857142856
GDN0014,TiltUp,40,40,40,13129,13129,13448,13448,13230,13226,13289,13299,638.0,638.0,94.04388714733543,94.04388714733543,59,73,118.0,146.0,,,28.0,28.0,19.17808219178082
GDN0014,TiltUp,41,41,41,13448,13448,13767,13767,13550,13545,13610,13618,638.0,638.0,94.04388714733543,94.04388714733543,60,73,120.0,146.0,,,26.0,26.0,17.80821917808219
GDN0014,TiltUp,42,42,42,13767,13767,14085,14085,13869,13865,13927,13921,634.0,634.0,94.6372239747634,94.6372239747634,58,56,116.0,112.0,,,-4.0,4.0,3.571428571428571
GDN0014,TiltUp,43,43,43,14085,14085,14398,14398,14186,14181,14246,14249,622.0,622.0,96.46302250803859,96.46302250803859,60,68,120.0,136.0,,,16.0,16.0,11.76470588235294
GDN0014,TiltUp,44,44,44,14398,14398,14710,14710,14497,14493,14556,14561,626.0,626.0,95.84664536741214,95.84664536741214,59,68,118.0,136.0,,,18.0,18.0,13.23529411764706
GDN0014,TiltUp,45,45,45,14710,14710,15029,15029,14810,14805,14870,14870,642.0,642.0,93.45794392523364,93.45794392523364,60,65,120.0,130.0,,,10.0,10.0,7.6923076923076925
GDN0014,TiltUp,46,46,46,15029,15029,15356,15356,15131,15127,15190,15195,660.0,660.0,90.9090909090909,90.9090909090909,59,68,118.0,136.0,,,18.0,18.0,13.23529411764706
GDN0014,TiltUp,47,47,47,15356,15356,15683,15683,15461,15456,15518,15525,652.0,652.0,92.02453987730061,92.02453987730061,57,69,114.0,138.0,,,24.0,24.0,17.391304347826086
GDN0014,TiltUp,48,48,48,15683,15683,16004,16004,15787,15782,15845,15854,636.0,636.0,94.33962264150944,94.33962264150944,58,72,116.0,144.0,,,28.0,28.0,19.444444444444446
GDN0014,TiltUp,49,49,49,16004,16004,16323,16323,16104,16100,16164,16169,640.0,640.0,93.75,93.75,60,69,120.0,138.0,,,18.0,18.0,13.043478260869565
GDN0014,TiltUp,50,50,50,16323,16323,16642,16642,16425,16421,16484,16486,636.0,636.0,94.33962264150944,94.33962264150944,59,65,118.0,130.0,,,12.0,12.0,9.230769230769232
GDN0014,TiltUp,51,51,51,16642,16642,16960,16960,16743,16738,16803,16811,636.0,636.0,94.33962264150944,94.33962264150944,60,73,120.0,146.0,,,26.0,26.0,17.80821917808219
GDN0014,TiltUp,52,52,52,16960,16960,17286,17286,17061,17057,17121,17126,660.0,660.0,90.9090909090909,90.9090909090909,60,69,120.0,138.0,,,18.0,18.0,13.043478260869565
GDN0014,TiltUp,53,53,53,17286,17286,17619,17619,17391,17386,17451,17460,670.0,670.0,89.55223880597015,89.55223880597015,60,74,120.0,148.0,,,28.0,28.0,18.91891891891892
GDN0014,TiltUp,54,54,54,17619,17619,17949,17949,17726,17721,17786,17790,656.0,656.0,91.46341463414633,91.46341463414633,60,69,120.0,138.0,,,18.0,18.0,13.043478260869565
GDN0014,TiltUp,55,55,55,17949,17949,18274,18274,18054,18049,18116,18118,646.0,646.0,92.87925696594426,92.87925696594426,62,69,124.0,138.0,,,14.0,14.0,10.144927536231885
GDN0014,TiltUp,56,56,56,18274,18274,18596,18596,18378,18373,18437,18446,644.0,644.0,93.16770186335404,93.16770186335404,59,73,118.0,146.0,,,28.0,28.0,19.17808219178082
GDN0014,TiltUp,57,57,57,18596,18596,18918,18918,18699,18695,18757,18763,644.0,644.0,93.16770186335404,93.16770186335404,58,68,116.0,136.0,,,20.0,20.0,14.705882352941178
GDN0014,TiltUp,58,58,58,18918,18918,19238,19238,19021,19017,19080,19087,638.0,638.0,94.04388714733543,94.04388714733543,59,70,118.0,140.0,,,22.0,22.0,15.714285714285714
GDN0014,TiltUp,59,59,59,19238,19238,19559,19559,19340,19335,19398,19402,642.0,642.0,93.45794392523364,93.45794392523364,58,67,116.0,134.0,,,18.0,18.0,13.432835820895523
GDN0014,TiltUp,60,60,60,19559,19559,19884,19884,19661,19656,19718,19725,656.0,656.0,91.46341463414633,91.46341463414633,57,69,114.0,138.0,,,24.0,24.0,17.391304347826086
GDN0014,TiltUp,61,61,61,19884,19884,20211,20211,19989,19985,20046,20043,652.0,652.0,92.02453987730061,92.02453987730061,57,58,114.0,116.0,,,2.0,2.0,1.7241379310344827
GDN0014,TiltUp,62,62,62,20211,20211,20534,20534,20315,20311,20373,20382,644.0,644.0,93.16770186335404,93.16770186335404,58,71,116.0,142.0,,,26.0,26.0,18.30985915492958
GDN0014,TiltUp,63,63,63,20534,20534,20856,20856,20637,20633,20697,20705,644.0,644.0,93.16770186335404,93.16770186335404,60,72,120.0,144.0,,,24.0,24.0,16.666666666666664
GDN0014,TiltUp,64,64,64,20856,20856,21176,21176,20959,20955,21018,21020,636.0,636.0,94.33962264150944,94.33962264150944,59,65,118.0,130.0,,,12.0,12.0,9.230769230769232
GDN0014,TiltUp,65,65,65,21176,21176,21491,21491,21276,21272,21336,21346,628.0,628.0,95.54140127388536,95.54140127388536,60,74,120.0,148.0,,,28.0,28.0,18.91891891891892
GDN0014,TiltUp,66,66,66,21491,21491,21806,21806,21591,21587,21649,21660,632.0,632.0,94.9367088607595,94.9367088607595,58,73,116.0,146.0,,,30.0,30.0,20.54794520547945
GDN0014,TiltUp,67,67,67,21806,21806,22126,22126,21907,21902,21968,21977,642.0,642.0,93.45794392523364,93.45794392523364,61,75,122.0,150.0,,,28.0,28.0,18.666666666666668
GDN0014,TiltUp,68,68,68,22126,22126,22449,22449,22228,22223,22286,22290,648.0,648.0,92.5925925925926,92.5925925925926,58,67,116.0,134.0,,,18.0,18.0,13.432835820895523
GDN0014,TiltUp,69,69,69,22449,22449,22772,22772,22552,22547,22611,22619,646.0,646.0,92.87925696594426,92.87925696594426,59,72,118.0,144.0,,,26.0,26.0,18.055555555555554
GDN0014,TiltUp,70,70,70,22772,22772,23094,23094,22875,22870,22933,22932,642.0,642.0,93.45794392523364,93.45794392523364,58,62,116.0,124.0,,,8.0,8.0,6.451612903225806
GDN0014,TiltUp,71,71,71,23094,23094,23413,23413,23196,23191,23254,23263,638.0,638.0,94.04388714733543,94.04388714733543,58,72,116.0,144.0,,,28.0,28.0,19.444444444444446
GDN0014,TiltUp,72,72,72,23413,23413,23730,23730,23515,23511,23574,23576,632.0,632.0,94.9367088607595,94.9367088607595,59,65,118.0,130.0,,,12.0,12.0,9.230769230769232
GDN0014,TiltUp,73,73,73,23730,23730,24048,24048,23831,23827,23891,23898,638.0,638.0,94.04388714733543,94.04388714733543,60,71,120.0,142.0,,,22.0,22.0,15.492957746478872
GDN0014,TiltUp,74,74,74,24048,24048,24367,24367,24150,24145,24209,24215,636.0,636.0,94.33962264150944,94.33962264150944,59,70,118.0,140.0,,,22.0,22.0,15.714285714285714
GDN0014,TiltUp,75,75,75,24367,24367,24686,24686,24468,24463,24525,24532,640.0,640.0,93.75,93.75,57,69,114.0,138.0,,,24.0,24.0,17.391304347826086
GDN0014,TiltUp,76,76,76,24686,24686,25006,25006,24788,24783,24846,24851,640.0,640.0,93.75,93.75,58,68,116.0,136.0,,,20.0,20.0,14.705882352941178
GDN0014,TiltUp,77,77,77,25006,25006,25326,25326,25108,25103,25168,25171,640.0,640.0,93.75,93.75,60,68,120.0,136.0,,,16.0,16.0,11.76470588235294
GDN0014,TiltUp,78,78,78,25326,25326,25641,25641,25428,25423,25487,25495,626.0,626.0,95.84664536741214,95.84664536741214,59,72,118.0,144.0,,,26.0,26.0,18.055555555555554
GDN0014,TiltUp,79,79,79,25641,25641,25954,25954,25741,25737,25799,25808,626.0,626.0,95.84664536741214,95.84664536741214,58,71,116.0,142.0,,,26.0,26.0,18.30985915492958
GDN0014,TiltUp,80,80,80,25954,25954,26267,26267,26054,26050,26113,26112,626.0,626.0,95.84664536741214,95.84664536741214,59,62,118.0,124.0,,,6.0,6.0,4.838709677419355
GDN0014,TiltUp,81,81,81,26267,26267,26582,26582,26367,26363,26425,26434,632.0,632.0,94.9367088607595,94.9367088607595,58,71,116.0,142.0,,,26.0,26.0,18.30985915492958
GDN0014,TiltUp,82,82,82,26582,26582,26902,26902,26683,26678,26742,26741,644.0,644.0,93.16770186335404,93.16770186335404,59,63,118.0,126.0,,,8.0,8.0,6.349206349206349
GDN0014,TiltUp,83,83,83,26902,26902,27220,27220,27005,27000,27063,27069,632.0,632.0,94.9367088607595,94.9367088607595,58,69,116.0,138.0,,,22.0,22.0,15.942028985507244
GDN0014,TiltUp,84,84,84,27220,27220,27532,27532,27321,27316,27379,27390,620.0,620.0,96.7741935483871,96.7741935483871,58,74,116.0,148.0,,,32.0,32.0,21.62162162162162
GDN0014,TiltUp,85,85,85,27532,27532,27840,27840,27631,27627,27689,27699,612.0,612.0,98.03921568627452,98.03921568627452,58,72,116.0,144.0,,,28.0,28.0,19.444444444444446
GDN0014,TiltUp,86,86,86,27840,27840,28148,28148,27937,27933,27996,28004,620.0,620.0,96.7741935483871,96.7741935483871,59,71,118.0,142.0,,,24.0,24.0,16.901408450704224
GDN0014,TiltUp,87,87,87,28148,28148,28455,28455,28247,28242,28306,28304,608.0,608.0,98.6842105263158,98.6842105263158,59,62,118.0,124.0,,,6.0,6.0,4.838709677419355
GDN0014,TiltUp,88,88,88,28455,28455,28751,28751,28551,28547,28611,28618,586.0,586.0,102.38907849829351,102.38907849829351,60,71,120.0,142.0,,,22.0,22.0,15.492957746478872
GDN0014,TiltUp,89,89,89,28751,28751,29046,29046,28844,28840,28903,28914,590.0,590.0,101.69491525423729,101.69491525423729,59,74,118.0,148.0,,,30.0,30.0,20.27027027027027
GDN0014,TiltUp,90,90,90,29046,29046,29350,29350,29139,29134,29197,29205,618.0,618.0,97.0873786407767,97.0873786407767,58,71,116.0,142.0,,,26.0,26.0,18.30985915492958
GDN0014,TiltUp,91,91,91,29350,29350,29660,29660,29448,29443,29506,29506,620.0,620.0,96.7741935483871,96.7741935483871,58,63,116.0,126.0,,,10.0,10.0,7.936507936507936
GDN0014,TiltUp,92,92,92,29660,29660,29970,29970,29758,29754,29816,29812,,,,,58,58,116.0,116.0,,,0.0,0.0,0.0
GDN0014,TiltLevel,0,0,0,58,58,442,442,181,176,145,224,768.0,768.0,78.125,78.125,,48,,96.0,negative_pep,,,,
GDN0014,TiltLevel,1,1,1,442,442,826,826,565,561,534,631,770.0,770.0,77.92207792207792,77.92207792207792,,70,,140.0,negative_pep,,,,
GDN0014,TiltLevel,2,2,2,826,826,1205,1205,950,945,915,1015,752.0,752.0,79.7872340425532,79.7872340425532,,70,,140.0,negative_pep,,,,
GDN0014,TiltLevel,3,3,3,1205,1205,1581,1581,1325,1321,1305,1387,752.0,752.0,79.7872340425532,79.7872340425532,,66,,132.0,negative_pep,,,,
GDN0014,TiltLevel,5,5,5,1959,1959,2340,2340,2081,2076,2140,2135,764.0,764.0,78.53403141361257,78.53403141361257,59,59,118.0,118.0,,,0.0,0.0,0.0
GDN0014,TiltLevel,6,6,6,2340,2340,2729,2729,2463,2459,2431,2508,784.0,784.0,76.53061224489795,76.53061224489795,,49,,98.0,negative_pep,,,,
GDN0014,TiltLevel,7,7,7,2729,2729,3120,3120,2855,2851,2914,2889,782.0,782.0,76.72634271099744,76.72634271099744,59,38,118.0,76.0,,,-42.0,42.0,55.26315789473685
GDN0014,TiltLevel,8,8,8,3120,3120,3503,3503,3246,3241,3304,3272,758.0,758.0,79.15567282321899,79.15567282321899,58,31,116.0,62.0,,,-54.0,54.0,87.09677419354838
GDN0014,TiltLevel,9,9,9,3503,3503,3886,3886,3626,3621,3684,3688,768.0,768.0,78.125,78.125,58,67,116.0,134.0,,,18.0,18.0,13.432835820895523
GDN0014,TiltLevel,10,10,10,3886,3886,4271,4271,4009,4005,4067,4046,772.0,772.0,77.720207253886,77.720207253886,58,41,116.0,82.0,,,-34.0,34.0,41.46341463414634
GDN0014,TiltLevel,11,11,11,4271,4271,4657,4657,4395,4391,4453,4434,772.0,772.0,77.720207253886,77.720207253886,58,43,116.0,86.0,,,-30.0,30.0,34.883720930232556
GDN0014,TiltLevel,12,12,12,4657,4657,5047,5047,4781,4776,4839,4834,786.0,786.0,76.33587786259541,76.33587786259541,58,58,116.0,116.0,,,0.0,0.0,0.0
GDN0014,TiltLevel,13,13,13,5047,5047,5435,5435,5174,5169,5234,5208,770.0,770.0,77.92207792207792,77.92207792207792,60,39,120.0,78.0,,,-42.0,42.0,53.84615384615385
GDN0014,TiltLevel,14,14,14,5435,5435,5812,5812,5559,5554,5618,5627,746.0,746.0,80.4289544235925,80.4289544235925,59,73,118.0,146.0,,,28.0,28.0,19.17808219178082
GDN0014,TiltLevel,16,16,16,6185,6185,6562,6562,6305,6300,6364,6370,756.0,756.0,79.36507936507937,79.36507936507937,59,70,118.0,140.0,,,22.0,22.0,15.714285714285714
GDN0014,TiltLevel,17,17,17,6562,6562,6944,6944,6683,6678,6741,6727,770.0,770.0,77.92207792207792,77.92207792207792,58,49,116.0,98.0,,,-18.0,18.0,18.367346938775512
GDN0014,TiltLevel,18,18,18,6944,6944,7334,7334,7068,7063,7126,7108,784.0,784.0,76.53061224489795,76.53061224489795,58,45,116.0,90.0,,,-26.0,26.0,28.888888888888886
GDN0014,TiltLevel,19,19,19,7334,7334,7723,7723,7460,7455,7518,7504,774.0,774.0,77.51937984496124,77.51937984496124,58,49,116.0,98.0,,,-18.0,18.0,18.367346938775512
GDN0014,TiltLevel,20,20,20,7723,7723,8106,8106,7846,7842,7906,7909,764.0,764.0,78.53403141361257,78.53403141361257,60,67,120.0,134.0,,,14.0,14.0,10.44776119402985
GDN0014,TiltLevel,21,21,21,8106,8106,8484,8484,8229,8224,8288,8295,752.0,752.0,79.7872340425532,79.7872340425532,59,71,118.0,142.0,,,24.0,24.0,16.901408450704224
GDN0014,TiltLevel,22,22,22,8484,8484,8862,8862,8605,8600,8663,8633,756.0,756.0,79.36507936507937,79.36507936507937,58,33,116.0,66.0,,,-50.0,50.0,75.75757575757575
GDN0014,TiltLevel,23,23,23,8862,8862,9241,9241,8983,8979,9041,9030,760.0,760.0,78.94736842105263,78.94736842105263,58,51,116.0,102.0,,,-14.0,14.0,13.725490196078432
GDN0014,TiltLevel,24,24,24,9241,9241,9629,9629,9363,9358,9421,9407,784.0,784.0,76.53061224489795,76.53061224489795,58,49,116.0,98.0,,,-18.0,18.0,18.367346938775512
GDN0014,TiltLevel,25,25,25,9629,9629,10006,10006,9755,9750,9813,9791,738.0,738.0,81.30081300813008,81.30081300813008,58,41,116.0,82.0,,,-34.0,34.0,41.46341463414634
GDN0014,TiltLevel,26,26,26,10006,10006,10374,10374,10123,10119,10182,10190,736.0,736.0,81.52173913043478,81.52173913043478,59,71,118.0,142.0,,,24.0,24.0,16.901408450704224
GDN0014,TiltLevel,28,28,28,10740,10740,11101,11101,10856,10852,10914,10894,716.0,716.0,83.79888268156425,83.79888268156425,58,42,116.0,84.0,,,-32.0,32.0,38.095238095238095
GDN0014,TiltLevel,29,29,29,11101,11101,11465,11465,11215,11211,11273,11261,734.0,734.0,81.74386920980926,81.74386920980926,58,50,116.0,100.0,,,-16.0,16.0,16.0
GDN0014,TiltLevel,31,31,31,11842,11842,12227,12227,11965,11960,12023,11997,772.0,772.0,77.720207253886,77.720207253886,58,37,116.0,74.0,,,-42.0,42.0,56.75675675675676
GDN0014,TiltLevel,32,32,32,12227,12227,12609,12609,12351,12347,12410,12383,760.0,760.0,78.94736842105263,78.94736842105263,59,36,118.0,72.0,,,-46.0,46.0,63.888888888888886
GDN0014,TiltLevel,33,33,33,12609,12609,12983,12983,12731,12726,12790,12789,742.0,742.0,80.86253369272237,80.86253369272237,59,63,118.0,126.0,,,8.0,8.0,6.349206349206349
GDN0014,TiltLevel,34,34,34,12983,12983,13354,13354,13102,13097,13159,13171,740.0,740.0,81.08108108108108,81.08108108108108,57,74,114.0,148.0,,,34.0,34.0,22.972972972972975
GDN0014,TiltLevel,36,36,36,13725,13725,14099,14099,13844,13840,13903,13885,750.0,750.0,80.0,80.0,59,45,118.0,90.0,,,-28.0,28.0,31.11111111111111
GDN0014,TiltLevel,37,37,37,14099,14099,14472,14472,14219,14214,14278,14252,746.0,746.0,80.4289544235925,80.4289544235925,59,38,118.0,76.0,,,-42.0,42.0,55.26315789473685
GDN0014,TiltLevel,39,39,39,14842,14842,15205,15205,14959,14954,15017,15017,724.0,724.0,82.87292817679558,82.87292817679558,58,63,116.0,126.0,,,10.0,10.0,7.936507936507936
GDN0014,TiltLevel,40,40,40,15205,15205,15566,15566,15321,15316,15378,15385,720.0,720.0,83.33333333333334,83.33333333333334,57,69,114.0,138.0,,,24.0,24.0,17.391304347826086
GDN0014,TiltLevel,42,42,42,15928,15928,16296,16296,16044,16039,16101,16104,740.0,740.0,81.08108108108108,81.08108108108108,57,65,114.0,130.0,,,16.0,16.0,12.307692307692308
GDN0014,TiltLevel,44,44,44,16667,16667,17034,17034,16786,16782,16845,16829,730.0,730.0,82.19178082191782,82.19178082191782,59,47,118.0,94.0,,,-24.0,24.0,25.53191489361702
GDN0014,TiltLevel,45,45,45,17034,17034,17396,17396,17151,17147,17210,17211,720.0,720.0,83.33333333333334,83.33333333333334,59,64,118.0,128.0,,,10.0,10.0,7.8125
GDN0014,TiltLevel,47,47,47,17755,17755,18114,18114,17870,17865,17927,17931,718.0,718.0,83.56545961002786,83.56545961002786,57,66,114.0,132.0,,,18.0,18.0,13.636363636363635
GDN0014,TiltLevel,48,48,48,18114,18114,18479,18479,18229,18224,18286,18297,734.0,734.0,81.74386920980926,81.74386920980926,57,73,114.0,146.0,,,32.0,32.0,21.91780821917808
GDN0014,TiltLevel,49,49,49,18479,18479,18842,18842,18595,18591,18655,18651,722.0,722.0,83.10249307479225,83.10249307479225,60,60,120.0,120.0,,,0.0,0.0,0.0
GDN0014,TiltLevel,50,50,50,18842,18842,19196,19196,18957,18952,19016,19017,702.0,702.0,85.47008547008548,85.47008547008548,59,65,118.0,130.0,,,12.0,12.0,9.230769230769232
GDN0014,TiltLevel,51,51,51,19196,19196,19550,19550,19308,19304,19367,19368,712.0,712.0,84.26966292134831,84.26966292134831,59,64,118.0,128.0,,,10.0,10.0,7.8125
GDN0014,TiltLevel,52,52,52,19550,19550,19906,19906,19664,19659,19723,19723,710.0,710.0,84.50704225352113,84.50704225352113,59,64,118.0,128.0,,,10.0,10.0,7.8125
GDN0014,TiltLevel,53,53,53,19906,19906,20264,20264,20019,20014,20079,20079,720.0,720.0,83.33333333333334,83.33333333333334,60,65,120.0,130.0,,,10.0,10.0,7.6923076923076925
GDN0014,TiltLevel,54,54,54,20264,20264,20627,20627,20379,20374,20437,20437,728.0,728.0,82.41758241758242,82.41758241758242,58,63,116.0,126.0,,,10.0,10.0,7.936507936507936
GDN0014,TiltLevel,57,57,57,21355,21355,21713,21713,21470,21465,21529,21524,714.0,714.0,84.03361344537815,84.03361344537815,59,59,118.0,118.0,,,0.0,0.0,0.0
GDN0014,TiltLevel,58,58,58,21713,21713,22068,22068,21827,21822,21886,21883,708.0,708.0,84.74576271186442,84.74576271186442,59,61,118.0,122.0,,,4.0,4.0,3.278688524590164
GDN0014,TiltLevel,59,59,59,22068,22068,22428,22428,22181,22177,22239,22243,726.0,726.0,82.64462809917356,82.64462809917356,58,66,116.0,132.0,,,16.0,16.0,12.121212121212121
GDN0014,TiltLevel,61,61,61,22792,22792,23155,23155,22908,22903,22965,22970,726.0,726.0,82.64462809917356,82.64462809917356,57,67,114.0,134.0,,,20.0,20.0,14.925373134328357
GDN0014,TiltLevel,62,62,62,23155,23155,23514,23513,23271,23266,23329,23333,714.0,714.0,84.03361344537815,84.03361344537815,58,67,116.0,134.0,,,18.0,18.0,13.432835820895523
GDN0014,TiltLevel,63,63,63,23514,23513,23866,23866,23628,23623,23686,23686,700.0,700.0,85.71428571428572,85.71428571428572,58,63,116.0,126.0,,,10.0,10.0,7.936507936507936
GDN0014,TiltLevel,64,64,64,23866,23866,24224,24224,23978,23974,24036,24040,724.0,724.0,82.87292817679558,82.87292817679558,58,66,116.0,132.0,,,16.0,16.0,12.121212121212121
GDN0014,TiltLevel,67,67,67,24952,24951,25312,25312,25069,25064,25127,25126,714.0,714.0,84.03361344537815,84.03361344537815,58,62,116.0,124.0,,,8.0,8.0,6.451612903225806
GDN0014,TiltLevel,68,68,68,25312,25312,25672,25672,25426,25421,25484,25477,724.0,724.0,82.87292817679558,82.87292817679558,58,56,116.0,112.0,,,-4.0,4.0,3.571428571428571
GDN0014,TiltLevel,72,72,72,26781,26780,27150,27150,26901,26896,26960,26962,732.0,732.0,81.9672131147541,81.9672131147541,59,66,118.0,132.0,,,14.0,14.0,10.606060606060606
GDN0014,TiltLevel,73,73,73,27150,27150,27511,27511,27267,27261,27326,27328,716.0,716.0,83.79888268156425,83.79888268156425,59,67,118.0,134.0,,,16.0,16.0,11.940298507462686
GDN0014,TiltLevel,74,74,74,27511,27511,27868,27868,27625,27621,27683,27683,714.0,714.0,84.03361344537815,84.03361344537815,58,62,116.0,124.0,,,8.0,8.0,6.451612903225806
GDN0014,TiltLevel,77,77,77,28584,28583,28953,28953,28701,28696,28758,28743,742.0,742.0,80.86253369272237,80.86253369272237,57,47,114.0,94.0,,,-20.0,20.0,21.27659574468085
GDN0014,TiltLevel,78,78,78,28953,28953,29324,29324,29071,29066,29130,29123,742.0,742.0,80.86253369272237,80.86253369272237,59,57,118.0,114.0,,,-4.0,4.0,3.508771929824561
GDN0014,TiltLevel,79,79,79,29324,29324,29690,29690,29443,29438,29501,29504,726.0,726.0,82.64462809917356,82.64462809917356,58,66,116.0,132.0,,,16.0,16.0,12.121212121212121
GDN0016,Pause,0,0,0,576,576,1151,1151,784,779,848,843,1092.0,1092.0,54.94505494505494,54.94505494505494,64,64,128.0,128.0,,,0.0,0.0,0.0
GDN0016,Pause,1,1,1,1151,1151,1672,1672,1330,1325,1398,1417,1014.0,1014.0,59.171597633136095,59.171597633136095,68,92,136.0,184.0,,,48.0,48.0,26.08695652173913
GDN0016,Pause,2,2,2,1672,1672,2244,2244,1836,1831,1902,1894,1216.0,1216.0,49.3421052631579,49.3421052631579,66,63,132.0,126.0,,,-6.0,6.0,4.761904761904762
GDN0016,Pause,3,3,3,2244,2244,2857,2857,2445,2440,2508,2502,1232.0,1232.0,48.701298701298704,48.701298701298704,63,62,126.0,124.0,,,-2.0,2.0,1.6129032258064515
GDN0016,Pause,4,4,4,2857,2857,3441,3441,3060,3055,3125,3133,1132.0,1132.0,53.0035335689046,53.0035335689046,65,78,130.0,156.0,,,26.0,26.0,16.666666666666664
GDN0016,Pause,5,5,5,3441,3441,4035,4035,3627,3622,3693,3689,1218.0,1218.0,49.26108374384236,49.26108374384236,66,67,132.0,134.0,,,2.0,2.0,1.4925373134328357
GDN0016,Pause,6,6,6,4035,4035,4676,4676,4235,4231,4300,4284,1316.0,1316.0,45.59270516717325,45.59270516717325,65,53,130.0,106.0,,,-24.0,24.0,22.641509433962266
GDN0016,Pause,7,7,7,4676,4676,5323,5323,4894,4889,4958,4952,1284.0,1284.0,46.72897196261682,46.72897196261682,64,63,128.0,126.0,,,-2.0,2.0,1.5873015873015872
GDN0016,Pause,8,8,8,5323,5323,5926,5926,5536,5531,5601,5600,1164.0,1164.0,51.54639175257732,51.54639175257732,65,69,130.0,138.0,,,8.0,8.0,5.797101449275362
GDN0016,Pause,9,9,9,5926,5926,6555,6555,6117,6112,6184,6181,1308.0,1308.0,45.87155963302752,45.87155963302752,67,69,134.0,138.0,,,4.0,4.0,2.898550724637681
GDN0016,Pause,10,10,10,6555,6555,7185,7185,6771,6766,6834,6833,1234.0,1234.0,48.62236628849271,48.62236628849271,63,67,126.0,134.0,,,8.0,8.0,5.970149253731343
GDN0016,Pause,11,11,11,7185,7185,7768,7768,7389,7384,7447,7456,1130.0,1130.0,53.09734513274337,53.09734513274337,58,72,116.0,144.0,,,28.0,28.0,19.444444444444446
GDN0016,Pause,12,12,12,7768,7768,8361,8361,7954,7949,8018,8026,1216.0,1216.0,49.3421052631579,49.3421052631579,64,77,128.0,154.0,,,26.0,26.0,16.883116883116884
GDN0016,Pause,13,13,13,8361,8361,8981,8981,8562,8557,8626,8640,1252.0,1252.0,47.92332268370607,47.92332268370607,64,83,128.0,166.0,,,38.0,38.0,22.89156626506024
GDN0016,Pause,14,14,14,8981,8981,9574,9574,9188,9182,9252,9222,1152.0,1152.0,52.083333333333336,52.083333333333336,64,40,128.0,80.0,,,-48.0,48.0,60.0
GDN0016,Pause,15,15,15,9574,9574,10172,10172,9764,9759,9829,9838,1220.0,1220.0,49.18032786885246,49.18032786885246,65,79,130.0,158.0,,,28.0,28.0,17.72151898734177
GDN0016,Pause,16,16,16,10172,10172,10776,10776,10374,10369,10439,10424,1200.0,1200.0,50.0,50.0,65,55,130.0,110.0,,,-20.0,20.0,18.181818181818183
GDN0016,Pause,17,17,17,10776,10776,11330,11330,10973,10968,11040,11010,1060.0,1060.0,56.60377358490566,56.60377358490566,67,42,134.0,84.0,,,-50.0,50.0,59.523809523809526
GDN0016,Pause,18,18,18,11330,11330,11933,11933,11504,11499,11568,11582,1282.0,1282.0,46.80187207488299,46.80187207488299,64,83,128.0,166.0,,,38.0,38.0,22.89156626506024
GDN0016,Pause,19,19,19,11933,11933,12626,12626,12144,12139,12210,12189,1444.0,1444.0,41.551246537396125,41.551246537396125,66,50,132.0,100.0,,,-32.0,32.0,32.0
GDN0016,Pause,20,20,20,12626,12626,13311,13311,12867,12862,12929,12925,1330.0,1330.0,45.11278195488722,45.11278195488722,62,63,124.0,126.0,,,2.0,2.0,1.5873015873015872
GDN0016,Pause,21,21,21,13311,13311,13940,13940,13532,13527,13599,13573,1220.0,1220.0,49.18032786885246,49.18032786885246,67,46,134.0,92.0,,,-42.0,42.0,45.65217391304348
GDN0016,Pause,22,22,22,13940,13940,14571,14571,14141,14136,14206,14191,1282.0,1282.0,46.80187207488299,46.80187207488299,65,55,130.0,110.0,,,-20.0,20.0,18.181818181818183
GDN0016,Pause,23,23,23,14571,14571,15221,15221,14783,14777,14848,14833,1312.0,1312.0,45.731707317073166,45.731707317073166,65,56,130.0,112.0,,,-18.0,18.0,16.071428571428573
GDN0016,Pause,24,24,24,15221,15221,15797,15797,15439,15434,15502,15509,1064.0,1064.0,56.39097744360902,56.39097744360902,63,75,126.0,150.0,,,24.0,24.0,16.0
GDN0016,Pause,25,25,25,15797,15797,16337,16337,15971,15966,16040,16034,1090.0,1090.0,55.04587155963302,55.04587155963302,69,68,138.0,136.0,,,-2.0,2.0,1.4705882352941175
GDN0016,Pause,26,26,26,16337,16337,16982,16982,16515,16510,16581,16594,1398.0,1398.0,42.91845493562232,42.91845493562232,66,84,132.0,168.0,,,36.0,36.0,21.428571428571427
GDN0016,Pause,27,27,27,16982,16982,17653,17653,17214,17209,17278,17267,1310.0,1310.0,45.80152671755725,45.80152671755725,64,58,128.0,116.0,,,-12.0,12.0,10.344827586206897
GDN0016,Pause,28,28,28,17653,17653,18278,18278,17870,17865,17935,17912,1220.0,1220.0,49.18032786885246,49.18032786885246,65,47,130.0,94.0,,,-36.0,36.0,38.297872340425535
GDN0016,Pause,29,29,29,18278,18278,18926,18926,18479,18474,18545,18548,1336.0,1336.0,44.91017964071856,44.91017964071856,66,74,132.0,148.0,,,16.0,16.0,10.81081081081081
GDN0016,Pause,30,30,30,18926,18926,19563,19563,19147,19142,19212,19218,1240.0,1240.0,48.38709677419355,48.38709677419355,65,76,130.0,152.0,,,22.0,22.0,14.473684210526317
GDN0016,Pause,31,31,31,19563,19563,20148,20148,19768,19763,19832,19822,1132.0,1132.0,53.0035335689046,53.0035335689046,64,59,128.0,118.0,,,-10.0,10.0,8.47457627118644
GDN0016,Pause,32,32,32,20148,20148,20768,20768,20334,20329,20401,20396,1298.0,1298.0,46.22496147919877,46.22496147919877,67,67,134.0,134.0,,,0.0,0.0,0.0
GDN0016,Pause,33,33,33,20768,20768,21408,21408,20982,20977,21047,21050,1272.0,1272.0,47.16981132075472,47.16981132075472,65,73,130.0,146.0,,,16.0,16.0,10.95890410958904
GDN0016,Pause,34,34,34,21408,21408,22035,22035,21619,21613,21682,21660,1244.0,1244.0,48.231511254019296,48.231511254019296,63,47,126.0,94.0,,,-32.0,32.0,34.04255319148936
GDN0016,Pause,35,35,35,22035,22035,22738,22738,22241,22236,22305,22283,1492.0,1492.0,40.21447721179625,40.21447721179625,64,47,128.0,94.0,,,-34.0,34.0,36.17021276595745
GDN0016,Pause,36,36,36,22738,22738,23406,23406,22987,22982,23051,23039,1252.0,1252.0,47.92332268370607,47.92332268370607,64,57,128.0,114.0,,,-14.0,14.0,12.280701754385964
GDN0016,Pause,37,37,37,23406,23406,23949,23949,23613,23607,23679,23678,996.0,996.0,60.24096385542169,60.24096385542169,66,71,132.0,142.0,,,10.0,10.0,7.042253521126761
GDN0016,Pause,38,38,38,23949,23949,24469,24469,24111,24106,24179,24183,1064.0,1064.0,56.39097744360902,56.39097744360902,68,77,136.0,154.0,,,18.0,18.0,11.688311688311687
GDN0016,Pause,39,39,39,24469,24469,25134,25134,24643,24638,24708,24708,1474.0,1474.0,40.70556309362279,40.70556309362279,65,70,130.0,140.0,,,10.0,10.0,7.142857142857142
GDN0016,Pause,40,40,40,25134,25134,25822,25822,25380,25375,25443,25429,1324.0,1324.0,45.31722054380664,45.31722054380664,63,54,126.0,108.0,,,-18.0,18.0,16.666666666666664
GDN0016,Pause,41,41,41,25822,25822,26432,26432,26042,26037,26106,26097,1164.0,1164.0,51.54639175257732,51.54639175257732,64,60,128.0,120.0,,,-8.0,8.0,6.666666666666667
GDN0016,Pause,42,42,42,26432,26432,27057,27057,26624,26619,26690,26688,1294.0,1294.0,46.3678516228748,46.3678516228748,66,69,132.0,138.0,,,6.0,6.0,4.3478260869565215
GDN0016,Pause,43,43,43,27057,27057,27681,27681,27270,27265,27335,27326,1226.0,1226.0,48.939641109298535,48.939641109298535,65,61,130.0,122.0,,,-8.0,8.0,6.557377049180328
GDN0016,Pause,44,44,44,27681,27681,28262,28262,27884,27879,27948,27927,1126.0,1126.0,53.28596802841919,53.28596802841919,64,48,128.0,96.0,,,-32.0,32.0,33.33333333333333
GDN0016,Pause,45,45,45,28262,28262,28846,28846,28447,28441,28514,28506,1190.0,1190.0,50.420168067226896,50.420168067226896,67,65,134.0,130.0,,,-4.0,4.0,3.076923076923077
GDN0016,Pause,46,46,46,28846,28846,29438,29438,29041,29037,29109,29095,1180.0,1180.0,50.847457627118644,50.847457627118644,68,58,136.0,116.0,,,-20.0,20.0,17.24137931034483
GDN0016,Valsalva,0,0,0,388,388,879,879,548,543,612,621,982.0,982.0,61.09979633401222,61.09979633401222,64,78,128.0,156.0,,,28.0,28.0,17.94871794871795
GDN0016,Valsalva,1,1,1,879,879,1356,1356,1039,1033,1102,1087,940.0,940.0,63.829787234042556,63.829787234042556,63,54,126.0,108.0,,,-18.0,18.0,16.666666666666664
GDN0016,Valsalva,2,2,2,1356,1356,1841,1841,1509,1504,1574,1574,984.0,984.0,60.97560975609756,60.97560975609756,65,70,130.0,140.0,,,10.0,10.0,7.142857142857142
GDN0016,Valsalva,3,3,3,1841,1841,2357,2357,2000,1995,2068,2074,1058.0,1058.0,56.71077504725898,56.71077504725898,68,79,136.0,158.0,,,22.0,22.0,13.924050632911392
GDN0016,Valsalva,4,4,4,2357,2357,2870,2870,2529,2524,2592,2574,1008.0,1008.0,59.523809523809526,59.523809523809526,63,50,126.0,100.0,,,-26.0,26.0,26.0
GDN0016,Valsalva,5,5,5,2870,2870,3383,3383,3034,3029,3100,3105,1038.0,1038.0,57.80346820809248,57.80346820809248,66,76,132.0,152.0,,,20.0,20.0,13.157894736842104
GDN0016,Valsalva,6,6,6,3383,3383,3917,3917,3553,3548,3617,3628,1084.0,1084.0,55.35055350553505,55.35055350553505,64,80,128.0,160.0,,,32.0,32.0,20.0
GDN0016,Valsalva,7,7,7,3917,3917,4443,4443,4094,4089,4159,4145,1034.0,1034.0,58.027079303675045,58.027079303675045,65,56,130.0,112.0,,,-18.0,18.0,16.071428571428573
GDN0016,Valsalva,8,8,8,4443,4443,4959,4959,4612,4607,4680,4682,1032.0,1032.0,58.13953488372093,58.13953488372093,68,75,136.0,150.0,,,14.0,14.0,9.333333333333334
GDN0016,Valsalva,9,9,9,4959,4959,5522,5522,5128,5123,5195,5197,1176.0,1176.0,51.02040816326531,51.02040816326531,67,74,134.0,148.0,,,14.0,14.0,9.45945945945946
GDN0016,Valsalva,10,10,10,5522,5522,6130,6130,5716,5711,5780,5761,1236.0,1236.0,48.54368932038835,48.54368932038835,64,50,128.0,100.0,,,-28.0,28.0,28.000000000000004
GDN0016,Valsalva,11,11,11,6130,6130,6711,6711,6334,6328,6397,6386,1124.0,1124.0,53.380782918149464,53.380782918149464,63,58,126.0,116.0,,,-10.0,10.0,8.620689655172415
GDN0016,Valsalva,12,12,12,6711,6711,7295,7295,6896,6890,6961,6974,1192.0,1192.0,50.33557046979866,50.33557046979866,65,84,130.0,168.0,,,38.0,38.0,22.61904761904762
GDN0016,Valsalva,13,13,13,7295,7295,7906,7906,7491,7486,7557,7546,1236.0,1236.0,48.54368932038835,48.54368932038835,66,60,132.0,120.0,,,-12.0,12.0,10.0
GDN0016,Valsalva,14,14,14,7906,7906,8464,8464,8110,8105,8173,8158,1052.0,1052.0,57.03422053231939,57.03422053231939,63,53,126.0,106.0,,,-20.0,20.0,18.867924528301888
GDN0016,Valsalva,15,15,15,8464,8464,8969,8969,8636,8631,8703,8707,988.0,988.0,60.72874493927126,60.72874493927126,67,76,134.0,152.0,,,18.0,18.0,11.842105263157894
GDN0016,Valsalva,16,16,16,8969,8969,9492,9492,9130,9125,9194,9188,1076.0,1076.0,55.762081784386616,55.762081784386616,64,63,128.0,126.0,,,-2.0,2.0,1.5873015873015872
GDN0016,Valsalva,17,17,17,9492,9492,10009,10009,9668,9663,9732,9713,1012.0,1012.0,59.28853754940712,59.28853754940712,64,50,128.0,100.0,,,-28.0,28.0,28.000000000000004
GDN0016,Valsalva,18,18,18,10009,10009,10508,10508,10174,10169,10239,10227,990.0,990.0,60.60606060606061,60.60606060606061,65,58,130.0,116.0,,,-14.0,14.0,12.068965517241379
GDN0016,Valsalva,19,19,19,10508,10508,11061,11061,10669,10664,10736,10735,1168.0,1168.0,51.369863013698634,51.369863013698634,67,71,134.0,142.0,,,8.0,8.0,5.633802816901409
GDN0016,Valsalva,20,20,20,11061,11061,11671,11671,11253,11248,11318,11291,1248.0,1248.0,48.07692307692308,48.07692307692308,65,43,130.0,86.0,,,-44.0,44.0,51.162790697674424
GDN0016,Valsalva,21,21,21,11671,11671,12218,12218,11877,11872,11948,11919,1012.0,1012.0,59.28853754940712,59.28853754940712,71,47,142.0,94.0,,,-48.0,48.0,51.06382978723404
GDN0016,Valsalva,22,22,22,12218,12218,12741,12741,12383,12378,12452,12457,1066.0,1066.0,56.28517823639775,56.28517823639775,69,79,138.0,158.0,,,20.0,20.0,12.658227848101266
GDN0016,Valsalva,23,23,23,12741,12741,13297,13297,12915,12910,12983,12952,1136.0,1136.0,52.81690140845071,52.81690140845071,68,42,136.0,84.0,,,-52.0,52.0,61.904761904761905
GDN0016,Valsalva,24,24,24,13297,13297,13816,13816,13484,13479,13549,13525,986.0,986.0,60.851926977687626,60.851926977687626,65,46,130.0,92.0,,,-38.0,38.0,41.30434782608695
GDN0016,Valsalva,25,25,25,13816,13816,14306,14306,13977,13972,14044,14046,976.0,976.0,61.47540983606557,61.47540983606557,67,74,134.0,148.0,,,14.0,14.0,9.45945945945946
GDN0016,Valsalva,26,26,26,14306,14306,14818,14818,14465,14460,14532,14534,1050.0,1050.0,57.14285714285714,57.14285714285714,67,74,134.0,148.0,,,14.0,14.0,9.45945945945946
GDN0016,Valsalva,27,27,27,14818,14818,15316,15316,14990,14984,15052,15045,966.0,966.0,62.11180124223603,62.11180124223603,62,61,124.0,122.0,,,-2.0,2.0,1.639344262295082
GDN0016,Valsalva,28,28,28,15316,15316,15803,15803,15473,15468,15540,15546,978.0,978.0,61.34969325153374,61.34969325153374,67,78,134.0,156.0,,,22.0,22.0,14.102564102564102
GDN0016,Valsalva,29,29,29,15803,15803,16318,16318,15962,15957,16027,16036,1060.0,1060.0,56.60377358490566,56.60377358490566,65,79,130.0,158.0,,,28.0,28.0,17.72151898734177
GDN0016,Valsalva,30,30,30,16318,16318,16840,16840,16492,16487,16554,16539,1034.0,1034.0,58.027079303675045,58.027079303675045,62,52,124.0,104.0,,,-20.0,20.0,19.230769230769234
GDN0016,Valsalva,31,31,31,16840,16840,17348,17348,17009,17004,17075,17074,1006.0,1006.0,59.642147117296226,59.642147117296226,66,70,132.0,140.0,,,8.0,8.0,5.714285714285714
GDN0016,Valsalva,32,32,32,17348,17348,17879,17879,17511,17506,17577,17589,1092.0,1092.0,54.94505494505494,54.94505494505494,66,83,132.0,166.0,,,34.0,34.0,20.481927710843372
GDN0016,Valsalva,33,33,33,17879,17879,18407,18407,18057,18052,18121,18098,1036.0,1036.0,57.915057915057915,57.915057915057915,64,46,128.0,92.0,,,-36.0,36.0,39.130434782608695
GDN0016,Valsalva,34,34,34,18407,18407,18911,18911,18576,18571,18644,18633,994.0,994.0,60.36217303822938,60.36217303822938,68,62,136.0,124.0,,,-12.0,12.0,9.67741935483871
GDN0016,Valsalva,35,35,35,18911,18911,19461,19461,19073,19068,19137,19150,1158.0,1158.0,51.81347150259068,51.81347150259068,64,82,128.0,164.0,,,36.0,36.0,21.951219512195124
GDN0016,Valsalva,36,36,36,19461,19461,20059,20059,19652,19647,19714,19698,1214.0,1214.0,49.423393739703464,49.423393739703464,62,51,124.0,102.0,,,-22.0,22.0,21.568627450980394
GDN0016,Valsalva,37,37,37,20059,20059,20643,20643,20259,20253,20320,20308,1144.0,1144.0,52.447552447552454,52.447552447552454,61,55,122.0,110.0,,,-12.0,12.0,10.909090909090908
GDN0016,Valsalva,38,38,38,20643,20643,21260,21260,20831,20826,20895,20902,1282.0,1282.0,46.80187207488299,46.80187207488299,64,76,128.0,152.0,,,24.0,24.0,15.789473684210526
GDN0016,Valsalva,39,39,39,21260,21260,21884,21884,21472,21466,21535,21515,1230.0,1230.0,48.78048780487805,48.78048780487805,63,49,126.0,98.0,,,-28.0,28.0,28.57142857142857
GDN0016,Valsalva,40,40,40,21884,21884,22470,22470,22087,22081,22153,22144,1140.0,1140.0,52.631578947368425,52.631578947368425,66,63,132.0,126.0,,,-6.0,6.0,4.761904761904762
GDN0016,Valsalva,41,41,41,22470,22470,23070,23070,22657,22651,22723,22719,1234.0,1234.0,48.62236628849271,48.62236628849271,66,68,132.0,136.0,,,4.0,4.0,2.941176470588235
GDN0016,Valsalva,42,42,42,23070,23070,23698,23698,23274,23269,23339,23320,1268.0,1268.0,47.3186119873817,47.3186119873817,65,51,130.0,102.0,,,-28.0,28.0,27.450980392156865
GDN0016,Valsalva,43,43,43,23698,23698,24288,24288,23908,23903,23972,23962,1132.0,1132.0,53.0035335689046,53.0035335689046,64,59,128.0,118.0,,,-10.0,10.0,8.47457627118644
GDN0016,Valsalva,44,44,44,24288,24288,24867,24867,24474,24469,24541,24532,1172.0,1172.0,51.19453924914676,51.19453924914676,67,63,134.0,126.0,,,-8.0,8.0,6.349206349206349
GDN0016,Valsalva,45,45,45,24867,24867,25485,25485,25059,25055,25125,25110,1270.0,1270.0,47.24409448818898,47.24409448818898,66,55,132.0,110.0,,,-22.0,22.0,20.0
GDN0016,Valsalva,46,46,46,25485,25485,26109,26109,25695,25689,25759,25747,1238.0,1238.0,48.46526655896607,48.46526655896607,64,58,128.0,116.0,,,-12.0,12.0,10.344827586206897
GDN0016,Valsalva,47,47,47,26109,26109,26785,26785,26314,26308,26381,26373,1412.0,1412.0,42.492917847025495,42.492917847025495,67,65,134.0,130.0,,,-4.0,4.0,3.076923076923077
GDN0016,Valsalva,48,48,48,26785,26785,27485,27485,27020,27015,27085,27080,1394.0,1394.0,43.04160688665711,43.04160688665711,65,65,130.0,130.0,,,0.0,0.0,0.0
GDN0016,Valsalva,49,49,49,27485,27485,28112,28112,27717,27711,27780,27777,1180.0,1180.0,50.847457627118644,50.847457627118644,63,66,126.0,132.0,,,6.0,6.0,4.545454545454546
GDN0016,Valsalva,50,50,50,28112,28112,28735,28735,28307,28302,28374,28380,1280.0,1280.0,46.875,46.875,67,78,134.0,156.0,,,22.0,22.0,14.102564102564102
GDN0016,Valsalva,51,51,51,28735,28735,29424,29424,28946,28941,29012,29006,1430.0,1430.0,41.95804195804196,41.95804195804196,66,65,132.0,130.0,,,-2.0,2.0,1.5384615384615385
GDN0016,HoldingBreath,0,0,0,255,255,734,734,411,406,481,485,958.0,958.0,62.63048016701462,62.63048016701462,70,79,140.0,158.0,,,18.0,18.0,11.39240506329114
GDN0016,HoldingBreath,1,1,1,734,734,1248,1248,890,885,948,953,1066.0,1066.0,56.28517823639775,56.28517823639775,58,68,116.0,136.0,,,20.0,20.0,14.705882352941178
GDN0016,HoldingBreath,2,2,2,1248,1248,1838,1838,1422,1417,1485,1461,1240.0,1240.0,48.38709677419355,48.38709677419355,63,44,126.0,88.0,,,-38.0,38.0,43.18181818181818
GDN0016,HoldingBreath,3,3,3,1838,1838,2429,2429,2042,2038,2103,2103,1152.0,1152.0,52.083333333333336,52.083333333333336,61,65,122.0,130.0,,,8.0,8.0,6.153846153846154
GDN0016,HoldingBreath,4,4,4,2429,2429,2954,2954,2619,2614,2684,2688,994.0,994.0,60.36217303822938,60.36217303822938,65,74,130.0,148.0,,,18.0,18.0,12.162162162162163
GDN0016,HoldingBreath,5,5,5,2954,2954,3455,3455,3115,3110,3183,3163,1006.0,1006.0,59.642147117296226,59.642147117296226,68,53,136.0,106.0,,,-30.0,30.0,28.30188679245283
GDN0016,HoldingBreath,6,6,6,3455,3455,4016,4016,3618,3613,3687,3665,1186.0,1186.0,50.59021922428331,50.59021922428331,69,52,138.0,104.0,,,-34.0,34.0,32.69230769230769
GDN0016,HoldingBreath,7,7,7,4016,4016,4608,4608,4212,4207,4276,4257,1180.0,1180.0,50.847457627118644,50.847457627118644,64,50,128.0,100.0,,,-28.0,28.0,28.000000000000004
GDN0016,HoldingBreath,8,8,8,4608,4608,5202,5202,4802,4797,4868,4850,1194.0,1194.0,50.25125628140704,50.25125628140704,66,53,132.0,106.0,,,-26.0,26.0,24.528301886792452
GDN0016,HoldingBreath,9,9,9,5202,5202,5793,5793,5399,5394,5463,5461,1176.0,1176.0,51.02040816326531,51.02040816326531,64,67,128.0,134.0,,,6.0,6.0,4.477611940298507
GDN0016,HoldingBreath,10,10,10,5793,5793,6374,6374,5987,5981,6050,6048,1154.0,1154.0,51.99306759098787,51.99306759098787,63,67,126.0,134.0,,,8.0,8.0,5.970149253731343
GDN0016,HoldingBreath,11,11,11,6374,6374,6961,6961,6564,6558,6628,6629,1186.0,1186.0,50.59021922428331,50.59021922428331,64,71,128.0,142.0,,,14.0,14.0,9.859154929577464
GDN0016,HoldingBreath,12,12,12,6961,6961,7534,7534,7157,7151,7217,7218,1122.0,1122.0,53.475935828877,53.475935828877,60,67,120.0,134.0,,,14.0,14.0,10.44776119402985
GDN0016,HoldingBreath,13,13,13,7534,7534,8114,8114,7718,7712,7782,7799,1180.0,1180.0,50.847457627118644,50.847457627118644,64,87,128.0,174.0,,,46.0,46.0,26.436781609195403
GDN0016,HoldingBreath,14,14,14,8114,8114,8698,8698,8308,8302,8373,8366,1164.0,1164.0,51.54639175257732,51.54639175257732,65,64,130.0,128.0,,,-2.0,2.0,1.5625
GDN0016,HoldingBreath,15,15,15,8698,8698,9275,9275,8890,8885,8954,8939,1148.0,1148.0,52.264808362369344,52.264808362369344,64,54,128.0,108.0,,,-20.0,20.0,18.51851851851852
GDN0016,HoldingBreath,16,16,16,9275,9275,9855,9855,9464,9459,9528,9511,1166.0,1166.0,51.45797598627787,51.45797598627787,64,52,128.0,104.0,,,-24.0,24.0,23.076923076923077
GDN0016,HoldingBreath,17,17,17,9855,9855,10441,10441,10046,10041,10114,10125,1174.0,1174.0,51.107325383304946,51.107325383304946,68,84,136.0,168.0,,,32.0,32.0,19.047619047619047
GDN0016,HoldingBreath,18,18,18,10441,10441,11002,11002,10634,10628,10699,10666,1094.0,1094.0,54.84460694698354,54.84460694698354,65,38,130.0,76.0,,,-54.0,54.0,71.05263157894737
GDN0016,HoldingBreath,19,19,19,11002,11002,11528,11528,11181,11176,11250,11236,1030.0,1030.0,58.252427184466015,58.252427184466015,69,60,138.0,120.0,,,-18.0,18.0,15.0
GDN0016,HoldingBreath,20,20,20,11528,11528,12047,12047,11696,11690,11766,11762,1044.0,1044.0,57.47126436781609,57.47126436781609,70,72,140.0,144.0,,,4.0,4.0,2.7777777777777777
GDN0016,HoldingBreath,21,21,21,12047,12047,12576,12576,12218,12212,12283,12264,1066.0,1066.0,56.28517823639775,56.28517823639775,65,52,130.0,104.0,,,-26.0,26.0,25.0
GDN0016,HoldingBreath,22,22,22,12576,12576,13145,13145,12750,12745,12818,12801,1174.0,1174.0,51.107325383304946,51.107325383304946,68,56,136.0,112.0,,,-24.0,24.0,21.428571428571427
GDN0016,HoldingBreath,23,23,23,13145,13145,13715,13715,13338,13333,13403,13383,1122.0,1122.0,53.475935828877,53.475935828877,65,50,130.0,100.0,,,-30.0,30.0,30.0
GDN0016,HoldingBreath,24,24,24,13715,13715,14265,14265,13898,13893,13968,13977,1090.0,1090.0,55.04587155963302,55.04587155963302,70,84,140.0,168.0,,,28.0,28.0,16.666666666666664
GDN0016,HoldingBreath,25,25,25,14265,14265,14795,14795,14443,14438,14509,14519,1044.0,1044.0,57.47126436781609,57.47126436781609,66,81,132.0,162.0,,,30.0,30.0,18.51851851851852
GDN0016,HoldingBreath,26,26,26,14795,14795,15312,15312,14966,14961,15036,15042,1028.0,1028.0,58.36575875486381,58.36575875486381,70,81,140.0,162.0,,,22.0,22.0,13.580246913580247
GDN0016,HoldingBreath,27,27,27,15312,15312,15784,15784,15480,15475,15550,15560,898.0,898.0,66.81514476614699,66.81514476614699,70,85,140.0,170.0,,,30.0,30.0,17.647058823529413
GDN0016,HoldingBreath,28,28,28,15784,15784,16238,16238,15929,15924,16005,16015,914.0,914.0,65.64551422319475,65.64551422319475,76,91,152.0,182.0,,,30.0,30.0,16.483516483516482
GDN0016,HoldingBreath,30,30,30,16789,16789,17412,17412,16986,16981,17055,17037,1270.0,1270.0,47.24409448818898,47.24409448818898,69,56,138.0,112.0,,,-26.0,26.0,23.214285714285715
GDN0016,HoldingBreath,31,31,31,17412,17412,18052,18052,17622,17617,17688,17671,1286.0,1286.0,46.65629860031104,46.65629860031104,66,54,132.0,108.0,,,-24.0,24.0,22.22222222222222
GDN0016,HoldingBreath,32,32,32,18052,18052,18622,18622,18264,18259,18331,18330,1062.0,1062.0,56.497175141242934,56.497175141242934,67,71,134.0,142.0,,,8.0,8.0,5.633802816901409
GDN0016,HoldingBreath,33,33,33,18622,18622,19109,19109,18796,18790,18867,18878,926.0,926.0,64.79481641468682,64.79481641468682,71,88,142.0,176.0,,,34.0,34.0,19.318181818181817
GDN0016,HoldingBreath,34,34,34,19109,19109,19580,19580,19259,19254,19329,19290,950.0,950.0,63.15789473684211,63.15789473684211,70,36,140.0,72.0,,,-68.0,68.0,94.44444444444444
GDN0016,HoldingBreath,35,35,35,19580,19580,20128,20128,19733,19728,19804,19803,1176.0,1176.0,51.02040816326531,51.02040816326531,71,75,142.0,150.0,,,8.0,8.0,5.333333333333334
GDN0016,HoldingBreath,36,36,36,20128,20128,20710,20710,20321,20317,20387,20374,1156.0,1156.0,51.90311418685121,51.90311418685121,66,57,132.0,114.0,,,-18.0,18.0,15.789473684210526
GDN0016,HoldingBreath,37,37,37,20710,20710,21246,21246,20900,20895,20965,20948,1028.0,1028.0,58.36575875486381,58.36575875486381,65,53,130.0,106.0,,,-24.0,24.0,22.641509433962266
GDN0016,HoldingBreath,38,38,38,21246,21246,21734,21734,21414,21409,21482,21490,948.0,948.0,63.29113924050633,63.29113924050633,68,81,136.0,162.0,,,26.0,26.0,16.049382716049383
GDN0016,HoldingBreath,39,39,39,21734,21734,22185,22185,21887,21882,21952,21952,876.0,876.0,68.4931506849315,68.4931506849315,65,70,130.0,140.0,,,10.0,10.0,7.142857142857142
GDN0016,HoldingBreath,40,40,40,22185,22185,22677,22677,22326,22321,22396,22402,1044.0,1044.0,57.47126436781609,57.47126436781609,70,81,140.0,162.0,,,22.0,22.0,13.580246913580247
GDN0016,HoldingBreath,41,41,41,22677,22677,23210,23210,22848,22842,22912,22896,1076.0,1076.0,55.762081784386616,55.762081784386616,64,54,128.0,108.0,,,-20.0,20.0,18.51851851851852
GDN0016,HoldingBreath,42,42,42,23210,23210,23773,23773,23386,23381,23454,23454,1154.0,1154.0,51.99306759098787,51.99306759098787,68,73,136.0,146.0,,,10.0,10.0,6.8493150684931505
GDN0016,HoldingBreath,43,43,43,23773,23773,24331,24331,23963,23958,24025,24018,1096.0,1096.0,54.74452554744525,54.74452554744525,62,60,124.0,120.0,,,-4.0,4.0,3.3333333333333335
GDN0016,HoldingBreath,44,44,44,24331,24331,24853,24853,24511,24505,24576,24568,1016.0,1016.0,59.05511811023622,59.05511811023622,65,63,130.0,126.0,,,-4.0,4.0,3.1746031746031744
GDN0016,HoldingBreath,47,47,47,25778,25777,26252,26252,25928,25923,25995,25973,960.0,960.0,62.5,62.5,67,50,134.0,100.0,,,-34.0,34.0,34.0
GDN0016,HoldingBreath,48,48,48,26252,26252,26748,26748,26408,26402,26471,26463,1010.0,1010.0,59.40594059405941,59.40594059405941,63,61,126.0,122.0,,,-4.0,4.0,3.278688524590164
GDN0016,HoldingBreath,49,49,49,26748,26748,27247,27247,26913,26908,26977,26955,990.0,990.0,60.60606060606061,60.60606060606061,64,47,128.0,94.0,,,-34.0,34.0,36.17021276595745
GDN0016,HoldingBreath,50,50,50,27247,27247,27740,27740,27408,27402,27473,27481,986.0,986.0,60.851926977687626,60.851926977687626,65,79,130.0,158.0,,,28.0,28.0,17.72151898734177
GDN0016,HoldingBreath,51,51,51,27740,27740,28291,28291,27901,27896,27965,27982,1164.0,1164.0,51.54639175257732,51.54639175257732,64,86,128.0,172.0,,,44.0,44.0,25.581395348837212
GDN0016,HoldingBreath,52,52,52,28291,28291,28877,28877,28483,28478,28545,28523,1176.0,1176.0,51.02040816326531,51.02040816326531,62,45,124.0,90.0,,,-34.0,34.0,37.77777777777778
GDN0016,HoldingBreath,53,53,53,28877,28877,29434,29434,29071,29065,29134,29124,1080.0,1080.0,55.55555555555555,55.55555555555555,63,59,126.0,118.0,,,-8.0,8.0,6.779661016949152
GDN0016,HoldingBreath,54,54,54,29434,29434,29974,29974,29611,29606,29678,29679,,,,,67,73,134.0,146.0,,,12.0,12.0,8.21917808219178
GDN0016,TiltUp,0,0,0,245,245,641,641,373,367,445,452,792.0,792.0,75.75757575757575,75.75757575757575,72,85,144.0,170.0,,,26.0,26.0,15.294117647058824
GDN0016,TiltUp,1,1,1,641,641,1033,1033,769,763,842,839,778.0,778.0,77.12082262210797,77.12082262210797,73,76,146.0,152.0,,,6.0,6.0,3.9473684210526314
GDN0016,TiltUp,2,2,2,1033,1033,1423,1423,1158,1152,1231,1224,782.0,782.0,76.72634271099744,76.72634271099744,73,72,146.0,144.0,,,-2.0,2.0,1.3888888888888888
GDN0016,TiltUp,3,3,3,1423,1423,1815,1815,1549,1543,1622,1625,784.0,784.0,76.53061224489795,76.53061224489795,73,82,146.0,164.0,,,18.0,18.0,10.975609756097562
GDN0016,TiltUp,4,4,4,1815,1815,2200,2200,1941,1935,2016,2024,762.0,762.0,78.74015748031496,78.74015748031496,75,89,150.0,178.0,,,28.0,28.0,15.730337078651685
GDN0016,TiltUp,5,5,5,2200,2200,2577,2577,2323,2316,2403,2396,752.0,752.0,79.7872340425532,79.7872340425532,80,80,160.0,160.0,,,0.0,0.0,0.0
GDN0016,TiltUp,6,6,6,2577,2577,2947,2947,2699,2692,2768,2774,732.0,732.0,81.9672131147541,81.9672131147541,69,82,138.0,164.0,,,26.0,26.0,15.853658536585366
GDN0016,TiltUp,7,7,7,2947,2947,3311,3311,3064,3058,3141,3134,726.0,726.0,82.64462809917356,82.64462809917356,77,76,154.0,152.0,,,-2.0,2.0,1.3157894736842104
GDN0016,TiltUp,8,8,8,3311,3311,3675,3675,3427,3421,3499,3487,730.0,730.0,82.19178082191782,82.19178082191782,72,66,144.0,132.0,,,-12.0,12.0,9.090909090909092
GDN0016,TiltUp,9,9,9,3675,3675,4042,4042,3793,3786,3864,3860,736.0,736.0,81.52173913043478,81.52173913043478,71,74,142.0,148.0,,,6.0,6.0,4.054054054054054
GDN0016,TiltUp,10,10,10,4042,4042,4410,4410,4160,4154,4229,4235,736.0,736.0,81.52173913043478,81.52173913043478,69,81,138.0,162.0,,,24.0,24.0,14.814814814814813
GDN0016,TiltUp,11,11,11,4410,4410,4782,4782,4528,4522,4600,4606,748.0,748.0,80.21390374331551,80.21390374331551,72,84,144.0,168.0,,,24.0,24.0,14.285714285714285
GDN0016,TiltUp,12,12,12,4782,4782,5161,5161,4903,4897,4976,4972,762.0,762.0,78.74015748031496,78.74015748031496,73,75,146.0,150.0,,,4.0,4.0,2.666666666666667
GDN0016,TiltUp,13,13,13,5161,5161,5544,5544,5283,5278,5359,5362,768.0,768.0,78.125,78.125,76,84,152.0,168.0,,,16.0,16.0,9.523809523809524
GDN0016,TiltUp,14,14,14,5544,5544,5927,5927,5668,5662,5745,5745,766.0,766.0,78.32898172323759,78.32898172323759,77,83,154.0,166.0,,,12.0,12.0,7.228915662650602
GDN0016,TiltUp,15,15,15,5927,5927,6302,6302,6051,6044,6122,6119,740.0,740.0,81.08108108108108,81.08108108108108,71,75,142.0,150.0,,,8.0,8.0,5.333333333333334
GDN0016,TiltUp,16,16,16,6302,6302,6673,6673,6421,6414,6493,6484,744.0,744.0,80.64516129032258,80.64516129032258,72,70,144.0,140.0,,,-4.0,4.0,2.857142857142857
GDN0016,TiltUp,17,17,17,6673,6673,7047,7047,6792,6786,6865,6874,752.0,752.0,79.7872340425532,79.7872340425532,73,88,146.0,176.0,,,30.0,30.0,17.045454545454543
GDN0016,TiltUp,18,18,18,7047,7047,7432,7432,7168,7162,7238,7244,780.0,780.0,76.92307692307692,76.92307692307692,70,82,140.0,164.0,,,24.0,24.0,14.634146341463413
GDN0016,TiltUp,19,19,19,7432,7432,7830,7830,7558,7552,7627,7634,804.0,804.0,74.62686567164178,74.62686567164178,69,82,138.0,164.0,,,26.0,26.0,15.853658536585366
GDN0016,TiltUp,20,20,20,7830,7830,8247,8247,7960,7954,8033,8039,850.0,850.0,70.58823529411765,70.58823529411765,73,85,146.0,170.0,,,24.0,24.0,14.117647058823529
GDN0016,TiltUp,21,21,21,8247,8247,8677,8677,8385,8380,8458,8465,866.0,866.0,69.28406466512702,69.28406466512702,73,85,146.0,170.0,,,24.0,24.0,14.117647058823529
GDN0016,TiltUp,22,22,22,8677,8677,9103,9103,8818,8812,8889,8895,842.0,842.0,71.25890736342043,71.25890736342043,71,83,142.0,166.0,,,24.0,24.0,14.457831325301203
GDN0016,TiltUp,23,23,23,9103,9103,9528,9528,9239,9233,9311,9306,856.0,856.0,70.09345794392523,70.09345794392523,72,73,144.0,146.0,,,2.0,2.0,1.36986301369863
GDN0016,TiltUp,24,24,24,9528,9528,9954,9954,9668,9661,9737,9733,850.0,850.0,70.58823529411765,70.58823529411765,69,72,138.0,144.0,,,6.0,6.0,4.166666666666666
GDN0016,TiltUp,25,25,25,9954,9954,10377,10377,10091,10085,10161,10168,842.0,842.0,71.25890736342043,71.25890736342043,70,83,140.0,166.0,,,26.0,26.0,15.66265060240964
GDN0016,TiltUp,26,26,26,10377,10377,10795,10795,10513,10507,10588,10593,834.0,834.0,71.94244604316548,71.94244604316548,75,86,150.0,172.0,,,22.0,22.0,12.790697674418606
GDN0016,TiltUp,27,27,27,10795,10795,11200,11200,10930,10923,11003,11002,798.0,798.0,75.18796992481202,75.18796992481202,73,79,146.0,158.0,,,12.0,12.0,7.59493670886076
GDN0016,TiltUp,28,28,28,11200,11200,11599,11599,11329,11323,11400,11404,798.0,798.0,75.18796992481202,75.18796992481202,71,81,142.0,162.0,,,20.0,20.0,12.345679012345679
GDN0016,TiltUp,29,29,29,11599,11599,11995,11995,11728,11722,11798,11802,788.0,788.0,76.14213197969544,76.14213197969544,70,80,140.0,160.0,,,20.0,20.0,12.5
GDN0016,TiltUp,30,30,30,11995,11995,12390,12390,12122,12116,12192,12204,792.0,792.0,75.75757575757575,75.75757575757575,70,88,140.0,176.0,,,36.0,36.0,20.454545454545457
GDN0016,TiltUp,31,31,31,12390,12390,12787,12787,12518,12511,12596,12598,794.0,794.0,75.56675062972292,75.56675062972292,78,87,156.0,174.0,,,18.0,18.0,10.344827586206897
GDN0016,TiltUp,32,32,32,12787,12787,13179,13179,12915,12909,12987,12977,778.0,778.0,77.12082262210797,77.12082262210797,72,68,144.0,136.0,,,-8.0,8.0,5.88235294117647
GDN0016,TiltUp,33,33,33,13179,13179,13572,13572,13304,13298,13374,13378,792.0,792.0,75.75757575757575,75.75757575757575,70,80,140.0,160.0,,,20.0,20.0,12.5
GDN0016,TiltUp,34,34,34,13572,13572,13976,13976,13701,13694,13771,13771,814.0,814.0,73.71007371007371,73.71007371007371,70,77,140.0,154.0,,,14.0,14.0,9.090909090909092
GDN0016,TiltUp,35,35,35,13976,13976,14387,14387,14107,14101,14175,14186,828.0,828.0,72.46376811594203,72.46376811594203,68,85,136.0,170.0,,,34.0,34.0,20.0
GDN0016,TiltUp,36,36,36,14387,14387,14808,14808,14521,14515,14595,14602,848.0,848.0,70.75471698113208,70.75471698113208,74,87,148.0,174.0,,,26.0,26.0,14.942528735632186
GDN0016,TiltUp,37,37,37,14808,14808,15232,15232,14946,14940,15018,15023,850.0,850.0,70.58823529411765,70.58823529411765,72,83,144.0,166.0,,,22.0,22.0,13.253012048192772
GDN0016,TiltUp,38,38,38,15232,15232,15653,15653,15370,15364,15443,15434,836.0,836.0,71.77033492822967,71.77033492822967,73,70,146.0,140.0,,,-6.0,6.0,4.285714285714286
GDN0016,TiltUp,39,39,39,15653,15653,16073,16073,15788,15782,15860,15862,842.0,842.0,71.25890736342043,71.25890736342043,72,80,144.0,160.0,,,16.0,16.0,10.0
GDN0016,TiltUp,40,40,40,16073,16073,16491,16491,16209,16203,16277,16286,834.0,834.0,71.94244604316548,71.94244604316548,68,83,136.0,166.0,,,30.0,30.0,18.072289156626507
GDN0016,TiltUp,41,41,41,16491,16491,16911,16911,16625,16620,16696,16705,842.0,842.0,71.25890736342043,71.25890736342043,71,85,142.0,170.0,,,28.0,28.0,16.470588235294116
GDN0016,TiltUp,42,42,42,16911,16911,17328,17328,17047,17041,17122,17130,830.0,830.0,72.28915662650603,72.28915662650603,75,89,150.0,178.0,,,28.0,28.0,15.730337078651685
GDN0016,TiltUp,43,43,43,17328,17328,17736,17736,17462,17456,17535,17536,810.0,810.0,74.07407407407408,74.07407407407408,73,80,146.0,160.0,,,14.0,14.0,8.75
GDN0016,TiltUp,44,44,44,17736,17736,18135,18135,17867,17861,17939,17936,790.0,790.0,75.94936708860759,75.94936708860759,72,75,144.0,150.0,,,6.0,6.0,4.0
GDN0016,TiltUp,45,45,45,18135,18135,18528,18528,18262,18256,18335,18335,786.0,786.0,76.33587786259541,76.33587786259541,73,79,146.0,158.0,,,12.0,12.0,7.59493670886076
GDN0016,TiltUp,46,46,46,18528,18528,18921,18921,18655,18649,18727,18732,786.0,786.0,76.33587786259541,76.33587786259541,72,83,144.0,166.0,,,22.0,22.0,13.253012048192772
GDN0016,TiltUp,47,47,47,18921,18921,19317,19317,19048,19042,19126,19126,794.0,794.0,75.56675062972292,75.56675062972292,78,84,156.0,168.0,,,12.0,12.0,7.142857142857142
GDN0016,TiltUp,48,48,48,19317,19317,19713,19713,19445,19440,19516,19527,790.0,790.0,75.94936708860759,75.94936708860759,71,87,142.0,174.0,,,32.0,32.0,18.39080459770115
GDN0016,TiltUp,49,49,49,19713,19713,20105,20105,19840,19834,19913,19912,782.0,782.0,76.72634271099744,76.72634271099744,73,78,146.0,156.0,,,10.0,10.0,6.41025641025641
GDN0016,TiltUp,50,50,50,20105,20105,20497,20497,20231,20226,20301,20299,786.0,786.0,76.33587786259541,76.33587786259541,70,73,140.0,146.0,,,6.0,6.0,4.10958904109589
GDN0016,TiltUp,51,51,51,20497,20497,20891,20891,20624,20618,20692,20695,788.0,788.0,76.14213197969544,76.14213197969544,68,77,136.0,154.0,,,18.0,18.0,11.688311688311687
GDN0016,TiltUp,52,52,52,20891,20891,21290,21290,21018,21013,21095,21101,804.0,804.0,74.62686567164178,74.62686567164178,77,88,154.0,176.0,,,22.0,22.0,12.5
GDN0016,TiltUp,53,53,53,21290,21290,21689,21689,21420,21415,21495,21496,794.0,794.0,75.56675062972292,75.56675062972292,75,81,150.0,162.0,,,12.0,12.0,7.4074074074074066
GDN0016,TiltUp,54,54,54,21689,21689,22080,22080,21817,21811,21889,21881,774.0,774.0,77.51937984496124,77.51937984496124,72,70,144.0,140.0,,,-4.0,4.0,2.857142857142857
GDN0016,TiltUp,55,55,55,22080,22080,22468,22468,22204,22199,22276,22273,780.0,780.0,76.92307692307692,76.92307692307692,72,74,144.0,148.0,,,4.0,4.0,2.7027027027027026
GDN0016,TiltUp,56,56,56,22468,22468,22860,22860,22594,22588,22664,22664,786.0,786.0,76.33587786259541,76.33587786259541,70,76,140.0,152.0,,,12.0,12.0,7.894736842105263
GDN0016,TiltUp,57,57,57,22860,22860,23254,23254,22987,22981,23058,23064,788.0,788.0,76.14213197969544,76.14213197969544,71,83,142.0,166.0,,,24.0,24.0,14.457831325301203
GDN0016,TiltUp,58,58,58,23254,23254,23649,23649,23381,23375,23454,23457,790.0,790.0,75.94936708860759,75.94936708860759,73,82,146.0,164.0,,,18.0,18.0,10.975609756097562
GDN0016,TiltUp,59,59,59,23649,23649,24034,24034,23776,23770,23847,23847,760.0,760.0,78.94736842105263,78.94736842105263,71,77,142.0,154.0,,,12.0,12.0,7.792207792207792
GDN0016,TiltUp,60,60,60,24034,24034,24412,24412,24157,24150,24229,24221,754.0,754.0,79.57559681697613,79.57559681697613,72,71,144.0,142.0,,,-2.0,2.0,1.4084507042253522
GDN0016,TiltUp,61,61,61,24412,24412,24790,24790,24533,24527,24603,24606,758.0,758.0,79.15567282321899,79.15567282321899,70,79,140.0,158.0,,,18.0,18.0,11.39240506329114
GDN0016,TiltUp,62,62,62,24790,24790,25173,25173,24912,24907,24984,24987,768.0,768.0,78.125,78.125,72,80,144.0,160.0,,,16.0,16.0,10.0
GDN0016,TiltUp,63,63,63,25173,25173,25561,25561,25296,25290,25366,25378,782.0,782.0,76.72634271099744,76.72634271099744,70,88,140.0,176.0,,,36.0,36.0,20.454545454545457
GDN0016,TiltUp,64,64,64,25561,25561,25953,25953,25687,25681,25759,25767,784.0,784.0,76.53061224489795,76.53061224489795,72,86,144.0,172.0,,,28.0,28.0,16.27906976744186
GDN0016,TiltUp,65,65,65,25953,25953,26343,26343,26079,26073,26150,26158,778.0,778.0,77.12082262210797,77.12082262210797,71,85,142.0,170.0,,,28.0,28.0,16.470588235294116
GDN0016,TiltUp,66,66,66,26343,26343,26738,26738,26469,26463,26537,26537,798.0,798.0,75.18796992481202,75.18796992481202,68,74,136.0,148.0,,,12.0,12.0,8.108108108108109
GDN0016,TiltUp,67,67,67,26738,26738,27141,27141,26866,26860,26940,26928,808.0,808.0,74.25742574257426,74.25742574257426,74,68,148.0,136.0,,,-12.0,12.0,8.823529411764707
GDN0016,TiltUp,68,68,68,27141,27141,27552,27552,27271,27265,27342,27352,832.0,832.0,72.11538461538461,72.11538461538461,71,87,142.0,174.0,,,32.0,32.0,18.39080459770115
GDN0016,TiltUp,69,69,69,27552,27552,27970,27970,27687,27682,27757,27762,836.0,836.0,71.77033492822967,71.77033492822967,70,80,140.0,160.0,,,20.0,20.0,12.5
GDN0016,TiltUp,70,70,70,27970,27970,28383,28383,28105,28100,28177,28171,822.0,822.0,72.99270072992701,72.99270072992701,72,71,144.0,142.0,,,-2.0,2.0,1.4084507042253522
GDN0016,TiltUp,71,71,71,28383,28383,28793,28793,28516,28510,28588,28581,818.0,818.0,73.34963325183375,73.34963325183375,72,71,144.0,142.0,,,-2.0,2.0,1.4084507042253522
GDN0016,TiltUp,72,72,72,28793,28793,29198,29198,28925,28919,28997,29002,806.0,806.0,74.44168734491315,74.44168734491315,72,83,144.0,166.0,,,22.0,22.0,13.253012048192772
GDN0016,TiltUp,73,73,73,29198,29198,29600,29600,29328,29322,29398,29408,804.0,804.0,74.62686567164178,74.62686567164178,70,86,140.0,172.0,,,32.0,32.0,18.6046511627907
GDN0016,TiltLevel,0,0,0,40,40,644,644,239,234,307,313,1208.0,1208.0,49.66887417218543,49.66887417218543,68,79,136.0,158.0,,,22.0,22.0,13.924050632911392
GDN0016,TiltLevel,1,1,1,644,644,1244,1244,842,837,911,904,1198.0,1198.0,50.08347245409015,50.08347245409015,69,67,138.0,134.0,,,-4.0,4.0,2.9850746268656714
GDN0016,TiltLevel,2,2,2,1244,1244,1824,1824,1443,1437,1508,1500,1138.0,1138.0,52.72407732864675,52.72407732864675,65,63,130.0,126.0,,,-4.0,4.0,3.1746031746031744
GDN0016,TiltLevel,3,3,3,1824,1824,2423,2423,2011,2005,2080,2071,1232.0,1232.0,48.701298701298704,48.701298701298704,69,66,138.0,132.0,,,-6.0,6.0,4.545454545454546
GDN0016,TiltLevel,4,4,4,2423,2423,3028,3028,2627,2622,2693,2670,1196.0,1196.0,50.16722408026756,50.16722408026756,66,48,132.0,96.0,,,-36.0,36.0,37.5
GDN0016,TiltLevel,5,5,5,3028,3028,3602,3602,3225,3220,3290,3283,1122.0,1122.0,53.475935828877,53.475935828877,65,63,130.0,126.0,,,-4.0,4.0,3.1746031746031744
GDN0016,TiltLevel,6,6,6,3602,3602,4198,4198,3786,3781,3853,3843,1232.0,1232.0,48.701298701298704,48.701298701298704,67,62,134.0,124.0,,,-10.0,10.0,8.064516129032258
GDN0016,TiltLevel,7,7,7,4198,4198,4821,4821,4402,4397,4467,4452,1252.0,1252.0,47.92332268370607,47.92332268370607,65,55,130.0,110.0,,,-20.0,20.0,18.181818181818183
GDN0016,TiltLevel,8,8,8,4821,4821,5399,5399,5028,5022,5092,5068,1106.0,1106.0,54.24954792043399,54.24954792043399,64,46,128.0,92.0,,,-36.0,36.0,39.130434782608695
GDN0016,TiltLevel,9,9,9,5399,5399,5990,5990,5581,5576,5649,5640,1220.0,1220.0,49.18032786885246,49.18032786885246,68,64,136.0,128.0,,,-8.0,8.0,6.25
GDN0016,TiltLevel,10,10,10,5990,5990,6593,6593,6191,6186,6253,6254,1200.0,1200.0,50.0,50.0,62,68,124.0,136.0,,,12.0,12.0,8.823529411764707
GDN0016,TiltLevel,11,11,11,6593,6593,7175,7175,6791,6786,6857,6853,1144.0,1144.0,52.447552447552454,52.447552447552454,66,67,132.0,134.0,,,2.0,2.0,1.4925373134328357
GDN0016,TiltLevel,12,12,12,7175,7175,7798,7798,7363,7358,7430,7419,1302.0,1302.0,46.08294930875576,46.08294930875576,67,61,134.0,122.0,,,-12.0,12.0,9.836065573770492
GDN0016,TiltLevel,13,13,13,7798,7798,8499,8499,8013,8008,8079,8058,1456.0,1456.0,41.20879120879121,41.20879120879121,66,50,132.0,100.0,,,-32.0,32.0,32.0
GDN0016,TiltLevel,14,14,14,8499,8499,9138,9138,8742,8736,8806,8811,1182.0,1182.0,50.76142131979696,50.76142131979696,64,75,128.0,150.0,,,22.0,22.0,14.666666666666666
GDN0016,TiltLevel,15,15,15,9138,9138,9747,9747,9333,9327,9399,9390,1238.0,1238.0,48.46526655896607,48.46526655896607,66,63,132.0,126.0,,,-6.0,6.0,4.761904761904762
GDN0016,TiltLevel,16,16,16,9747,9747,10366,10366,9951,9946,10018,9996,1236.0,1236.0,48.54368932038835,48.54368932038835,67,50,134.0,100.0,,,-34.0,34.0,34.0
GDN0016,TiltLevel,17,17,17,10366,10366,10965,10965,10569,10564,10638,10627,1178.0,1178.0,50.93378607809847,50.93378607809847,69,63,138.0,126.0,,,-12.0,12.0,9.523809523809524
GDN0016,TiltLevel,18,18,18,10965,10965,11588,11588,11159,11154,11227,11221,1282.0,1282.0,46.80187207488299,46.80187207488299,68,67,136.0,134.0,,,-2.0,2.0,1.4925373134328357
GDN0016,TiltLevel,19,19,19,11588,11588,12227,12227,11800,11795,11867,11842,1278.0,1278.0,46.948356807511736,46.948356807511736,67,47,134.0,94.0,,,-40.0,40.0,42.5531914893617
GDN0016,TiltLevel,20,20,20,12227,12227,12861,12861,12439,12433,12503,12508,1262.0,1262.0,47.543581616481774,47.543581616481774,64,75,128.0,150.0,,,22.0,22.0,14.666666666666666
GDN0016,TiltLevel,22,22,22,13518,13518,14159,14159,13740,13735,13806,13783,1248.0,1248.0,48.07692307692308,48.07692307692308,66,48,132.0,96.0,,,-36.0,36.0,37.5
GDN0016,TiltLevel,23,23,23,14159,14159,14737,14737,14364,14359,14432,14407,1108.0,1108.0,54.15162454873646,54.15162454873646,68,48,136.0,96.0,,,-40.0,40.0,41.66666666666667
GDN0016,TiltLevel,24,24,24,14737,14737,15326,15326,14918,14913,14990,14978,1214.0,1214.0,49.423393739703464,49.423393739703464,72,65,144.0,130.0,,,-14.0,14.0,10.76923076923077
GDN0016,TiltLevel,25,25,25,15326,15326,15975,15975,15525,15520,15591,15565,1344.0,1344.0,44.64285714285714,44.64285714285714,66,45,132.0,90.0,,,-42.0,42.0,46.666666666666664
GDN0016,TiltLevel,26,26,26,15975,15975,16583,16583,16198,16192,16264,16241,1148.0,1148.0,52.264808362369344,52.264808362369344,66,49,132.0,98.0,,,-34.0,34.0,34.69387755102041
GDN0016,TiltLevel,28,28,28,17135,17135,17715,17714,17311,17305,17380,17379,1202.0,1202.0,49.91680532445923,49.91680532445923,69,74,138.0,148.0,,,10.0,10.0,6.756756756756757
GDN0016,TiltLevel,29,29,29,17715,17714,18305,18305,17913,17908,17979,17976,1170.0,1170.0,51.282051282051285,51.282051282051285,66,68,132.0,136.0,,,4.0,4.0,2.941176470588235
GDN0016,TiltLevel,30,30,30,18305,18305,18855,18855,18498,18493,18563,18577,1062.0,1062.0,56.497175141242934,56.497175141242934,65,84,130.0,168.0,,,38.0,38.0,22.61904761904762
GDN0016,TiltLevel,31,31,31,18855,18855,19412,19411,19028,19023,19096,19089,1142.0,1142.0,52.53940455341507,52.53940455341507,68,66,136.0,132.0,,,-4.0,4.0,3.0303030303030303
GDN0016,TiltLevel,32,32,32,19412,19411,19981,19981,19600,19595,19665,19661,1134.0,1134.0,52.91005291005291,52.91005291005291,65,66,130.0,132.0,,,2.0,2.0,1.5151515151515151
GDN0016,TiltLevel,33,33,33,19981,19981,20523,20523,20167,20161,20232,20221,1058.0,1058.0,56.71077504725898,56.71077504725898,65,60,130.0,120.0,,,-10.0,10.0,8.333333333333332
GDN0016,TiltLevel,34,34,34,20523,20523,21083,21083,20696,20690,20764,20757,1154.0,1154.0,51.99306759098787,51.99306759098787,68,67,136.0,134.0,,,-2.0,2.0,1.4925373134328357
GDN0016,TiltLevel,35,35,35,21083,21083,21670,21670,21272,21267,21340,21341,1186.0,1186.0,50.59021922428331,50.59021922428331,68,74,136.0,148.0,,,12.0,12.0,8.108108108108109
GDN0016,TiltLevel,36,36,36,21670,21670,22229,22229,21866,21860,21931,21912,1080.0,1080.0,55.55555555555555,55.55555555555555,65,52,130.0,104.0,,,-26.0,26.0,25.0
GDN0016,TiltLevel,37,37,37,22229,22229,22798,22798,22406,22401,22476,22471,1170.0,1170.0,51.282051282051285,51.282051282051285,70,70,140.0,140.0,,,0.0,0.0,0.0
GDN0016,TiltLevel,38,38,38,22798,22798,23384,23384,22991,22986,23056,23036,1172.0,1172.0,51.19453924914676,51.19453924914676,65,50,130.0,100.0,,,-30.0,30.0,30.0
GDN0016,TiltLevel,39,39,39,23384,23384,23941,23941,23577,23571,23644,23625,1082.0,1082.0,55.452865064695004,55.452865064695004,67,54,134.0,108.0,,,-26.0,26.0,24.074074074074073
GDN0016,TiltLevel,40,40,40,23941,23941,24504,24504,24118,24113,24185,24192,1150.0,1150.0,52.173913043478265,52.173913043478265,67,79,134.0,158.0,,,24.0,24.0,15.18987341772152
GDN0016,TiltLevel,41,41,41,24504,24504,25101,25101,24693,24688,24760,24735,1218.0,1218.0,49.26108374384236,49.26108374384236,67,47,134.0,94.0,,,-40.0,40.0,42.5531914893617
GDN0016,TiltLevel,42,42,42,25101,25101,25672,25672,25302,25296,25367,25348,1102.0,1102.0,54.44646098003629,54.44646098003629,65,52,130.0,104.0,,,-26.0,26.0,25.0
GDN0016,TiltLevel,43,43,43,25672,25672,26254,26254,25852,25847,25918,25919,1198.0,1198.0,50.08347245409015,50.08347245409015,66,72,132.0,144.0,,,12.0,12.0,8.333333333333332
GDN0016,TiltLevel,44,44,44,26254,26254,26850,26850,26452,26447,26520,26491,1188.0,1188.0,50.505050505050505,50.505050505050505,68,44,136.0,88.0,,,-48.0,48.0,54.54545454545454
GDN0016,TiltLevel,45,45,45,26850,26850,27417,27417,27046,27040,27111,27089,1106.0,1106.0,54.24954792043399,54.24954792043399,65,49,130.0,98.0,,,-32.0,32.0,32.6530612244898
GDN0016,TiltLevel,46,46,46,27417,27417,27993,27993,27598,27593,27667,27663,1174.0,1174.0,51.107325383304946,51.107325383304946,69,70,138.0,140.0,,,2.0,2.0,1.4285714285714286
GDN0016,TiltLevel,47,47,47,27993,27993,28576,28576,28185,28180,28253,28232,1162.0,1162.0,51.63511187607573,51.63511187607573,68,52,136.0,104.0,,,-32.0,32.0,30.76923076923077
GDN0016,TiltLevel,48,48,48,28576,28576,29156,29156,28766,28761,28834,28823,1160.0,1160.0,51.724137931034484,51.724137931034484,68,62,136.0,124.0,,,-12.0,12.0,9.67741935483871
GDN0016,TiltLevel,49,49,49,29156,29156,29756,29756,29347,29342,29414,29414,1222.0,1222.0,49.09983633387889,49.09983633387889,67,72,134.0,144.0,,,10.0,10.0,6.944444444444445
GDN0017,Valsalva,0,0,0,41,41,539,539,205,201,271,277,996.0,996.0,60.24096385542169,60.24096385542169,66,76,132.0,152.0,,,20.0,20.0,13.157894736842104
GDN0017,Valsalva,1,1,1,539,539,1033,1033,703,699,766,778,986.0,986.0,60.851926977687626,60.851926977687626,63,79,126.0,158.0,,,32.0,32.0,20.253164556962027
GDN0017,Valsalva,2,2,2,1033,1033,1529,1529,1196,1191,1260,1271,994.0,994.0,60.36217303822938,60.36217303822938,64,80,128.0,160.0,,,32.0,32.0,20.0
GDN0017,Valsalva,3,3,3,1529,1529,2029,2029,1692,1688,1761,1777,1002.0,1002.0,59.880239520958085,59.880239520958085,69,89,138.0,178.0,,,40.0,40.0,22.47191011235955
GDN0017,Valsalva,4,4,4,2029,2029,2530,2530,2194,2189,2263,2271,1004.0,1004.0,59.7609561752988,59.7609561752988,69,82,138.0,164.0,,,26.0,26.0,15.853658536585366
GDN0017,Valsalva,5,5,5,2530,2530,3030,3030,2696,2692,2763,2771,998.0,998.0,60.120240480961925,60.120240480961925,67,79,134.0,158.0,,,24.0,24.0,15.18987341772152
GDN0017,Valsalva,6,6,6,3030,3030,3528,3528,3195,3191,3263,3269,994.0,994.0,60.36217303822938,60.36217303822938,68,78,136.0,156.0,,,20.0,20.0,12.82051282051282
GDN0017,Valsalva,7,7,7,3528,3528,4015,4015,3692,3687,3757,3764,964.0,964.0,62.24066390041494,62.24066390041494,65,77,130.0,154.0,,,24.0,24.0,15.584415584415584
GDN0017,Valsalva,8,8,8,4015,4015,4494,4494,4174,4169,4237,4232,954.0,954.0,62.89308176100629,62.89308176100629,63,63,126.0,126.0,,,0.0,0.0,0.0
GDN0017,Valsalva,9,9,9,4494,4494,4974,4974,4651,4647,4719,4736,962.0,962.0,62.37006237006237,62.37006237006237,68,89,136.0,178.0,,,42.0,42.0,23.595505617977526
GDN0017,Valsalva,10,10,10,4974,4974,5452,5452,5132,5128,5201,5207,954.0,954.0,62.89308176100629,62.89308176100629,69,79,138.0,158.0,,,20.0,20.0,12.658227848101266
GDN0017,Valsalva,11,11,11,5452,5452,5921,5921,5609,5604,5677,5686,930.0,930.0,64.51612903225806,64.51612903225806,68,82,136.0,164.0,,,28.0,28.0,17.073170731707318
GDN0017,Valsalva,12,12,12,5921,5921,6372,6372,6074,6070,6142,6146,886.0,886.0,67.72009029345372,67.72009029345372,68,76,136.0,152.0,,,16.0,16.0,10.526315789473683
GDN0017,Valsalva,13,13,13,6372,6372,6818,6818,6516,6512,6584,6591,894.0,894.0,67.11409395973155,67.11409395973155,68,79,136.0,158.0,,,22.0,22.0,13.924050632911392
GDN0017,Valsalva,14,14,14,6818,6818,7272,7272,6964,6959,7030,7038,916.0,916.0,65.50218340611353,65.50218340611353,66,79,132.0,158.0,,,26.0,26.0,16.455696202531644
GDN0017,Valsalva,15,15,15,7272,7272,7732,7732,7422,7417,7487,7495,922.0,922.0,65.0759219088937,65.0759219088937,65,78,130.0,156.0,,,26.0,26.0,16.666666666666664
GDN0017,Valsalva,16,16,16,7732,7732,8189,8189,7883,7878,7945,7945,910.0,910.0,65.93406593406593,65.93406593406593,62,67,124.0,134.0,,,10.0,10.0,7.462686567164178
GDN0017,Valsalva,17,17,17,8189,8189,8647,8647,8338,8334,8399,8415,920.0,920.0,65.21739130434783,65.21739130434783,61,81,122.0,162.0,,,40.0,40.0,24.691358024691358
GDN0017,Valsalva,18,18,18,8647,8647,9114,9114,8798,8793,8864,8872,942.0,942.0,63.69426751592357,63.69426751592357,66,79,132.0,158.0,,,26.0,26.0,16.455696202531644
GDN0017,Valsalva,19,19,19,9114,9114,9598,9598,9268,9264,9336,9339,982.0,982.0,61.09979633401222,61.09979633401222,68,75,136.0,150.0,,,14.0,14.0,9.333333333333334
GDN0017,Valsalva,20,20,20,9598,9598,10090,10090,9759,9755,9829,9836,984.0,984.0,60.97560975609756,60.97560975609756,70,81,140.0,162.0,,,22.0,22.0,13.580246913580247
GDN0017,Valsalva,21,21,21,10090,10090,10575,10575,10252,10248,10320,10326,964.0,964.0,62.24066390041494,62.24066390041494,68,78,136.0,156.0,,,20.0,20.0,12.82051282051282
GDN0017,Valsalva,22,22,22,10575,10575,11057,11057,10734,10730,10801,10810,964.0,964.0,62.24066390041494,62.24066390041494,67,80,134.0,160.0,,,26.0,26.0,16.25
GDN0017,Valsalva,23,23,23,11057,11057,11526,11526,11215,11211,11281,11282,924.0,924.0,64.93506493506493,64.93506493506493,66,71,132.0,142.0,,,10.0,10.0,7.042253521126761
GDN0017,Valsalva,24,24,24,11526,11526,11984,11984,11677,11673,11741,11748,910.0,910.0,65.93406593406593,65.93406593406593,64,75,128.0,150.0,,,22.0,22.0,14.666666666666666
GDN0017,Valsalva,25,25,25,11984,11984,12443,12443,12133,12128,12198,12198,924.0,924.0,64.93506493506493,64.93506493506493,65,70,130.0,140.0,,,10.0,10.0,7.142857142857142
GDN0017,Valsalva,26,26,26,12443,12443,12916,12916,12595,12591,12662,12676,958.0,958.0,62.63048016701462,62.63048016701462,67,85,134.0,170.0,,,36.0,36.0,21.176470588235293
GDN0017,Valsalva,27,27,27,12916,12916,13407,13407,13073,13069,13142,13151,994.0,994.0,60.36217303822938,60.36217303822938,69,82,138.0,164.0,,,26.0,26.0,15.853658536585366
GDN0017,Valsalva,28,28,28,13407,13407,13909,13909,13571,13567,13641,13650,1008.0,1008.0,59.523809523809526,59.523809523809526,70,83,140.0,166.0,,,26.0,26.0,15.66265060240964
GDN0017,Valsalva,29,29,29,13909,13909,14416,14416,14075,14070,14144,14154,1018.0,1018.0,58.93909626719057,58.93909626719057,69,84,138.0,168.0,,,30.0,30.0,17.857142857142858
GDN0017,Valsalva,30,30,30,14416,14416,14922,14922,14584,14579,14651,14663,1008.0,1008.0,59.523809523809526,59.523809523809526,67,84,134.0,168.0,,,34.0,34.0,20.238095238095237
GDN0017,Valsalva,31,31,31,14922,14922,15424,15424,15088,15084,15155,15163,1004.0,1004.0,59.7609561752988,59.7609561752988,67,79,134.0,158.0,,,24.0,24.0,15.18987341772152
GDN0017,Valsalva,32,32,32,15424,15424,15916,15916,15590,15586,15653,15662,972.0,972.0,61.7283950617284,61.7283950617284,63,76,126.0,152.0,,,26.0,26.0,17.105263157894736
GDN0017,Valsalva,33,33,33,15916,15916,16399,16399,16076,16072,16132,16141,962.0,962.0,62.37006237006237,62.37006237006237,56,69,112.0,138.0,,,26.0,26.0,18.84057971014493
GDN0017,Valsalva,34,34,34,16399,16399,16887,16887,16556,16552,16621,16634,986.0,986.0,60.851926977687626,60.851926977687626,65,82,130.0,164.0,,,34.0,34.0,20.73170731707317
GDN0017,Valsalva,35,35,35,16887,16887,17393,17393,17049,17045,17119,17132,1026.0,1026.0,58.47953216374269,58.47953216374269,70,87,140.0,174.0,,,34.0,34.0,19.54022988505747
GDN0017,Valsalva,36,36,36,17393,17393,17912,17912,17563,17558,17630,17642,1044.0,1044.0,57.47126436781609,57.47126436781609,67,84,134.0,168.0,,,34.0,34.0,20.238095238095237
GDN0017,Valsalva,37,37,37,17912,17912,18436,18436,18085,18081,18154,18162,1048.0,1048.0,57.25190839694656,57.25190839694656,69,81,138.0,162.0,,,24.0,24.0,14.814814814814813
GDN0017,Valsalva,38,38,38,18436,18436,18958,18958,18609,18605,18679,18680,1042.0,1042.0,57.58157389635316,57.58157389635316,70,75,140.0,150.0,,,10.0,10.0,6.666666666666667
GDN0017,Valsalva,39,39,39,18958,18958,19477,19477,19130,19126,19199,19206,1036.0,1036.0,57.915057915057915,57.915057915057915,69,80,138.0,160.0,,,22.0,22.0,13.750000000000002
GDN0017,Valsalva,40,40,40,19477,19477,19985,19985,19648,19644,19714,19720,1006.0,1006.0,59.642147117296226,59.642147117296226,66,76,132.0,152.0,,,20.0,20.0,13.157894736842104
GDN0017,Valsalva,41,41,41,19985,19985,20480,20480,20150,20146,20214,20207,982.0,982.0,61.09979633401222,61.09979633401222,64,61,128.0,122.0,,,-6.0,6.0,4.918032786885246
GDN0017,Valsalva,42,42,42,20480,20480,20974,20974,20641,20637,20705,20710,990.0,990.0,60.60606060606061,60.60606060606061,64,73,128.0,146.0,,,18.0,18.0,12.32876712328767
GDN0017,Valsalva,43,43,43,20974,20974,21478,21478,21137,21133,21205,21215,1020.0,1020.0,58.8235294117647,58.8235294117647,68,82,136.0,164.0,,,28.0,28.0,17.073170731707318
GDN0017,Valsalva,44,44,44,21478,21478,21992,21992,21647,21643,21716,21723,1032.0,1032.0,58.13953488372093,58.13953488372093,69,80,138.0,160.0,,,22.0,22.0,13.750000000000002
GDN0017,Valsalva,45,45,45,21992,21992,22505,22505,22163,22158,22231,22239,1022.0,1022.0,58.708414872798436,58.708414872798436,68,81,136.0,162.0,,,26.0,26.0,16.049382716049383
GDN0017,Valsalva,46,46,46,22505,22505,23008,23008,22674,22669,22741,22750,996.0,996.0,60.24096385542169,60.24096385542169,67,81,134.0,162.0,,,28.0,28.0,17.28395061728395
GDN0017,Valsalva,47,47,47,23008,23008,23498,23498,23172,23167,23236,23238,972.0,972.0,61.7283950617284,61.7283950617284,64,71,128.0,142.0,,,14.0,14.0,9.859154929577464
GDN0017,Valsalva,48,48,48,23498,23498,23988,23988,23658,23654,23724,23731,984.0,984.0,60.97560975609756,60.97560975609756,66,77,132.0,154.0,,,22.0,22.0,14.285714285714285
GDN0017,Valsalva,49,49,49,23988,23988,24484,24484,24149,24145,24218,24227,998.0,998.0,60.120240480961925,60.120240480961925,69,82,138.0,164.0,,,26.0,26.0,15.853658536585366
GDN0017,Valsalva,50,50,50,24484,24484,24985,24985,24649,24644,24719,24726,1002.0,1002.0,59.880239520958085,59.880239520958085,70,82,140.0,164.0,,,24.0,24.0,14.634146341463413
GDN0017,Valsalva,51,51,51,24985,24985,25486,25486,25150,25145,25218,25225,1002.0,1002.0,59.880239520958085,59.880239520958085,68,80,136.0,160.0,,,24.0,24.0,15.0
GDN0017,Valsalva,52,52,52,25486,25486,25978,25978,25651,25646,25717,25722,974.0,974.0,61.601642710472284,61.601642710472284,66,76,132.0,152.0,,,20.0,20.0,13.157894736842104
GDN0017,Valsalva,53,53,53,25978,25978,26460,26460,26138,26134,26201,26206,960.0,960.0,62.5,62.5,63,72,126.0,144.0,,,18.0,18.0,12.5
GDN0017,Valsalva,54,54,54,26460,26460,26946,26946,26618,26614,26683,26693,980.0,980.0,61.224489795918366,61.224489795918366,65,79,130.0,158.0,,,28.0,28.0,17.72151898734177
GDN0017,Valsalva,55,55,55,26946,26946,27442,27442,27108,27103,27174,27182,996.0,996.0,60.24096385542169,60.24096385542169,66,79,132.0,158.0,,,26.0,26.0,16.455696202531644
GDN0017,Valsalva,56,56,56,27442,27442,27941,27941,27606,27602,27676,27682,1000.0,1000.0,60.0,60.0,70,80,140.0,160.0,,,20.0,20.0,12.5
GDN0017,Valsalva,57,57,57,27941,27941,28440,28440,28106,28101,28174,28184,996.0,996.0,60.24096385542169,60.24096385542169,68,83,136.0,166.0,,,30.0,30.0,18.072289156626507
GDN0017,Valsalva,58,58,58,28440,28440,28930,28930,28604,28600,28670,28673,972.0,972.0,61.7283950617284,61.7283950617284,66,73,132.0,146.0,,,14.0,14.0,9.58904109589041
GDN0017,Valsalva,59,59,59,28930,28930,29411,29411,29090,29086,29154,29159,958.0,958.0,62.63048016701462,62.63048016701462,64,73,128.0,146.0,,,18.0,18.0,12.32876712328767
GDN0017,Valsalva,60,60,60,29411,29411,29890,29890,29568,29564,29635,29642,,,,,67,78,134.0,156.0,,,22.0,22.0,14.102564102564102
GDN0017,HoldingBreath,0,0,0,376,376,846,846,531,527,594,604,940.0,940.0,63.829787234042556,63.829787234042556,63,77,126.0,154.0,,,28.0,28.0,18.181818181818183
GDN0017,HoldingBreath,1,1,1,846,846,1325,1325,1001,996,1068,1072,966.0,966.0,62.11180124223603,62.11180124223603,67,76,134.0,152.0,,,18.0,18.0,11.842105263157894
GDN0017,HoldingBreath,2,2,2,1325,1325,1810,1810,1484,1479,1553,1556,972.0,972.0,61.7283950617284,61.7283950617284,69,77,138.0,154.0,,,16.0,16.0,10.38961038961039
GDN0017,HoldingBreath,3,3,3,1810,1810,2282,2282,1970,1966,2032,2032,928.0,928.0,64.6551724137931,64.6551724137931,62,66,124.0,132.0,,,8.0,8.0,6.0606060606060606
GDN0017,HoldingBreath,4,4,4,2282,2282,2749,2749,2433,2429,2499,2507,938.0,938.0,63.965884861407254,63.965884861407254,66,78,132.0,156.0,,,24.0,24.0,15.384615384615385
GDN0017,HoldingBreath,5,5,5,2749,2749,3210,3210,2903,2898,2976,2979,914.0,914.0,65.64551422319475,65.64551422319475,73,81,146.0,162.0,,,16.0,16.0,9.876543209876543
GDN0017,HoldingBreath,6,6,6,3210,3210,3647,3647,3360,3356,3425,3433,852.0,852.0,70.4225352112676,70.4225352112676,65,77,130.0,154.0,,,24.0,24.0,15.584415584415584
GDN0017,HoldingBreath,7,7,7,3647,3647,4072,4072,3786,3781,3850,3856,848.0,848.0,70.75471698113208,70.75471698113208,64,75,128.0,150.0,,,22.0,22.0,14.666666666666666
GDN0017,HoldingBreath,8,8,8,4072,4072,4496,4496,4210,4206,4277,4276,850.0,850.0,70.58823529411765,70.58823529411765,67,70,134.0,140.0,,,6.0,6.0,4.285714285714286
GDN0017,HoldingBreath,9,9,9,4496,4496,4923,4923,4634,4630,4698,4704,854.0,854.0,70.2576112412178,70.2576112412178,64,74,128.0,148.0,,,20.0,20.0,13.513513513513514
GDN0017,HoldingBreath,10,10,10,4923,4923,5359,5359,5062,5058,5127,5136,884.0,884.0,67.87330316742081,67.87330316742081,65,78,130.0,156.0,,,26.0,26.0,16.666666666666664
GDN0017,HoldingBreath,11,11,11,5359,5359,5810,5810,5504,5499,5569,5573,912.0,912.0,65.78947368421052,65.78947368421052,65,74,130.0,148.0,,,18.0,18.0,12.162162162162163
GDN0017,HoldingBreath,12,12,12,5810,5810,6274,6274,5959,5955,6027,6032,934.0,934.0,64.23982869379014,64.23982869379014,68,77,136.0,154.0,,,18.0,18.0,11.688311688311687
GDN0017,HoldingBreath,13,13,13,6274,6274,6737,6737,6426,6422,6489,6486,924.0,924.0,64.93506493506493,64.93506493506493,63,64,126.0,128.0,,,2.0,2.0,1.5625
GDN0017,HoldingBreath,14,14,14,6737,6737,7203,7203,6889,6884,6953,6961,936.0,936.0,64.1025641025641,64.1025641025641,64,77,128.0,154.0,,,26.0,26.0,16.883116883116884
GDN0017,HoldingBreath,15,15,15,7203,7203,7674,7674,7356,7352,7424,7431,944.0,944.0,63.55932203389831,63.55932203389831,68,79,136.0,158.0,,,22.0,22.0,13.924050632911392
GDN0017,HoldingBreath,16,16,16,7674,7674,8133,8133,7828,7824,7895,7899,906.0,906.0,66.2251655629139,66.2251655629139,67,75,134.0,150.0,,,16.0,16.0,10.666666666666668
GDN0017,HoldingBreath,17,17,17,8133,8133,8584,8584,8282,8278,8346,8347,898.0,898.0,66.81514476614699,66.81514476614699,64,69,128.0,138.0,,,10.0,10.0,7.246376811594203
GDN0017,HoldingBreath,18,18,18,8584,8584,9032,9032,8730,8726,8797,8803,896.0,896.0,66.96428571428571,66.96428571428571,67,77,134.0,154.0,,,20.0,20.0,12.987012987012985
GDN0017,HoldingBreath,19,19,19,9032,9032,9482,9482,9179,9175,9247,9259,900.0,900.0,66.66666666666667,66.66666666666667,68,84,136.0,168.0,,,32.0,32.0,19.047619047619047
GDN0017,HoldingBreath,20,20,20,9482,9482,9930,9930,9629,9625,9694,9703,896.0,896.0,66.96428571428571,66.96428571428571,65,78,130.0,156.0,,,26.0,26.0,16.666666666666664
GDN0017,HoldingBreath,21,21,21,9930,9930,10376,10376,10077,10073,10141,10145,890.0,890.0,67.41573033707866,67.41573033707866,64,72,128.0,144.0,,,16.0,16.0,11.11111111111111
GDN0017,HoldingBreath,22,22,22,10376,10376,10823,10823,10522,10518,10602,10584,894.0,894.0,67.11409395973155,67.11409395973155,80,66,160.0,132.0,,,-28.0,28.0,21.21212121212121
GDN0017,HoldingBreath,23,23,23,10823,10823,11275,11275,10968,10964,11032,11043,912.0,912.0,65.78947368421052,65.78947368421052,64,79,128.0,158.0,,,30.0,30.0,18.9873417721519
GDN0017,HoldingBreath,24,24,24,11275,11275,11737,11737,11425,11420,11491,11497,928.0,928.0,64.6551724137931,64.6551724137931,66,77,132.0,154.0,,,22.0,22.0,14.285714285714285
GDN0017,HoldingBreath,25,25,25,11737,11737,12201,12201,11889,11884,11953,11959,928.0,928.0,64.6551724137931,64.6551724137931,64,75,128.0,150.0,,,22.0,22.0,14.666666666666666
GDN0017,HoldingBreath,26,26,26,12201,12201,12667,12667,12353,12349,12419,12428,934.0,934.0,64.23982869379014,64.23982869379014,66,79,132.0,158.0,,,26.0,26.0,16.455696202531644
GDN0017,HoldingBreath,27,27,27,12667,12667,13126,13126,12820,12815,12880,12887,910.0,910.0,65.93406593406593,65.93406593406593,60,72,120.0,144.0,,,24.0,24.0,16.666666666666664
GDN0017,HoldingBreath,28,28,28,13126,13126,13581,13581,13275,13271,13340,13345,910.0,910.0,65.93406593406593,65.93406593406593,65,74,130.0,148.0,,,18.0,18.0,12.162162162162163
GDN0017,HoldingBreath,29,29,29,13581,13581,14038,14038,13730,13726,13796,13806,916.0,916.0,65.50218340611353,65.50218340611353,66,80,132.0,160.0,,,28.0,28.0,17.5
GDN0017,HoldingBreath,30,30,30,14038,14038,14508,14508,14188,14184,14255,14263,954.0,954.0,62.89308176100629,62.89308176100629,67,79,134.0,158.0,,,24.0,24.0,15.18987341772152
GDN0017,HoldingBreath,31,31,31,14508,14508,15044,15044,14664,14659,14733,14746,1136.0,1136.0,52.81690140845071,52.81690140845071,69,87,138.0,174.0,,,36.0,36.0,20.689655172413794
GDN0017,HoldingBreath,32,32,32,15044,15044,15599,15599,15232,15227,15301,15310,1094.0,1094.0,54.84460694698354,54.84460694698354,69,83,138.0,166.0,,,28.0,28.0,16.867469879518072
GDN0017,HoldingBreath,33,33,33,15599,15599,16136,16136,15779,15774,15847,15855,1066.0,1066.0,56.28517823639775,56.28517823639775,68,81,136.0,162.0,,,26.0,26.0,16.049382716049383
GDN0017,HoldingBreath,34,34,34,16136,16136,16666,16666,16313,16310,16382,16387,1054.0,1054.0,56.92599620493358,56.92599620493358,69,77,138.0,154.0,,,16.0,16.0,10.38961038961039
GDN0017,HoldingBreath,35,35,35,16666,16666,17178,17178,16840,16836,16908,16915,1008.0,1008.0,59.523809523809526,59.523809523809526,68,79,136.0,158.0,,,22.0,22.0,13.924050632911392
GDN0017,HoldingBreath,36,36,36,17178,17178,17675,17675,17343,17339,17409,17415,988.0,988.0,60.72874493927126,60.72874493927126,66,76,132.0,152.0,,,20.0,20.0,13.157894736842104
GDN0017,HoldingBreath,37,37,37,17675,17675,18167,18167,17838,17834,17907,17911,982.0,982.0,61.09979633401222,61.09979633401222,69,77,138.0,154.0,,,16.0,16.0,10.38961038961039
GDN0017,HoldingBreath,38,38,38,18167,18167,18650,18650,18329,18324,18394,18419,956.0,956.0,62.761506276150634,62.761506276150634,65,95,130.0,190.0,,,60.0,60.0,31.57894736842105
GDN0017,HoldingBreath,39,39,39,18650,18650,19134,19134,18806,18802,18872,18875,976.0,976.0,61.47540983606557,61.47540983606557,66,73,132.0,146.0,,,14.0,14.0,9.58904109589041
GDN0017,HoldingBreath,40,40,40,19134,19134,19625,19625,19294,19290,19364,19372,984.0,984.0,60.97560975609756,60.97560975609756,70,82,140.0,164.0,,,24.0,24.0,14.634146341463413
GDN0017,HoldingBreath,41,41,41,19625,19625,20112,20112,19787,19782,19852,19857,968.0,968.0,61.98347107438017,61.98347107438017,65,75,130.0,150.0,,,20.0,20.0,13.333333333333334
GDN0017,HoldingBreath,42,42,42,20112,20112,20607,20607,20271,20267,20336,20344,1002.0,1002.0,59.880239520958085,59.880239520958085,65,77,130.0,154.0,,,24.0,24.0,15.584415584415584
GDN0017,HoldingBreath,43,43,43,20607,20607,21111,21111,20772,20767,20839,20847,1012.0,1012.0,59.28853754940712,59.28853754940712,67,80,134.0,160.0,,,26.0,26.0,16.25
GDN0017,HoldingBreath,44,44,44,21111,21111,21618,21618,21278,21273,21340,21348,1014.0,1014.0,59.171597633136095,59.171597633136095,62,75,124.0,150.0,,,26.0,26.0,17.333333333333336
GDN0017,HoldingBreath,45,45,45,21618,21618,22128,22128,21785,21780,21853,21862,1026.0,1026.0,58.47953216374269,58.47953216374269,68,82,136.0,164.0,,,28.0,28.0,17.073170731707318
GDN0017,HoldingBreath,46,46,46,22128,22128,22637,22637,22297,22293,22366,22371,1012.0,1012.0,59.28853754940712,59.28853754940712,69,78,138.0,156.0,,,18.0,18.0,11.538461538461538
GDN0017,HoldingBreath,47,47,47,22637,22637,23134,23134,22804,22800,22869,22874,986.0,986.0,60.851926977687626,60.851926977687626,65,74,130.0,148.0,,,18.0,18.0,12.162162162162163
GDN0017,HoldingBreath,48,48,48,23134,23134,23629,23629,23297,23293,23363,23373,990.0,990.0,60.60606060606061,60.60606060606061,66,80,132.0,160.0,,,28.0,28.0,17.5
GDN0017,HoldingBreath,49,49,49,23629,23629,24122,24122,23792,23788,23859,23869,984.0,984.0,60.97560975609756,60.97560975609756,67,81,134.0,162.0,,,28.0,28.0,17.28395061728395
GDN0017,HoldingBreath,50,50,50,24122,24122,24610,24610,24284,24280,24349,24359,972.0,972.0,61.7283950617284,61.7283950617284,65,79,130.0,158.0,,,28.0,28.0,17.72151898734177
GDN0017,HoldingBreath,51,51,51,24610,24610,25101,25101,24770,24766,24834,24842,988.0,988.0,60.72874493927126,60.72874493927126,64,76,128.0,152.0,,,24.0,24.0,15.789473684210526
GDN0017,HoldingBreath,52,52,52,25101,25101,25595,25595,25263,25259,25331,25338,988.0,988.0,60.72874493927126,60.72874493927126,68,79,136.0,158.0,,,22.0,22.0,13.924050632911392
GDN0017,HoldingBreath,53,53,53,25595,25595,26080,26080,25758,25754,25825,25836,960.0,960.0,62.5,62.5,67,82,134.0,164.0,,,30.0,30.0,18.29268292682927
GDN0017,HoldingBreath,54,54,54,26080,26080,26561,26561,26238,26234,26303,26308,964.0,964.0,62.24066390041494,62.24066390041494,65,74,130.0,148.0,,,18.0,18.0,12.162162162162163
GDN0017,HoldingBreath,55,55,55,26561,26561,27043,27043,26720,26716,26786,26794,962.0,962.0,62.37006237006237,62.37006237006237,66,78,132.0,156.0,,,24.0,24.0,15.384615384615385
GDN0017,HoldingBreath,56,56,56,27043,27043,27513,27513,27201,27197,27268,27278,928.0,928.0,64.6551724137931,64.6551724137931,67,81,134.0,162.0,,,28.0,28.0,17.28395061728395
GDN0017,HoldingBreath,57,57,57,27513,27513,27977,27977,27665,27661,27730,27740,928.0,928.0,64.6551724137931,64.6551724137931,65,79,130.0,158.0,,,28.0,28.0,17.72151898734177
GDN0017,HoldingBreath,58,58,58,27977,27977,28448,28448,28128,28124,28194,28202,952.0,952.0,63.02521008403362,63.02521008403362,66,78,132.0,156.0,,,24.0,24.0,15.384615384615385
GDN0017,HoldingBreath,59,59,59,28448,28448,28926,28926,28605,28600,28670,28681,958.0,958.0,62.63048016701462,62.63048016701462,65,81,130.0,162.0,,,32.0,32.0,19.753086419753085
GDN0017,HoldingBreath,60,60,60,28926,28926,29403,29403,29084,29080,29148,29135,952.0,952.0,63.02521008403362,63.02521008403362,64,55,128.0,110.0,,,-18.0,18.0,16.363636363636363
GDN0017,HoldingBreath,61,61,61,29403,29403,29879,29879,29559,29555,29626,29636,,,,,67,81,134.0,162.0,,,28.0,28.0,17.28395061728395
GDN0017,TiltUp,0,0,0,178,178,625,625,324,320,395,405,894.0,894.0,67.11409395973155,67.11409395973155,71,85,142.0,170.0,,,28.0,28.0,16.470588235294116
GDN0017,TiltUp,1,1,1,625,625,1055,1055,772,767,840,854,842.0,842.0,71.25890736342043,71.25890736342043,68,87,136.0,174.0,,,38.0,38.0,21.839080459770116
GDN0017,TiltUp,2,2,2,1055,1055,1458,1458,1193,1189,1264,1266,788.0,788.0,76.14213197969544,76.14213197969544,71,77,142.0,154.0,,,12.0,12.0,7.792207792207792
GDN0017,TiltUp,3,3,3,1458,1458,1833,1833,1586,1582,1656,1664,728.0,728.0,82.41758241758242,82.41758241758242,70,82,140.0,164.0,,,24.0,24.0,14.634146341463413
GDN0017,TiltUp,4,4,4,1833,1833,2190,2190,1950,1946,2019,2035,708.0,708.0,84.74576271186442,84.74576271186442,69,89,138.0,178.0,,,40.0,40.0,22.47191011235955
GDN0017,TiltUp,5,5,5,2190,2190,2549,2549,2305,2300,2373,2389,722.0,722.0,83.10249307479225,83.10249307479225,68,89,136.0,178.0,,,42.0,42.0,23.595505617977526
GDN0017,TiltUp,6,6,6,2549,2549,2926,2926,2665,2661,2737,2739,772.0,772.0,77.720207253886,77.720207253886,72,78,144.0,156.0,,,12.0,12.0,7.6923076923076925
GDN0017,TiltUp,7,7,7,2926,2926,3333,3333,3051,3047,3119,3130,836.0,836.0,71.77033492822967,71.77033492822967,68,83,136.0,166.0,,,30.0,30.0,18.072289156626507
GDN0017,TiltUp,8,8,8,3333,3333,3773,3773,3470,3465,3541,3545,904.0,904.0,66.3716814159292,66.3716814159292,71,80,142.0,160.0,,,18.0,18.0,11.25
GDN0017,TiltUp,9,9,9,3773,3773,4233,4233,3922,3917,3989,3992,928.0,928.0,64.6551724137931,64.6551724137931,67,75,134.0,150.0,,,16.0,16.0,10.666666666666668
GDN0017,TiltUp,10,10,10,4233,4233,4700,4700,4385,4381,4464,4467,940.0,940.0,63.829787234042556,63.829787234042556,79,86,158.0,172.0,,,14.0,14.0,8.13953488372093
GDN0017,TiltUp,11,11,11,4700,4700,5164,5164,4856,4851,4924,4944,920.0,920.0,65.21739130434783,65.21739130434783,68,93,136.0,186.0,,,50.0,50.0,26.881720430107524
GDN0017,TiltUp,12,12,12,5164,5164,5615,5615,5316,5311,5392,5398,892.0,892.0,67.26457399103138,67.26457399103138,76,87,152.0,174.0,,,22.0,22.0,12.643678160919542
GDN0017,TiltUp,13,13,13,5615,5615,6048,6048,5761,5757,5832,5849,852.0,852.0,70.4225352112676,70.4225352112676,71,92,142.0,184.0,,,42.0,42.0,22.82608695652174
GDN0017,TiltUp,14,14,14,6048,6048,6456,6456,6187,6183,6255,6269,798.0,798.0,75.18796992481202,75.18796992481202,68,86,136.0,172.0,,,36.0,36.0,20.930232558139537
GDN0017,TiltUp,15,15,15,6456,6456,6837,6837,6587,6583,6660,6669,742.0,742.0,80.86253369272237,80.86253369272237,73,86,146.0,172.0,,,26.0,26.0,15.11627906976744
GDN0017,TiltUp,16,16,16,6837,6837,7189,7189,6958,6953,7025,7051,682.0,682.0,87.97653958944281,87.97653958944281,67,98,134.0,196.0,,,62.0,62.0,31.63265306122449
GDN0017,TiltUp,17,17,17,7189,7189,7519,7519,7299,7295,7372,7370,650.0,650.0,92.3076923076923,92.3076923076923,73,75,146.0,150.0,,,4.0,4.0,2.666666666666667
GDN0017,TiltUp,18,18,18,7519,7519,7838,7838,7624,7619,7691,7702,630.0,630.0,95.23809523809524,95.23809523809524,67,83,134.0,166.0,,,32.0,32.0,19.27710843373494
GDN0017,TiltUp,21,21,21,8479,8479,8811,8811,8584,8579,8651,8662,670.0,670.0,89.55223880597015,89.55223880597015,67,83,134.0,166.0,,,32.0,32.0,19.27710843373494
GDN0017,TiltUp,22,22,22,8811,8811,9155,9155,8919,8915,8986,8995,698.0,698.0,85.9598853868195,85.9598853868195,67,80,134.0,160.0,,,26.0,26.0,16.25
GDN0017,TiltUp,23,23,23,9155,9155,9518,9518,9267,9263,9335,9348,740.0,740.0,81.08108108108108,81.08108108108108,68,85,136.0,170.0,,,34.0,34.0,20.0
GDN0017,TiltUp,24,24,24,9518,9518,9916,9916,9637,9633,9709,9720,828.0,828.0,72.46376811594203,72.46376811594203,72,87,144.0,174.0,,,30.0,30.0,17.24137931034483
GDN0017,TiltUp,25,25,25,9916,9916,10354,10354,10051,10046,10118,10126,902.0,902.0,66.51884700665188,66.51884700665188,67,80,134.0,160.0,,,26.0,26.0,16.25
GDN0017,TiltUp,26,26,26,10354,10354,10815,10815,10502,10498,10571,10576,932.0,932.0,64.37768240343347,64.37768240343347,69,78,138.0,156.0,,,18.0,18.0,11.538461538461538
GDN0017,TiltUp,27,27,27,10815,10815,11276,11276,10968,10964,11039,11044,918.0,918.0,65.359477124183,65.359477124183,71,80,142.0,160.0,,,18.0,18.0,11.25
GDN0017,TiltUp,28,28,28,11276,11276,11730,11730,11427,11423,11499,11499,902.0,902.0,66.51884700665188,66.51884700665188,72,76,144.0,152.0,,,8.0,8.0,5.263157894736842
GDN0017,TiltUp,29,29,29,11730,11730,12173,12173,11878,11874,11949,11962,876.0,876.0,68.4931506849315,68.4931506849315,71,88,142.0,176.0,,,34.0,34.0,19.318181818181817
GDN0017,TiltUp,30,30,30,12173,12173,12597,12597,12317,12313,12390,12406,834.0,834.0,71.94244604316548,71.94244604316548,73,93,146.0,186.0,,,40.0,40.0,21.50537634408602
GDN0017,TiltUp,31,31,31,12597,12597,12998,12998,12734,12729,12806,12831,786.0,786.0,76.33587786259541,76.33587786259541,72,102,144.0,204.0,,,60.0,60.0,29.411764705882355
GDN0017,TiltUp,32,32,32,12998,12998,13371,13371,13127,13122,13199,13213,724.0,724.0,82.87292817679558,82.87292817679558,72,91,144.0,182.0,,,38.0,38.0,20.87912087912088
GDN0017,TiltUp,33,33,33,13371,13371,13724,13724,13489,13485,13562,13573,696.0,696.0,86.20689655172414,86.20689655172414,73,88,146.0,176.0,,,30.0,30.0,17.045454545454543
GDN0017,TiltUp,34,34,34,13724,13724,14066,14066,13837,13833,13910,13916,676.0,676.0,88.75739644970413,88.75739644970413,73,83,146.0,166.0,,,20.0,20.0,12.048192771084338
GDN0017,TiltUp,35,35,35,14066,14066,14397,14397,14174,14170,14244,14268,654.0,654.0,91.74311926605505,91.74311926605505,70,98,140.0,196.0,,,56.0,56.0,28.57142857142857
GDN0017,TiltUp,36,36,36,14397,14397,14724,14724,14502,14498,14572,14585,656.0,656.0,91.46341463414633,91.46341463414633,70,87,140.0,174.0,,,34.0,34.0,19.54022988505747
GDN0017,TiltUp,37,37,37,14724,14724,15061,15061,14829,14825,14900,14908,682.0,682.0,87.97653958944281,87.97653958944281,71,83,142.0,166.0,,,24.0,24.0,14.457831325301203
GDN0017,TiltUp,38,38,38,15061,15061,15428,15428,15169,15165,15238,15250,762.0,762.0,78.74015748031496,78.74015748031496,69,85,138.0,170.0,,,32.0,32.0,18.823529411764707
GDN0017,TiltUp,39,39,39,15428,15428,15857,15857,15551,15546,15624,15645,912.0,912.0,65.78947368421052,65.78947368421052,73,99,146.0,198.0,,,52.0,52.0,26.262626262626267
GDN0017,TiltUp,40,40,40,15857,15857,16349,16349,16007,16003,16076,16084,1022.0,1022.0,58.708414872798436,58.708414872798436,69,81,138.0,162.0,,,24.0,24.0,14.814814814814813
GDN0017,TiltUp,41,41,41,16349,16349,16845,16845,16518,16514,16585,16585,976.0,976.0,61.47540983606557,61.47540983606557,67,71,134.0,142.0,,,8.0,8.0,5.633802816901409
GDN0017,TiltUp,42,42,42,16845,16845,17329,17329,17007,17002,17079,17087,964.0,964.0,62.24066390041494,62.24066390041494,72,85,144.0,170.0,,,26.0,26.0,15.294117647058824
GDN0017,TiltUp,43,43,43,17329,17329,17800,17800,17488,17484,17555,17577,930.0,930.0,64.51612903225806,64.51612903225806,67,93,134.0,186.0,,,52.0,52.0,27.956989247311824
GDN0017,TiltUp,44,44,44,17800,17800,18248,18248,17953,17949,18020,18042,876.0,876.0,68.4931506849315,68.4931506849315,67,93,134.0,186.0,,,52.0,52.0,27.956989247311824
GDN0017,TiltUp,45,45,45,18248,18248,18661,18661,18391,18387,18462,18471,800.0,800.0,75.0,75.0,71,84,142.0,168.0,,,26.0,26.0,15.476190476190476
GDN0017,TiltUp,47,47,47,19038,19038,19390,19390,19157,19152,19226,19254,688.0,688.0,87.2093023255814,87.2093023255814,69,102,138.0,204.0,,,66.0,66.0,32.35294117647059
GDN0017,TiltUp,48,48,48,19390,19390,19726,19726,19501,19497,19569,19580,666.0,666.0,90.09009009009009,90.09009009009009,68,83,136.0,166.0,,,30.0,30.0,18.072289156626507
GDN0017,TiltUp,49,49,49,19726,19726,20055,20055,19834,19830,19902,19917,652.0,652.0,92.02453987730061,92.02453987730061,68,87,136.0,174.0,,,38.0,38.0,21.839080459770116
GDN0017,TiltUp,50,50,50,20055,20055,20378,20378,20160,20155,20224,20241,644.0,644.0,93.16770186335404,93.16770186335404,64,86,128.0,172.0,,,44.0,44.0,25.581395348837212
GDN0017,TiltUp,51,51,51,20378,20378,20704,20704,20482,20478,20551,20556,654.0,654.0,91.74311926605505,91.74311926605505,69,78,138.0,156.0,,,18.0,18.0,11.538461538461538
GDN0017,TiltUp,52,52,52,20704,20704,21034,21034,20809,20805,20879,20890,666.0,666.0,90.09009009009009,90.09009009009009,70,85,140.0,170.0,,,30.0,30.0,17.647058823529413
GDN0017,TiltUp,53,53,53,21034,21034,21375,21375,21142,21138,21213,21226,690.0,690.0,86.95652173913044,86.95652173913044,71,88,142.0,176.0,,,34.0,34.0,19.318181818181817
GDN0017,TiltUp,54,54,54,21375,21375,21740,21740,21486,21482,21557,21571,750.0,750.0,80.0,80.0,71,89,142.0,178.0,,,36.0,36.0,20.224719101123593
GDN0017,TiltUp,55,55,55,21740,21740,22138,22138,21862,21857,21929,21939,822.0,822.0,72.99270072992701,72.99270072992701,67,82,134.0,164.0,,,30.0,30.0,18.29268292682927
GDN0017,TiltUp,56,56,56,22138,22138,22564,22564,22273,22269,22341,22354,868.0,868.0,69.12442396313364,69.12442396313364,68,85,136.0,170.0,,,34.0,34.0,20.0
GDN0017,TiltUp,57,57,57,22564,22564,22999,22999,22706,22702,22773,22782,872.0,872.0,68.80733944954129,68.80733944954129,67,80,134.0,160.0,,,26.0,26.0,16.25
GDN0017,TiltUp,58,58,58,22999,22999,23439,23439,23143,23139,23211,23231,884.0,884.0,67.87330316742081,67.87330316742081,68,92,136.0,184.0,,,48.0,48.0,26.08695652173913
GDN0017,TiltUp,59,59,59,23439,23439,23877,23877,23584,23580,23652,23664,870.0,870.0,68.96551724137932,68.96551724137932,68,84,136.0,168.0,,,32.0,32.0,19.047619047619047
GDN0017,TiltUp,60,60,60,23877,23877,24303,24303,24019,24015,24088,24103,844.0,844.0,71.09004739336493,71.09004739336493,69,88,138.0,176.0,,,38.0,38.0,21.59090909090909
GDN0017,TiltUp,61,61,61,24303,24303,24714,24714,24442,24437,24514,24523,810.0,810.0,74.07407407407408,74.07407407407408,72,86,144.0,172.0,,,28.0,28.0,16.27906976744186
GDN0017,TiltUp,62,62,62,24714,24714,25106,25106,24846,24842,24918,24930,770.0,770.0,77.92207792207792,77.92207792207792,72,88,144.0,176.0,,,32.0,32.0,18.181818181818183
GDN0017,TiltUp,63,63,63,25106,25106,25476,25476,25231,25226,25303,25315,724.0,724.0,82.87292817679558,82.87292817679558,72,89,144.0,178.0,,,34.0,34.0,19.101123595505616
GDN0017,TiltUp,64,64,64,25476,25476,25825,25825,25593,25589,25665,25674,682.0,682.0,87.97653958944281,87.97653958944281,72,85,144.0,170.0,,,26.0,26.0,15.294117647058824
GDN0017,TiltUp,65,65,65,25825,25825,26158,26158,25935,25931,26004,26003,660.0,660.0,90.9090909090909,90.9090909090909,69,72,138.0,144.0,,,6.0,6.0,4.166666666666666
GDN0017,TiltUp,66,66,66,26158,26158,26488,26488,26265,26260,26332,26358,658.0,658.0,91.1854103343465,91.1854103343465,67,98,134.0,196.0,,,62.0,62.0,31.63265306122449
GDN0017,TiltUp,67,67,67,26488,26488,26822,26822,26593,26589,26669,26685,674.0,674.0,89.02077151335311,89.02077151335311,76,96,152.0,192.0,,,40.0,40.0,20.833333333333336
GDN0017,TiltUp,68,68,68,26822,26822,27170,27170,26931,26927,26999,27025,708.0,708.0,84.74576271186442,84.74576271186442,68,98,136.0,196.0,,,60.0,60.0,30.612244897959183
GDN0017,TiltUp,70,70,70,27531,27531,27904,27904,27650,27646,27723,27734,754.0,754.0,79.57559681697613,79.57559681697613,73,88,146.0,176.0,,,30.0,30.0,17.045454545454543
GDN0017,TiltUp,71,71,71,27904,27904,28285,28285,28027,28022,28102,28106,766.0,766.0,78.32898172323759,78.32898172323759,75,84,150.0,168.0,,,18.0,18.0,10.714285714285714
GDN0017,TiltUp,72,72,72,28285,28285,28667,28667,28409,28405,28478,28506,762.0,762.0,78.74015748031496,78.74015748031496,69,101,138.0,202.0,,,64.0,64.0,31.683168316831683
GDN0017,TiltUp,73,73,73,28667,28667,29045,29045,28790,28786,28863,28873,754.0,754.0,79.57559681697613,79.57559681697613,73,87,146.0,174.0,,,28.0,28.0,16.091954022988507
GDN0017,TiltUp,74,74,74,29045,29045,29419,29419,29168,29164,29237,29256,744.0,744.0,80.64516129032258,80.64516129032258,69,92,138.0,184.0,,,46.0,46.0,25.0
GDN0017,TiltUp,75,75,75,29419,29419,29787,29787,29539,29535,29610,29625,732.0,732.0,81.9672131147541,81.9672131147541,71,90,142.0,180.0,,,38.0,38.0,21.11111111111111
GDN0017,TiltLevel,0,0,0,242,242,723,723,400,396,465,468,962.0,962.0,62.37006237006237,62.37006237006237,65,72,130.0,144.0,,,14.0,14.0,9.722222222222223
GDN0017,TiltLevel,1,1,1,723,723,1213,1213,881,876,946,961,992.0,992.0,60.483870967741936,60.483870967741936,65,85,130.0,170.0,,,40.0,40.0,23.52941176470588
GDN0017,TiltLevel,2,2,2,1213,1213,1705,1705,1377,1373,1446,1464,978.0,978.0,61.34969325153374,61.34969325153374,69,91,138.0,182.0,,,44.0,44.0,24.175824175824175
GDN0017,TiltLevel,3,3,3,1705,1705,2185,2185,1866,1862,1928,1940,950.0,950.0,63.15789473684211,63.15789473684211,62,78,124.0,156.0,,,32.0,32.0,20.51282051282051
GDN0017,TiltLevel,4,4,4,2185,2185,2670,2670,2341,2337,2407,2412,980.0,980.0,61.224489795918366,61.224489795918366,66,75,132.0,150.0,,,18.0,18.0,12.0
GDN0017,TiltLevel,5,5,5,2670,2670,3156,3156,2831,2826,2897,2910,970.0,970.0,61.855670103092784,61.855670103092784,66,84,132.0,168.0,,,36.0,36.0,21.428571428571427
GDN0017,TiltLevel,6,6,6,3156,3156,3628,3628,3316,3311,3383,3387,928.0,928.0,64.6551724137931,64.6551724137931,67,76,134.0,152.0,,,18.0,18.0,11.842105263157894
GDN0017,TiltLevel,7,7,7,3628,3628,4091,4091,3779,3775,3841,3856,926.0,926.0,64.79481641468682,64.79481641468682,62,81,124.0,162.0,,,38.0,38.0,23.456790123456788
GDN0017,TiltLevel,8,8,8,4091,4091,4560,4560,4243,4239,4310,4321,944.0,944.0,63.55932203389831,63.55932203389831,67,82,134.0,164.0,,,30.0,30.0,18.29268292682927
GDN0017,TiltLevel,9,9,9,4560,4560,5020,5020,4715,4711,4778,4793,908.0,908.0,66.07929515418502,66.07929515418502,63,82,126.0,164.0,,,38.0,38.0,23.170731707317074
GDN0017,TiltLevel,10,10,10,5020,5020,5476,5476,5168,5164,5232,5236,914.0,914.0,65.64551422319475,65.64551422319475,64,72,128.0,144.0,,,16.0,16.0,11.11111111111111
GDN0017,TiltLevel,11,11,11,5476,5476,5943,5943,5625,5621,5689,5704,946.0,946.0,63.42494714587738,63.42494714587738,64,83,128.0,166.0,,,38.0,38.0,22.89156626506024
GDN0017,TiltLevel,12,12,12,5943,5943,6421,6421,6098,6094,6167,6176,960.0,960.0,62.5,62.5,69,82,138.0,164.0,,,26.0,26.0,15.853658536585366
GDN0017,TiltLevel,13,13,13,6421,6421,6884,6884,6578,6574,6647,6670,908.0,908.0,66.07929515418502,66.07929515418502,69,96,138.0,192.0,,,54.0,54.0,28.125
GDN0017,TiltLevel,14,14,14,6884,6884,7340,7340,7033,7029,7097,7110,914.0,914.0,65.64551422319475,65.64551422319475,64,81,128.0,162.0,,,34.0,34.0,20.98765432098765
GDN0017,TiltLevel,15,15,15,7340,7340,7794,7794,7490,7486,7555,7573,906.0,906.0,66.2251655629139,66.2251655629139,65,87,130.0,174.0,,,44.0,44.0,25.287356321839084
GDN0017,TiltLevel,16,16,16,7794,7794,8240,8240,7943,7939,8004,8012,882.0,882.0,68.02721088435374,68.02721088435374,61,73,122.0,146.0,,,24.0,24.0,16.43835616438356
GDN0017,TiltLevel,17,17,17,8240,8240,8687,8687,8384,8380,8447,8455,902.0,902.0,66.51884700665188,66.51884700665188,63,75,126.0,150.0,,,24.0,24.0,16.0
GDN0017,TiltLevel,18,18,18,8687,8687,9144,9144,8835,8831,8901,8916,920.0,920.0,65.21739130434783,65.21739130434783,66,85,132.0,170.0,,,38.0,38.0,22.35294117647059
GDN0017,TiltLevel,19,19,19,9144,9144,9600,9600,9294,9290,9361,9378,908.0,908.0,66.07929515418502,66.07929515418502,67,88,134.0,176.0,,,42.0,42.0,23.863636363636363
GDN0017,TiltLevel,20,20,20,9600,9600,10054,10054,9749,9745,9810,9820,908.0,908.0,66.07929515418502,66.07929515418502,61,75,122.0,150.0,,,28.0,28.0,18.666666666666668
GDN0017,TiltLevel,21,21,21,10054,10054,10520,10520,10202,10198,10266,10264,946.0,946.0,63.42494714587738,63.42494714587738,64,66,128.0,132.0,,,4.0,4.0,3.0303030303030303
GDN0017,TiltLevel,22,22,22,10520,10520,10995,10995,10676,10671,10742,10754,950.0,950.0,63.15789473684211,63.15789473684211,66,83,132.0,166.0,,,34.0,34.0,20.481927710843372
GDN0017,TiltLevel,23,23,23,10995,10995,11461,11461,11150,11146,11212,11215,922.0,922.0,65.0759219088937,65.0759219088937,62,69,124.0,138.0,,,14.0,14.0,10.144927536231885
GDN0017,TiltLevel,24,24,24,11461,11461,11926,11926,11611,11607,11675,11686,936.0,936.0,64.1025641025641,64.1025641025641,64,79,128.0,158.0,,,30.0,30.0,18.9873417721519
GDN0017,TiltLevel,25,25,25,11926,11926,12399,12399,12080,12076,12145,12157,952.0,952.0,63.02521008403362,63.02521008403362,65,81,130.0,162.0,,,32.0,32.0,19.753086419753085
GDN0017,TiltLevel,26,26,26,12399,12399,12868,12868,12555,12551,12622,12627,930.0,930.0,64.51612903225806,64.51612903225806,67,76,134.0,152.0,,,18.0,18.0,11.842105263157894
GDN0017,TiltLevel,27,27,27,12868,12868,13328,13328,13021,13017,13086,13090,914.0,914.0,65.64551422319475,65.64551422319475,65,73,130.0,146.0,,,16.0,16.0,10.95890410958904
GDN0017,TiltLevel,28,28,28,13328,13328,13793,13793,13478,13474,13543,13553,938.0,938.0,63.965884861407254,63.965884861407254,65,79,130.0,158.0,,,28.0,28.0,17.72151898734177
GDN0017,TiltLevel,29,29,29,13793,13793,14264,14264,13947,13943,14014,14020,944.0,944.0,63.55932203389831,63.55932203389831,67,77,134.0,154.0,,,20.0,20.0,12.987012987012985
GDN0017,TiltLevel,30,30,30,14264,14264,14733,14733,14418,14414,14484,14496,934.0,934.0,64.23982869379014,64.23982869379014,66,82,132.0,164.0,,,32.0,32.0,19.51219512195122
GDN0017,TiltLevel,31,31,31,14733,14733,15199,15199,14886,14882,14949,14949,932.0,932.0,64.37768240343347,64.37768240343347,63,67,126.0,134.0,,,8.0,8.0,5.970149253731343
GDN0017,TiltLevel,32,32,32,15199,15199,15675,15675,15352,15347,15416,15428,962.0,962.0,62.37006237006237,62.37006237006237,64,81,128.0,162.0,,,34.0,34.0,20.98765432098765
GDN0017,TiltLevel,33,33,33,15675,15675,16154,16154,15833,15829,15900,15917,958.0,958.0,62.63048016701462,62.63048016701462,67,88,134.0,176.0,,,42.0,42.0,23.863636363636363
GDN0017,TiltLevel,34,34,34,16154,16154,16632,16632,16312,16307,16380,16387,954.0,954.0,62.89308176100629,62.89308176100629,68,80,136.0,160.0,,,24.0,24.0,15.0
GDN0017,TiltLevel,35,35,35,16632,16632,17100,17100,16788,16784,16852,16851,926.0,926.0,64.79481641468682,64.79481641468682,64,67,128.0,134.0,,,6.0,6.0,4.477611940298507
GDN0017,TiltLevel,36,36,36,17100,17100,17572,17572,17252,17247,17315,17317,954.0,954.0,62.89308176100629,62.89308176100629,63,70,126.0,140.0,,,14.0,14.0,10.0
GDN0017,TiltLevel,37,37,37,17572,17572,18053,18053,17728,17724,17795,17804,966.0,966.0,62.11180124223603,62.11180124223603,67,80,134.0,160.0,,,26.0,26.0,16.25
GDN0017,TiltLevel,38,38,38,18053,18053,18535,18535,18212,18208,18278,18294,962.0,962.0,62.37006237006237,62.37006237006237,66,86,132.0,172.0,,,40.0,40.0,23.25581395348837
GDN0017,TiltLevel,39,39,39,18535,18535,19007,19007,18693,18688,18757,18757,934.0,934.0,64.23982869379014,64.23982869379014,64,69,128.0,138.0,,,10.0,10.0,7.246376811594203
GDN0017,TiltLevel,40,40,40,19007,19007,19483,19483,19160,19155,19223,19233,962.0,962.0,62.37006237006237,62.37006237006237,63,78,126.0,156.0,,,30.0,30.0,19.230769230769234
GDN0017,TiltLevel,41,41,41,19483,19483,19964,19964,19641,19636,19709,19717,962.0,962.0,62.37006237006237,62.37006237006237,68,81,136.0,162.0,,,26.0,26.0,16.049382716049383
GDN0017,TiltLevel,42,42,42,19964,19964,20447,20447,20122,20118,20189,20201,968.0,968.0,61.98347107438017,61.98347107438017,67,83,134.0,166.0,,,32.0,32.0,19.27710843373494
GDN0017,TiltLevel,43,43,43,20447,20447,20924,20924,20605,20601,20671,20670,948.0,948.0,63.29113924050633,63.29113924050633,66,69,132.0,138.0,,,6.0,6.0,4.3478260869565215
GDN0017,TiltLevel,44,44,44,20924,20924,21393,21393,21079,21075,21141,21147,932.0,932.0,64.37768240343347,64.37768240343347,62,72,124.0,144.0,,,20.0,20.0,13.88888888888889
GDN0017,TiltLevel,45,45,45,21393,21393,21863,21863,21546,21542,21611,21620,946.0,946.0,63.42494714587738,63.42494714587738,65,78,130.0,156.0,,,26.0,26.0,16.666666666666664
GDN0017,TiltLevel,46,46,46,21863,21863,22340,22340,22019,22015,22086,22103,956.0,956.0,62.761506276150634,62.761506276150634,67,88,134.0,176.0,,,42.0,42.0,23.863636363636363
GDN0017,TiltLevel,47,47,47,22340,22340,22815,22815,22497,22493,22566,22569,948.0,948.0,63.29113924050633,63.29113924050633,69,76,138.0,152.0,,,14.0,14.0,9.210526315789473
GDN0017,TiltLevel,48,48,48,22815,22815,23275,23275,22971,22966,23036,23046,906.0,906.0,66.2251655629139,66.2251655629139,65,80,130.0,160.0,,,30.0,30.0,18.75
GDN0017,TiltLevel,49,49,49,23275,23275,23723,23723,23423,23419,23490,23496,890.0,890.0,67.41573033707866,67.41573033707866,67,77,134.0,154.0,,,20.0,20.0,12.987012987012985
GDN0017,TiltLevel,50,50,50,23723,23723,24170,24170,23869,23864,23931,23946,894.0,894.0,67.11409395973155,67.11409395973155,62,82,124.0,164.0,,,40.0,40.0,24.390243902439025
GDN0017,TiltLevel,51,51,51,24170,24170,24604,24604,24316,24312,24381,24387,856.0,856.0,70.09345794392523,70.09345794392523,65,75,130.0,150.0,,,20.0,20.0,13.333333333333334
GDN0017,TiltLevel,52,52,52,24604,24604,25026,25026,24744,24739,24804,24813,838.0,838.0,71.59904534606206,71.59904534606206,60,74,120.0,148.0,,,28.0,28.0,18.91891891891892
GDN0017,TiltLevel,53,53,53,25026,25026,25443,25443,25163,25158,25227,25241,830.0,830.0,72.28915662650603,72.28915662650603,64,83,128.0,166.0,,,38.0,38.0,22.89156626506024
GDN0017,TiltLevel,54,54,54,25443,25443,25868,25868,25578,25574,25642,25648,860.0,860.0,69.76744186046511,69.76744186046511,64,74,128.0,148.0,,,20.0,20.0,13.513513513513514
GDN0017,TiltLevel,55,55,55,25868,25868,26310,26310,26008,26003,26070,26075,900.0,900.0,66.66666666666667,66.66666666666667,62,72,124.0,144.0,,,20.0,20.0,13.88888888888889
GDN0017,TiltLevel,56,56,56,26310,26310,26773,26773,26458,26453,26521,26533,938.0,938.0,63.965884861407254,63.965884861407254,63,80,126.0,160.0,,,34.0,34.0,21.25
GDN0017,TiltLevel,57,57,57,26773,26773,27250,27250,26927,26923,26990,27005,962.0,962.0,62.37006237006237,62.37006237006237,63,82,126.0,164.0,,,38.0,38.0,23.170731707317074
GDN0017,TiltLevel,58,58,58,27250,27250,27725,27725,27408,27403,27472,27472,944.0,944.0,63.55932203389831,63.55932203389831,64,69,128.0,138.0,,,10.0,10.0,7.246376811594203
GDN0017,TiltLevel,59,59,59,27725,27725,28201,28201,27880,27875,27942,27957,958.0,958.0,62.63048016701462,62.63048016701462,62,82,124.0,164.0,,,40.0,40.0,24.390243902439025
GDN0017,TiltLevel,60,60,60,28201,28201,28683,28683,28359,28355,28425,28426,966.0,966.0,62.11180124223603,62.11180124223603,66,71,132.0,142.0,,,10.0,10.0,7.042253521126761
GDN0017,TiltLevel,61,61,61,28683,28683,29157,29157,28842,28838,28907,28910,938.0,938.0,63.965884861407254,63.965884861407254,65,72,130.0,144.0,,,14.0,14.0,9.722222222222223
GDN0017,TiltLevel,62,62,62,29157,29157,29628,29628,29311,29307,29374,29371,944.0,944.0,63.55932203389831,63.55932203389831,63,64,126.0,128.0,,,2.0,2.0,1.5625
GDN0018,Pause,0,0,0,308,308,801,801,474,472,536,524,986.0,986.0,60.851926977687626,60.851926977687626,62,52,124.0,104.0,,,-20.0,20.0,19.230769230769234
GDN0018,Pause,1,1,1,801,801,1304,1304,968,965,1030,1012,1016.0,1016.0,59.05511811023622,59.05511811023622,62,47,124.0,94.0,,,-30.0,30.0,31.914893617021278
GDN0018,Pause,2,2,2,1304,1304,1815,1815,1475,1473,1537,1521,1026.0,1026.0,58.47953216374269,58.47953216374269,62,48,124.0,96.0,,,-28.0,28.0,29.166666666666668
GDN0018,Pause,3,3,3,1815,1815,2321,2321,1988,1986,2051,2038,1002.0,1002.0,59.880239520958085,59.880239520958085,63,52,126.0,104.0,,,-22.0,22.0,21.153846153846153
GDN0018,Pause,4,4,4,2321,2321,2779,2779,2490,2487,2548,2537,872.0,872.0,68.80733944954129,68.80733944954129,58,50,116.0,100.0,,,-16.0,16.0,16.0
GDN0018,Pause,5,5,5,2779,2779,3216,3216,2926,2923,2985,2986,874.0,874.0,68.64988558352402,68.64988558352402,59,63,118.0,126.0,,,8.0,8.0,6.349206349206349
GDN0018,Pause,6,6,6,3216,3216,3720,3720,3362,3359,3421,3377,1080.0,1080.0,55.55555555555555,55.55555555555555,59,18,118.0,36.0,,,-82.0,82.0,227.77777777777777
GDN0018,Pause,7,7,7,3720,3720,4266,4266,3902,3899,3965,3956,1100.0,1100.0,54.54545454545454,54.54545454545454,63,57,126.0,114.0,,,-12.0,12.0,10.526315789473683
GDN0018,Pause,8,8,8,4266,4266,4806,4806,4452,4450,4511,4503,1068.0,1068.0,56.17977528089887,56.17977528089887,59,53,118.0,106.0,,,-12.0,12.0,11.320754716981133
GDN0018,Pause,9,9,9,4806,4806,5336,5336,4986,4984,5043,5036,1056.0,1056.0,56.81818181818181,56.81818181818181,57,52,114.0,104.0,,,-10.0,10.0,9.615384615384617
GDN0018,Pause,10,10,10,5336,5336,5866,5866,5514,5512,5578,5568,1060.0,1060.0,56.60377358490566,56.60377358490566,64,56,128.0,112.0,,,-16.0,16.0,14.285714285714285
GDN0018,Pause,11,11,11,5866,5866,6392,6392,6044,6042,6112,6091,1048.0,1048.0,57.25190839694656,57.25190839694656,68,49,136.0,98.0,,,-38.0,38.0,38.775510204081634
GDN0018,Pause,12,12,12,6392,6392,6911,6911,6569,6566,6628,6616,1034.0,1034.0,58.027079303675045,58.027079303675045,59,50,118.0,100.0,,,-18.0,18.0,18.0
GDN0018,Pause,13,13,13,6911,6911,7392,7392,7085,7083,7147,7134,924.0,924.0,64.93506493506493,64.93506493506493,62,51,124.0,102.0,,,-22.0,22.0,21.568627450980394
GDN0018,Pause,14,14,14,7392,7392,7835,7835,7548,7545,7605,7592,864.0,864.0,69.44444444444444,69.44444444444444,57,47,114.0,94.0,,,-20.0,20.0,21.27659574468085
GDN0018,Pause,15,15,15,7835,7835,8269,8269,7979,7977,8038,8015,870.0,870.0,68.96551724137932,68.96551724137932,59,38,118.0,76.0,,,-42.0,42.0,55.26315789473685
GDN0018,Pause,16,16,16,8269,8269,8710,8710,8415,8412,8473,8471,890.0,890.0,67.41573033707866,67.41573033707866,58,59,116.0,118.0,,,2.0,2.0,1.694915254237288
GDN0018,Pause,17,17,17,8710,8710,9167,9167,8860,8857,8922,8897,926.0,926.0,64.79481641468682,64.79481641468682,62,40,124.0,80.0,,,-44.0,44.0,55.00000000000001
GDN0018,Pause,18,18,18,9167,9167,9631,9631,9322,9320,9381,9366,930.0,930.0,64.51612903225806,64.51612903225806,59,46,118.0,92.0,,,-26.0,26.0,28.26086956521739
GDN0018,Pause,19,19,19,9631,9631,10085,10085,9787,9785,9846,9830,896.0,896.0,66.96428571428571,66.96428571428571,59,45,118.0,90.0,,,-28.0,28.0,31.11111111111111
GDN0018,Pause,20,20,20,10085,10085,10549,10549,10235,10233,10295,10280,944.0,944.0,63.55932203389831,63.55932203389831,60,47,120.0,94.0,,,-26.0,26.0,27.659574468085108
GDN0018,Pause,21,21,21,10549,10549,11030,11030,10708,10705,10766,10756,972.0,972.0,61.7283950617284,61.7283950617284,58,51,116.0,102.0,,,-14.0,14.0,13.725490196078432
GDN0018,Pause,22,22,22,11030,11030,11511,11511,11193,11191,11255,11246,958.0,958.0,62.63048016701462,62.63048016701462,62,55,124.0,110.0,,,-14.0,14.0,12.727272727272727
GDN0018,Pause,23,23,23,11511,11511,11983,11983,11673,11671,11732,11725,934.0,934.0,64.23982869379014,64.23982869379014,59,54,118.0,108.0,,,-10.0,10.0,9.25925925925926
GDN0018,Pause,24,24,24,11983,11983,12435,12435,12140,12138,12198,12185,890.0,890.0,67.41573033707866,67.41573033707866,58,47,116.0,94.0,,,-22.0,22.0,23.404255319148938
GDN0018,Pause,25,25,25,12435,12435,12884,12884,12584,12582,12644,12626,900.0,900.0,66.66666666666667,66.66666666666667,60,44,120.0,88.0,,,-32.0,32.0,36.36363636363637
GDN0018,Pause,26,26,26,12884,12884,13332,13332,13035,13032,13094,13093,896.0,896.0,66.96428571428571,66.96428571428571,59,61,118.0,122.0,,,4.0,4.0,3.278688524590164
GDN0018,Pause,27,27,27,13332,13332,13762,13762,13483,13480,13540,13522,840.0,840.0,71.42857142857143,71.42857142857143,57,42,114.0,84.0,,,-30.0,30.0,35.714285714285715
GDN0018,Pause,28,28,28,13762,13762,14194,14194,13903,13900,13960,13930,876.0,876.0,68.4931506849315,68.4931506849315,57,30,114.0,60.0,,,-54.0,54.0,90.0
GDN0018,Pause,29,29,29,14194,14194,14693,14693,14341,14338,14397,14400,1064.0,1064.0,56.39097744360902,56.39097744360902,56,62,112.0,124.0,,,12.0,12.0,9.67741935483871
GDN0018,Pause,30,30,30,14693,14693,15279,15279,14872,14870,14930,14927,1230.0,1230.0,48.78048780487805,48.78048780487805,58,57,116.0,114.0,,,-2.0,2.0,1.7543859649122806
GDN0018,Pause,31,31,31,15279,15279,15861,15861,15487,15485,15543,15544,1128.0,1128.0,53.19148936170213,53.19148936170213,56,59,112.0,118.0,,,6.0,6.0,5.084745762711865
GDN0018,Pause,32,32,32,15861,15861,16413,16413,16051,16049,16108,16107,1092.0,1092.0,54.94505494505494,54.94505494505494,57,58,114.0,116.0,,,2.0,2.0,1.7241379310344827
GDN0018,Pause,33,33,33,16413,16413,16943,16943,16597,16595,16656,16653,1044.0,1044.0,57.47126436781609,57.47126436781609,59,58,118.0,116.0,,,-2.0,2.0,1.7241379310344827
GDN0018,Pause,34,34,34,16943,16943,17435,17435,17120,17117,17178,17177,952.0,952.0,63.02521008403362,63.02521008403362,58,60,116.0,120.0,,,4.0,4.0,3.3333333333333335
GDN0018,Pause,35,35,35,17435,17435,17894,17894,17596,17593,17655,17630,900.0,900.0,66.66666666666667,66.66666666666667,59,37,118.0,74.0,,,-44.0,44.0,59.45945945945946
GDN0018,Pause,36,36,36,17894,17894,18350,18350,18045,18043,18102,18089,916.0,916.0,65.50218340611353,65.50218340611353,57,46,114.0,92.0,,,-22.0,22.0,23.91304347826087
GDN0018,Pause,37,37,37,18350,18350,18821,18821,18503,18501,18558,18550,958.0,958.0,62.63048016701462,62.63048016701462,55,49,110.0,98.0,,,-12.0,12.0,12.244897959183673
GDN0018,Pause,38,38,38,18821,18821,19282,19282,18982,18980,19041,19030,900.0,900.0,66.66666666666667,66.66666666666667,59,50,118.0,100.0,,,-18.0,18.0,18.0
GDN0018,Pause,39,39,39,19282,19282,19721,19721,19433,19430,19490,19474,868.0,868.0,69.12442396313364,69.12442396313364,57,44,114.0,88.0,,,-26.0,26.0,29.545454545454547
GDN0018,Pause,40,40,40,19721,19721,20149,20149,19867,19864,19924,19898,850.0,850.0,70.58823529411765,70.58823529411765,57,34,114.0,68.0,,,-46.0,46.0,67.64705882352942
GDN0018,Pause,41,41,41,20149,20149,20584,20584,20291,20289,20347,20328,880.0,880.0,68.18181818181819,68.18181818181819,56,39,112.0,78.0,,,-34.0,34.0,43.58974358974359
GDN0018,Pause,42,42,42,20584,20584,21033,21033,20731,20729,20787,20769,908.0,908.0,66.07929515418502,66.07929515418502,56,40,112.0,80.0,,,-32.0,32.0,40.0
GDN0018,Pause,43,43,43,21033,21033,21488,21488,21185,21183,21242,21223,910.0,910.0,65.93406593406593,65.93406593406593,57,40,114.0,80.0,,,-34.0,34.0,42.5
GDN0018,Pause,44,44,44,21488,21488,21926,21926,21641,21638,21700,21695,860.0,860.0,69.76744186046511,69.76744186046511,59,57,118.0,114.0,,,-4.0,4.0,3.508771929824561
GDN0018,Pause,45,45,45,21926,21926,22355,22355,22071,22068,22129,22105,856.0,856.0,70.09345794392523,70.09345794392523,58,37,116.0,74.0,,,-42.0,42.0,56.75675675675676
GDN0018,Pause,46,46,46,22355,22355,22802,22802,22499,22496,22553,22543,914.0,914.0,65.64551422319475,65.64551422319475,54,47,108.0,94.0,,,-14.0,14.0,14.893617021276595
GDN0018,Pause,47,47,47,22802,22802,23259,23259,22956,22953,23015,23004,914.0,914.0,65.64551422319475,65.64551422319475,59,51,118.0,102.0,,,-16.0,16.0,15.686274509803921
GDN0018,Pause,48,48,48,23259,23259,23706,23706,23413,23410,23470,23458,884.0,884.0,67.87330316742081,67.87330316742081,57,48,114.0,96.0,,,-18.0,18.0,18.75
GDN0018,Pause,49,49,49,23706,23706,24146,24146,23855,23852,23912,23887,878.0,878.0,68.3371298405467,68.3371298405467,57,35,114.0,70.0,,,-44.0,44.0,62.857142857142854
GDN0018,Pause,50,50,50,24146,24146,24604,24604,24294,24291,24350,24335,934.0,934.0,64.23982869379014,64.23982869379014,56,44,112.0,88.0,,,-24.0,24.0,27.27272727272727
GDN0018,Pause,51,51,51,24604,24604,25074,25074,24760,24758,24820,24804,946.0,946.0,63.42494714587738,63.42494714587738,60,46,120.0,92.0,,,-28.0,28.0,30.434782608695656
GDN0018,Pause,52,52,52,25074,25074,25534,25534,25234,25231,25293,25290,904.0,904.0,66.3716814159292,66.3716814159292,59,59,118.0,118.0,,,0.0,0.0,0.0
GDN0018,Pause,53,53,53,25534,25534,25973,25973,25686,25683,25742,25732,864.0,864.0,69.44444444444444,69.44444444444444,56,49,112.0,98.0,,,-14.0,14.0,14.285714285714285
GDN0018,Pause,54,54,54,25973,25973,26415,26415,26117,26115,26175,26164,894.0,894.0,67.11409395973155,67.11409395973155,58,49,116.0,98.0,,,-18.0,18.0,18.367346938775512
GDN0018,Pause,55,55,55,26415,26415,26875,26875,26564,26562,26623,26608,936.0,936.0,64.1025641025641,64.1025641025641,59,46,118.0,92.0,,,-26.0,26.0,28.26086956521739
GDN0018,Pause,56,56,56,26875,26875,27343,27343,27032,27030,27090,27073,936.0,936.0,64.1025641025641,64.1025641025641,58,43,116.0,86.0,,,-30.0,30.0,34.883720930232556
GDN0018,Pause,57,57,57,27343,27343,27806,27806,27501,27498,27560,27543,920.0,920.0,65.21739130434783,65.21739130434783,59,45,118.0,90.0,,,-28.0,28.0,31.11111111111111
GDN0018,Pause,58,58,58,27806,27806,28258,28258,27960,27958,28019,28019,896.0,896.0,66.96428571428571,66.96428571428571,59,61,118.0,122.0,,,4.0,4.0,3.278688524590164
GDN0018,Pause,59,59,59,28258,28258,28718,28718,28409,28406,28466,28449,932.0,932.0,64.37768240343347,64.37768240343347,57,43,114.0,86.0,,,-28.0,28.0,32.55813953488372
GDN0018,Pause,60,60,60,28718,28718,29187,29187,28875,28872,28934,28914,942.0,942.0,63.69426751592357,63.69426751592357,59,42,118.0,84.0,,,-34.0,34.0,40.476190476190474
GDN0018,Pause,61,61,61,29187,29187,29645,29645,29345,29343,29404,29402,902.0,902.0,66.51884700665188,66.51884700665188,59,59,118.0,118.0,,,0.0,0.0,0.0
GDN0018,Valsalva,0,0,0,110,110,511,511,244,241,297,290,802.0,802.0,74.81296758104737,74.81296758104737,53,49,106.0,98.0,,,-8.0,8.0,8.16326530612245
GDN0018,Valsalva,1,1,1,511,511,892,892,645,642,707,709,742.0,742.0,80.86253369272237,80.86253369272237,62,67,124.0,134.0,,,10.0,10.0,7.462686567164178
GDN0018,Valsalva,2,2,2,892,892,1248,1248,1016,1013,1073,1080,694.0,694.0,86.45533141210375,86.45533141210375,57,67,114.0,134.0,,,20.0,20.0,14.925373134328357
GDN0018,Valsalva,3,3,3,1248,1248,1584,1584,1363,1360,1423,1419,662.0,662.0,90.63444108761328,90.63444108761328,60,59,120.0,118.0,,,-2.0,2.0,1.694915254237288
GDN0018,Valsalva,4,4,4,1584,1584,1909,1909,1694,1691,1755,1743,642.0,642.0,93.45794392523364,93.45794392523364,61,52,122.0,104.0,,,-18.0,18.0,17.307692307692307
GDN0018,Valsalva,5,5,5,1909,1909,2234,2234,2015,2012,2079,2077,654.0,654.0,91.74311926605505,91.74311926605505,64,65,128.0,130.0,,,2.0,2.0,1.5384615384615385
GDN0018,Valsalva,6,6,6,2234,2234,2568,2568,2342,2339,2400,2399,676.0,676.0,88.75739644970413,88.75739644970413,58,60,116.0,120.0,,,4.0,4.0,3.3333333333333335
GDN0018,Valsalva,7,7,7,2568,2568,2903,2903,2680,2677,2737,2731,668.0,668.0,89.82035928143712,89.82035928143712,57,54,114.0,108.0,,,-6.0,6.0,5.555555555555555
GDN0018,Valsalva,8,8,8,2903,2903,3235,3235,3013,3010,3073,3065,662.0,662.0,90.63444108761328,90.63444108761328,60,55,120.0,110.0,,,-10.0,10.0,9.090909090909092
GDN0018,Valsalva,9,9,9,3235,3235,3567,3567,3345,3342,3402,3397,664.0,664.0,90.36144578313252,90.36144578313252,57,55,114.0,110.0,,,-4.0,4.0,3.6363636363636362
GDN0018,Valsalva,10,10,10,3567,3567,3896,3896,3677,3674,3729,3728,654.0,654.0,91.74311926605505,91.74311926605505,52,54,104.0,108.0,,,4.0,4.0,3.7037037037037033
GDN0018,Valsalva,11,11,11,3896,3896,4232,4232,4003,4000,4056,4059,682.0,682.0,87.97653958944281,87.97653958944281,53,59,106.0,118.0,,,12.0,12.0,10.16949152542373
GDN0018,Valsalva,12,12,12,4232,4232,4679,4679,4344,4341,4401,4402,1008.0,1008.0,59.523809523809526,59.523809523809526,57,61,114.0,122.0,,,8.0,8.0,6.557377049180328
GDN0018,Valsalva,13,13,13,4679,4679,5108,5108,4848,4846,4906,4899,778.0,778.0,77.12082262210797,77.12082262210797,58,53,116.0,106.0,,,-10.0,10.0,9.433962264150944
GDN0018,Valsalva,14,14,14,5108,5108,5490,5490,5237,5234,5292,5258,756.0,756.0,79.36507936507937,79.36507936507937,55,24,110.0,48.0,,,-62.0,62.0,129.16666666666669
GDN0018,Valsalva,15,15,15,5490,5490,5867,5867,5615,5612,5668,5644,754.0,754.0,79.57559681697613,79.57559681697613,53,32,106.0,64.0,,,-42.0,42.0,65.625
GDN0018,Valsalva,16,16,16,5867,5867,6253,6253,5992,5990,6047,6027,782.0,782.0,76.72634271099744,76.72634271099744,55,37,110.0,74.0,,,-36.0,36.0,48.64864864864865
GDN0018,Valsalva,17,17,17,6253,6253,6655,6655,6383,6381,6437,6420,816.0,816.0,73.52941176470588,73.52941176470588,54,39,108.0,78.0,,,-30.0,30.0,38.46153846153847
GDN0018,Valsalva,18,18,18,6655,6655,7072,7072,6792,6789,6846,6832,844.0,844.0,71.09004739336493,71.09004739336493,54,43,108.0,86.0,,,-22.0,22.0,25.581395348837212
GDN0018,Valsalva,19,19,19,7072,7072,7499,7499,7213,7211,7270,7261,858.0,858.0,69.93006993006993,69.93006993006993,57,50,114.0,100.0,,,-14.0,14.0,14.000000000000002
GDN0018,Valsalva,20,20,20,7499,7499,7925,7925,7643,7640,7702,7678,850.0,850.0,70.58823529411765,70.58823529411765,59,38,118.0,76.0,,,-42.0,42.0,55.26315789473685
GDN0018,Valsalva,21,21,21,7925,7925,8352,8352,8068,8066,8124,8104,854.0,854.0,70.2576112412178,70.2576112412178,56,38,112.0,76.0,,,-36.0,36.0,47.368421052631575
GDN0018,Valsalva,22,22,22,8352,8352,8775,8775,8494,8492,8557,8527,842.0,842.0,71.25890736342043,71.25890736342043,63,35,126.0,70.0,,,-56.0,56.0,80.0
GDN0018,Valsalva,23,23,23,8775,8775,9196,9196,8916,8913,8974,8951,844.0,844.0,71.09004739336493,71.09004739336493,58,38,116.0,76.0,,,-40.0,40.0,52.63157894736842
GDN0018,Valsalva,24,24,24,9196,9196,9604,9604,9338,9335,9396,9387,800.0,800.0,75.0,75.0,58,52,116.0,104.0,,,-12.0,12.0,11.538461538461538
GDN0018,Valsalva,25,25,25,9604,9604,10002,10002,9738,9735,9794,9770,794.0,794.0,75.56675062972292,75.56675062972292,56,35,112.0,70.0,,,-42.0,42.0,60.0
GDN0018,Valsalva,26,26,26,10002,10002,10407,10407,10134,10132,10191,10183,818.0,818.0,73.34963325183375,73.34963325183375,57,51,114.0,102.0,,,-12.0,12.0,11.76470588235294
GDN0018,Valsalva,27,27,27,10407,10407,10802,10802,10544,10541,10602,10582,776.0,776.0,77.31958762886597,77.31958762886597,58,41,116.0,82.0,,,-34.0,34.0,41.46341463414634
GDN0018,Valsalva,28,28,28,10802,10802,11182,11182,10931,10929,10991,10975,752.0,752.0,79.7872340425532,79.7872340425532,60,46,120.0,92.0,,,-28.0,28.0,30.434782608695656
GDN0018,Valsalva,30,30,30,11555,11555,11923,11923,11679,11676,11738,11719,732.0,732.0,81.9672131147541,81.9672131147541,59,43,118.0,86.0,,,-32.0,32.0,37.2093023255814
GDN0018,Valsalva,31,31,31,11923,11923,12297,12297,12045,12042,12103,12095,756.0,756.0,79.36507936507937,79.36507936507937,58,53,116.0,106.0,,,-10.0,10.0,9.433962264150944
GDN0018,Valsalva,32,32,32,12297,12297,12677,12677,12423,12420,12482,12479,762.0,762.0,78.74015748031496,78.74015748031496,59,59,118.0,118.0,,,0.0,0.0,0.0
GDN0018,Valsalva,34,34,34,13050,13050,13413,13413,13174,13171,13232,13231,716.0,716.0,83.79888268156425,83.79888268156425,58,60,116.0,120.0,,,4.0,4.0,3.3333333333333335
GDN0018,Valsalva,35,35,35,13413,13413,13759,13759,13532,13530,13590,13593,680.0,680.0,88.23529411764706,88.23529411764706,58,63,116.0,126.0,,,10.0,10.0,7.936507936507936
GDN0018,Valsalva,36,36,36,13759,13759,14100,14100,13872,13869,13936,13921,684.0,684.0,87.71929824561403,87.71929824561403,64,52,128.0,104.0,,,-24.0,24.0,23.076923076923077
GDN0018,Valsalva,37,37,37,14100,14100,14459,14459,14214,14211,14278,14274,734.0,734.0,81.74386920980926,81.74386920980926,64,63,128.0,126.0,,,-2.0,2.0,1.5873015873015872
GDN0018,Valsalva,38,38,38,14459,14459,14846,14846,14581,14578,14640,14641,796.0,796.0,75.37688442211055,75.37688442211055,59,63,118.0,126.0,,,8.0,8.0,6.349206349206349
GDN0018,Valsalva,39,39,39,14846,14846,15240,15240,14979,14977,15035,15023,784.0,784.0,76.53061224489795,76.53061224489795,56,46,112.0,92.0,,,-20.0,20.0,21.73913043478261
GDN0018,Valsalva,40,40,40,15240,15240,15647,15647,15371,15368,15430,15416,832.0,832.0,72.11538461538461,72.11538461538461,59,48,118.0,96.0,,,-22.0,22.0,22.916666666666664
GDN0018,Valsalva,41,41,41,15647,15647,16082,16082,15786,15784,15841,15835,890.0,890.0,67.41573033707866,67.41573033707866,55,51,110.0,102.0,,,-8.0,8.0,7.8431372549019605
GDN0018,Valsalva,42,42,42,16082,16082,16534,16534,16232,16229,16289,16264,910.0,910.0,65.93406593406593,65.93406593406593,57,35,114.0,70.0,,,-44.0,44.0,62.857142857142854
GDN0018,Valsalva,43,43,43,16534,16534,16982,16982,16687,16685,16749,16732,888.0,888.0,67.56756756756756,67.56756756756756,62,47,124.0,94.0,,,-30.0,30.0,31.914893617021278
GDN0018,Valsalva,44,44,44,16982,16982,17413,17413,17131,17128,17189,17162,848.0,848.0,70.75471698113208,70.75471698113208,58,34,116.0,68.0,,,-48.0,48.0,70.58823529411765
GDN0018,Valsalva,45,45,45,17413,17413,17824,17824,17555,17552,17612,17586,808.0,808.0,74.25742574257426,74.25742574257426,57,34,114.0,68.0,,,-46.0,46.0,67.64705882352942
GDN0018,Valsalva,46,46,46,17824,17824,18228,18228,17959,17956,18016,18004,808.0,808.0,74.25742574257426,74.25742574257426,57,48,114.0,96.0,,,-18.0,18.0,18.75
GDN0018,Valsalva,47,47,47,18228,18228,18634,18634,18363,18360,18418,18410,816.0,816.0,73.52941176470588,73.52941176470588,55,50,110.0,100.0,,,-10.0,10.0,10.0
GDN0018,Valsalva,48,48,48,18634,18634,19056,19056,18771,18769,18827,18814,858.0,858.0,69.93006993006993,69.93006993006993,56,45,112.0,90.0,,,-22.0,22.0,24.444444444444443
GDN0018,Valsalva,49,49,49,19056,19056,19491,19491,19199,19197,19257,19239,878.0,878.0,68.3371298405467,68.3371298405467,58,42,116.0,84.0,,,-32.0,32.0,38.095238095238095
GDN0018,Valsalva,50,50,50,19491,19491,19920,19920,19639,19636,19696,19701,846.0,846.0,70.92198581560284,70.92198581560284,57,65,114.0,130.0,,,16.0,16.0,12.307692307692308
GDN0018,Valsalva,52,52,52,20357,20357,20814,20814,20506,20503,20564,20550,928.0,928.0,64.6551724137931,64.6551724137931,58,47,116.0,94.0,,,-22.0,22.0,23.404255319148938
GDN0018,Valsalva,53,53,53,20814,20814,21281,21281,20970,20967,21032,21027,938.0,938.0,63.965884861407254,63.965884861407254,62,60,124.0,120.0,,,-4.0,4.0,3.3333333333333335
GDN0018,Valsalva,54,54,54,21281,21281,21730,21730,21439,21436,21496,21499,876.0,876.0,68.4931506849315,68.4931506849315,57,63,114.0,126.0,,,12.0,12.0,9.523809523809524
GDN0018,Valsalva,55,55,55,21730,21730,22178,22178,21877,21874,21935,21908,908.0,908.0,66.07929515418502,66.07929515418502,58,34,116.0,68.0,,,-48.0,48.0,70.58823529411765
GDN0018,Valsalva,56,56,56,22178,22178,22641,22641,22330,22328,22389,22375,936.0,936.0,64.1025641025641,64.1025641025641,59,47,118.0,94.0,,,-24.0,24.0,25.53191489361702
GDN0018,Valsalva,57,57,57,22641,22641,23110,23110,22798,22796,22859,22841,938.0,938.0,63.965884861407254,63.965884861407254,61,45,122.0,90.0,,,-32.0,32.0,35.55555555555556
GDN0018,Valsalva,58,58,58,23110,23110,23579,23579,23267,23265,23326,23319,938.0,938.0,63.965884861407254,63.965884861407254,59,54,118.0,108.0,,,-10.0,10.0,9.25925925925926
GDN0018,Valsalva,59,59,59,23579,23579,24036,24036,23737,23734,23795,23778,900.0,900.0,66.66666666666667,66.66666666666667,58,44,116.0,88.0,,,-28.0,28.0,31.818181818181817
GDN0018,Valsalva,60,60,60,24036,24036,24492,24492,24187,24184,24245,24242,920.0,920.0,65.21739130434783,65.21739130434783,58,58,116.0,116.0,,,0.0,0.0,0.0
GDN0018,Valsalva,61,61,61,24492,24492,24953,24953,24647,24645,24704,24687,924.0,924.0,64.93506493506493,64.93506493506493,57,42,114.0,84.0,,,-30.0,30.0,35.714285714285715
GDN0018,Valsalva,62,62,62,24953,24953,25419,25419,25109,25106,25170,25165,934.0,934.0,64.23982869379014,64.23982869379014,61,59,122.0,118.0,,,-4.0,4.0,3.389830508474576
GDN0018,Valsalva,63,63,63,25419,25419,25883,25883,25576,25573,25635,25607,926.0,926.0,64.79481641468682,64.79481641468682,59,34,118.0,68.0,,,-50.0,50.0,73.52941176470588
GDN0018,Valsalva,64,64,64,25883,25883,26345,26345,26039,26037,26098,26064,922.0,922.0,65.0759219088937,65.0759219088937,59,27,118.0,54.0,,,-64.0,64.0,118.5185185185185
GDN0018,Valsalva,65,65,65,26345,26345,26806,26806,26500,26498,26560,26546,924.0,924.0,64.93506493506493,64.93506493506493,60,48,120.0,96.0,,,-24.0,24.0,25.0
GDN0018,Valsalva,66,66,66,26806,26806,27255,27255,26961,26959,27020,27007,884.0,884.0,67.87330316742081,67.87330316742081,59,48,118.0,96.0,,,-22.0,22.0,22.916666666666664
GDN0018,Valsalva,67,67,67,27255,27255,27702,27702,27404,27401,27461,27441,900.0,900.0,66.66666666666667,66.66666666666667,57,40,114.0,80.0,,,-34.0,34.0,42.5
GDN0018,Valsalva,68,68,68,27702,27702,28159,28159,27853,27851,27912,27906,920.0,920.0,65.21739130434783,65.21739130434783,59,55,118.0,110.0,,,-8.0,8.0,7.2727272727272725
GDN0018,Valsalva,69,69,69,28159,28159,28623,28623,28314,28311,28376,28352,932.0,932.0,64.37768240343347,64.37768240343347,62,41,124.0,82.0,,,-42.0,42.0,51.21951219512195
GDN0018,Valsalva,70,70,70,28623,28623,29086,29086,28779,28777,28843,28817,924.0,924.0,64.93506493506493,64.93506493506493,64,40,128.0,80.0,,,-48.0,48.0,60.0
GDN0018,Valsalva,71,71,71,29086,29086,29547,29547,29241,29239,29299,29296,920.0,920.0,65.21739130434783,65.21739130434783,58,57,116.0,114.0,,,-2.0,2.0,1.7543859649122806
GDN0018,HoldingBreath,0,0,0,447,447,909,909,602,600,661,653,924.0,924.0,64.93506493506493,64.93506493506493,59,53,118.0,106.0,,,-12.0,12.0,11.320754716981133
GDN0018,HoldingBreath,1,1,1,909,909,1355,1355,1065,1062,1122,1114,874.0,874.0,68.64988558352402,68.64988558352402,57,52,114.0,104.0,,,-10.0,10.0,9.615384615384617
GDN0018,HoldingBreath,2,2,2,1355,1355,1808,1808,1501,1499,1560,1558,922.0,922.0,65.0759219088937,65.0759219088937,59,59,118.0,118.0,,,0.0,0.0,0.0
GDN0018,HoldingBreath,3,3,3,1808,1808,2273,2273,1963,1961,2024,2013,934.0,934.0,64.23982869379014,64.23982869379014,61,52,122.0,104.0,,,-18.0,18.0,17.307692307692307
GDN0018,HoldingBreath,4,4,4,2273,2273,2740,2740,2430,2427,2488,2476,936.0,936.0,64.1025641025641,64.1025641025641,58,49,116.0,98.0,,,-18.0,18.0,18.367346938775512
GDN0018,HoldingBreath,5,5,5,2740,2740,3198,3198,2898,2895,2957,2937,906.0,906.0,66.2251655629139,66.2251655629139,59,42,118.0,84.0,,,-34.0,34.0,40.476190476190474
GDN0018,HoldingBreath,6,6,6,3198,3198,3641,3641,3351,3348,3408,3400,874.0,874.0,68.64988558352402,68.64988558352402,57,52,114.0,104.0,,,-10.0,10.0,9.615384615384617
GDN0018,HoldingBreath,7,7,7,3641,3641,4100,4100,3788,3785,3846,3849,942.0,942.0,63.69426751592357,63.69426751592357,58,64,116.0,128.0,,,12.0,12.0,9.375
GDN0018,HoldingBreath,8,8,8,4100,4100,4570,4570,4259,4256,4317,4294,940.0,940.0,63.829787234042556,63.829787234042556,58,38,116.0,76.0,,,-40.0,40.0,52.63157894736842
GDN0018,HoldingBreath,9,9,9,4570,4570,5043,5043,4729,4726,4790,4763,948.0,948.0,63.29113924050633,63.29113924050633,61,37,122.0,74.0,,,-48.0,48.0,64.86486486486487
GDN0018,HoldingBreath,10,10,10,5043,5043,5514,5514,5202,5200,5261,5245,938.0,938.0,63.965884861407254,63.965884861407254,59,45,118.0,90.0,,,-28.0,28.0,31.11111111111111
GDN0018,HoldingBreath,11,11,11,5514,5514,5969,5969,5672,5669,5730,5718,894.0,894.0,67.11409395973155,67.11409395973155,58,49,116.0,98.0,,,-18.0,18.0,18.367346938775512
GDN0018,HoldingBreath,12,12,12,5969,5969,6431,6431,6119,6116,6177,6149,942.0,942.0,63.69426751592357,63.69426751592357,58,33,116.0,66.0,,,-50.0,50.0,75.75757575757575
GDN0018,HoldingBreath,13,13,13,6431,6431,6920,6920,6589,6587,6649,6645,996.0,996.0,60.24096385542169,60.24096385542169,60,58,120.0,116.0,,,-4.0,4.0,3.4482758620689653
GDN0018,HoldingBreath,14,14,14,6920,6920,7417,7417,7088,7085,7150,7138,994.0,994.0,60.36217303822938,60.36217303822938,62,53,124.0,106.0,,,-18.0,18.0,16.9811320754717
GDN0018,HoldingBreath,15,15,15,7417,7417,7895,7895,7585,7582,7644,7636,934.0,934.0,64.23982869379014,64.23982869379014,59,54,118.0,108.0,,,-10.0,10.0,9.25925925925926
GDN0018,HoldingBreath,16,16,16,7895,7895,8364,8364,8051,8049,8111,8100,940.0,940.0,63.829787234042556,63.829787234042556,60,51,120.0,102.0,,,-18.0,18.0,17.647058823529413
GDN0018,HoldingBreath,17,17,17,8364,8364,8837,8837,8522,8519,8578,8570,952.0,952.0,63.02521008403362,63.02521008403362,56,51,112.0,102.0,,,-10.0,10.0,9.803921568627452
GDN0018,HoldingBreath,18,18,18,8837,8837,9309,9309,8997,8995,9059,9035,938.0,938.0,63.965884861407254,63.965884861407254,62,40,124.0,80.0,,,-44.0,44.0,55.00000000000001
GDN0018,HoldingBreath,19,19,19,9309,9309,9769,9769,9466,9464,9525,9515,912.0,912.0,65.78947368421052,65.78947368421052,59,51,118.0,102.0,,,-16.0,16.0,15.686274509803921
GDN0018,HoldingBreath,20,20,20,9769,9769,10238,10238,9923,9920,9982,9961,952.0,952.0,63.02521008403362,63.02521008403362,59,41,118.0,82.0,,,-36.0,36.0,43.90243902439025
GDN0018,HoldingBreath,21,21,21,10238,10238,10715,10715,10398,10396,10461,10454,954.0,954.0,62.89308176100629,62.89308176100629,63,58,126.0,116.0,,,-10.0,10.0,8.620689655172415
GDN0018,HoldingBreath,22,22,22,10715,10715,11184,11184,10875,10873,10935,10927,928.0,928.0,64.6551724137931,64.6551724137931,60,54,120.0,108.0,,,-12.0,12.0,11.11111111111111
GDN0018,HoldingBreath,23,23,23,11184,11184,11639,11639,11339,11337,11399,11383,902.0,902.0,66.51884700665188,66.51884700665188,60,46,120.0,92.0,,,-28.0,28.0,30.434782608695656
GDN0018,HoldingBreath,24,24,24,11639,11639,12079,12079,11790,11787,11853,11827,868.0,868.0,69.12442396313364,69.12442396313364,63,40,126.0,80.0,,,-46.0,46.0,57.49999999999999
GDN0018,HoldingBreath,25,25,25,12079,12079,12504,12504,12225,12222,12283,12267,840.0,840.0,71.42857142857143,71.42857142857143,58,45,116.0,90.0,,,-26.0,26.0,28.888888888888886
GDN0018,HoldingBreath,26,26,26,12504,12504,12940,12940,12645,12642,12705,12698,888.0,888.0,67.56756756756756,67.56756756756756,60,56,120.0,112.0,,,-8.0,8.0,7.142857142857142
GDN0018,HoldingBreath,27,27,27,12940,12940,13387,13387,13089,13086,13148,13134,898.0,898.0,66.81514476614699,66.81514476614699,59,48,118.0,96.0,,,-22.0,22.0,22.916666666666664
GDN0018,HoldingBreath,28,28,28,13387,13387,13841,13841,13538,13535,13596,13576,914.0,914.0,65.64551422319475,65.64551422319475,58,41,116.0,82.0,,,-34.0,34.0,41.46341463414634
GDN0018,HoldingBreath,29,29,29,13841,13841,14298,14298,13995,13993,14057,14044,914.0,914.0,65.64551422319475,65.64551422319475,62,51,124.0,102.0,,,-22.0,22.0,21.568627450980394
GDN0018,HoldingBreath,30,30,30,14298,14298,14741,14741,14452,14449,14511,14479,870.0,870.0,68.96551724137932,68.96551724137932,59,30,118.0,60.0,,,-58.0,58.0,96.66666666666667
GDN0018,HoldingBreath,31,31,31,14741,14741,15166,15166,14887,14884,14946,14925,840.0,840.0,71.42857142857143,71.42857142857143,59,41,118.0,82.0,,,-36.0,36.0,43.90243902439025
GDN0018,HoldingBreath,32,32,32,15166,15166,15598,15598,15306,15304,15370,15366,878.0,878.0,68.3371298405467,68.3371298405467,64,62,128.0,124.0,,,-4.0,4.0,3.225806451612903
GDN0018,HoldingBreath,33,33,33,15598,15598,16039,16039,15746,15743,15806,15791,884.0,884.0,67.87330316742081,67.87330316742081,60,48,120.0,96.0,,,-24.0,24.0,25.0
GDN0018,HoldingBreath,34,34,34,16039,16039,16479,16479,16188,16185,16247,16247,876.0,876.0,68.4931506849315,68.4931506849315,59,62,118.0,124.0,,,6.0,6.0,4.838709677419355
GDN0018,HoldingBreath,35,35,35,16479,16479,16911,16911,16626,16623,16687,16673,858.0,858.0,69.93006993006993,69.93006993006993,61,50,122.0,100.0,,,-22.0,22.0,22.0
GDN0018,HoldingBreath,36,36,36,16911,16911,17328,17328,17055,17052,17116,17097,822.0,822.0,72.99270072992701,72.99270072992701,61,45,122.0,90.0,,,-32.0,32.0,35.55555555555556
GDN0018,HoldingBreath,37,37,37,17328,17328,17739,17739,17466,17463,17525,17506,822.0,822.0,72.99270072992701,72.99270072992701,59,43,118.0,86.0,,,-32.0,32.0,37.2093023255814
GDN0018,HoldingBreath,39,39,39,18162,18162,18598,18598,18306,18304,18364,18345,878.0,878.0,68.3371298405467,68.3371298405467,58,41,116.0,82.0,,,-34.0,34.0,41.46341463414634
GDN0018,HoldingBreath,40,40,40,18598,18598,19044,19044,18745,18743,18805,18803,898.0,898.0,66.81514476614699,66.81514476614699,60,60,120.0,120.0,,,0.0,0.0,0.0
GDN0018,HoldingBreath,41,41,41,19044,19044,19481,19481,19195,19192,19254,19246,862.0,862.0,69.60556844547564,69.60556844547564,59,54,118.0,108.0,,,-10.0,10.0,9.25925925925926
GDN0018,HoldingBreath,42,42,42,19481,19481,19908,19908,19626,19623,19686,19685,850.0,850.0,70.58823529411765,70.58823529411765,60,62,120.0,124.0,,,4.0,4.0,3.225806451612903
GDN0018,HoldingBreath,43,43,43,19908,19908,20338,20338,20051,20048,20110,20104,866.0,866.0,69.28406466512702,69.28406466512702,59,56,118.0,112.0,,,-6.0,6.0,5.357142857142857
GDN0018,HoldingBreath,44,44,44,20338,20338,20782,20782,20484,20481,20544,20501,898.0,898.0,66.81514476614699,66.81514476614699,60,20,120.0,40.0,,,-80.0,80.0,200.0
GDN0018,HoldingBreath,45,45,45,20782,20782,21233,21233,20932,20930,20996,20962,904.0,904.0,66.3716814159292,66.3716814159292,64,32,128.0,64.0,,,-64.0,64.0,100.0
GDN0018,HoldingBreath,46,46,46,21233,21233,21670,21670,21385,21382,21444,21435,858.0,858.0,69.93006993006993,69.93006993006993,59,53,118.0,106.0,,,-12.0,12.0,11.320754716981133
GDN0018,HoldingBreath,47,47,47,21670,21670,22092,22092,21814,21811,21875,21851,836.0,836.0,71.77033492822967,71.77033492822967,61,40,122.0,80.0,,,-42.0,42.0,52.5
GDN0018,HoldingBreath,48,48,48,22092,22092,22520,22520,22232,22229,22294,22286,868.0,868.0,69.12442396313364,69.12442396313364,62,57,124.0,114.0,,,-10.0,10.0,8.771929824561402
GDN0018,HoldingBreath,49,49,49,22520,22520,22939,22939,22665,22663,22725,22725,822.0,822.0,72.99270072992701,72.99270072992701,60,62,120.0,124.0,,,4.0,4.0,3.225806451612903
GDN0018,HoldingBreath,51,51,51,23346,23346,23741,23741,23480,23478,23545,23526,782.0,782.0,76.72634271099744,76.72634271099744,65,48,130.0,96.0,,,-34.0,34.0,35.41666666666667
GDN0018,HoldingBreath,52,52,52,23741,23741,24129,24129,23872,23869,23931,23898,772.0,772.0,77.720207253886,77.720207253886,59,29,118.0,58.0,,,-60.0,60.0,103.44827586206897
GDN0018,HoldingBreath,53,53,53,24129,24129,24522,24522,24258,24255,24319,24305,794.0,794.0,75.56675062972292,75.56675062972292,61,50,122.0,100.0,,,-22.0,22.0,22.0
GDN0018,HoldingBreath,55,55,55,24931,24931,25355,25355,25070,25067,25131,25100,858.0,858.0,69.93006993006993,69.93006993006993,61,33,122.0,66.0,,,-56.0,56.0,84.84848484848484
GDN0018,HoldingBreath,56,56,56,25355,25355,25779,25779,25499,25496,25560,25540,844.0,844.0,71.09004739336493,71.09004739336493,61,44,122.0,88.0,,,-34.0,34.0,38.63636363636363
GDN0018,HoldingBreath,57,57,57,25779,25779,26192,26192,25921,25918,25980,25954,814.0,814.0,73.71007371007371,73.71007371007371,59,36,118.0,72.0,,,-46.0,46.0,63.888888888888886
GDN0018,HoldingBreath,58,58,58,26192,26192,26595,26595,26328,26325,26386,26385,802.0,802.0,74.81296758104737,74.81296758104737,58,60,116.0,120.0,,,4.0,4.0,3.3333333333333335
GDN0018,HoldingBreath,59,59,59,26595,26595,26985,26985,26729,26726,26785,26788,768.0,768.0,78.125,78.125,56,62,112.0,124.0,,,12.0,12.0,9.67741935483871
GDN0018,HoldingBreath,61,61,61,27349,27349,27703,27703,27467,27464,27531,27528,708.0,708.0,84.74576271186442,84.74576271186442,64,64,128.0,128.0,,,0.0,0.0,0.0
GDN0018,HoldingBreath,62,62,62,27703,27703,28079,28079,27821,27818,27881,27875,776.0,776.0,77.31958762886597,77.31958762886597,60,57,120.0,114.0,,,-6.0,6.0,5.263157894736842
GDN0018,HoldingBreath,63,63,63,28079,28079,28487,28487,28209,28206,28269,28224,838.0,838.0,71.59904534606206,71.59904534606206,60,18,120.0,36.0,,,-84.0,84.0,233.33333333333334
GDN0018,HoldingBreath,65,65,65,28909,28909,29334,29334,29051,29048,29113,29071,852.0,852.0,70.4225352112676,70.4225352112676,62,23,124.0,46.0,,,-78.0,78.0,169.56521739130434
GDN0018,HoldingBreath,66,66,66,29334,29334,29753,29753,29477,29474,29534,29505,832.0,832.0,72.11538461538461,72.11538461538461,57,31,114.0,62.0,,,-52.0,52.0,83.87096774193549
GDN0018,TiltUp,0,0,0,278,278,558,558,370,367,431,439,560.0,560.0,107.14285714285714,107.14285714285714,61,72,122.0,144.0,,,22.0,22.0,15.277777777777779
GDN0018,TiltUp,1,1,1,558,558,839,839,650,647,709,717,562.0,562.0,106.76156583629893,106.76156583629893,59,70,118.0,140.0,,,22.0,22.0,15.714285714285714
GDN0018,TiltUp,2,2,2,839,839,1122,1122,932,928,993,1004,568.0,568.0,105.63380281690142,105.63380281690142,61,76,122.0,152.0,,,30.0,30.0,19.736842105263158
GDN0018,TiltUp,3,3,3,1122,1122,1408,1408,1216,1212,1277,1281,574.0,574.0,104.52961672473869,104.52961672473869,61,69,122.0,138.0,,,16.0,16.0,11.594202898550725
GDN0018,TiltUp,4,4,4,1408,1408,1699,1699,1502,1499,1561,1574,588.0,588.0,102.04081632653062,102.04081632653062,59,75,118.0,150.0,,,32.0,32.0,21.333333333333336
GDN0018,TiltUp,5,5,5,1699,1699,1997,1997,1797,1794,1855,1868,600.0,600.0,100.0,100.0,58,74,116.0,148.0,,,32.0,32.0,21.62162162162162
GDN0018,TiltUp,6,6,6,1997,1997,2300,2300,2096,2093,2155,2167,610.0,610.0,98.36065573770492,98.36065573770492,59,74,118.0,148.0,,,30.0,30.0,20.27027027027027
GDN0018,TiltUp,7,7,7,2300,2300,2608,2608,2401,2398,2460,2457,618.0,618.0,97.0873786407767,97.0873786407767,59,59,118.0,118.0,,,0.0,0.0,0.0
GDN0018,TiltUp,8,8,8,2608,2608,2918,2918,2710,2707,2768,2764,620.0,620.0,96.7741935483871,96.7741935483871,58,57,116.0,114.0,,,-2.0,2.0,1.7543859649122806
GDN0018,TiltUp,9,9,9,2918,2918,3226,3226,3021,3017,3077,3094,616.0,616.0,97.40259740259741,97.40259740259741,56,77,112.0,154.0,,,42.0,42.0,27.27272727272727
GDN0018,TiltUp,10,10,10,3226,3226,3536,3536,3328,3325,3390,3395,620.0,620.0,96.7741935483871,96.7741935483871,62,70,124.0,140.0,,,16.0,16.0,11.428571428571429
GDN0018,TiltUp,11,11,11,3536,3536,3853,3853,3638,3635,3700,3706,644.0,644.0,93.16770186335404,93.16770186335404,62,71,124.0,142.0,,,18.0,18.0,12.676056338028168
GDN0018,TiltUp,12,12,12,3853,3853,4180,4180,3960,3957,4016,4015,660.0,660.0,90.9090909090909,90.9090909090909,56,58,112.0,116.0,,,4.0,4.0,3.4482758620689653
GDN0018,TiltUp,13,13,13,4180,4180,4503,4503,4290,4287,4348,4354,636.0,636.0,94.33962264150944,94.33962264150944,58,67,116.0,134.0,,,18.0,18.0,13.432835820895523
GDN0018,TiltUp,14,14,14,4503,4503,4817,4817,4608,4605,4665,4678,626.0,626.0,95.84664536741214,95.84664536741214,57,73,114.0,146.0,,,32.0,32.0,21.91780821917808
GDN0018,TiltUp,15,15,15,4817,4817,5120,5120,4922,4919,4982,4991,594.0,594.0,101.01010101010101,101.01010101010101,60,72,120.0,144.0,,,24.0,24.0,16.666666666666664
GDN0018,TiltUp,16,16,16,5120,5120,5411,5411,5219,5216,5279,5291,576.0,576.0,104.16666666666667,104.16666666666667,60,75,120.0,150.0,,,30.0,30.0,20.0
GDN0018,TiltUp,17,17,17,5411,5411,5695,5695,5508,5504,5569,5572,564.0,564.0,106.38297872340426,106.38297872340426,61,68,122.0,136.0,,,14.0,14.0,10.294117647058822
GDN0018,TiltUp,18,18,18,5695,5695,5973,5973,5789,5785,5846,5855,552.0,552.0,108.69565217391303,108.69565217391303,57,70,114.0,140.0,,,26.0,26.0,18.571428571428573
GDN0018,TiltUp,19,19,19,5973,5973,6247,6247,6064,6061,6122,6130,544.0,544.0,110.29411764705881,110.29411764705881,58,69,116.0,138.0,,,22.0,22.0,15.942028985507244
GDN0018,TiltUp,20,20,20,6247,6247,6518,6518,6336,6333,6394,6404,540.0,540.0,111.1111111111111,111.1111111111111,58,71,116.0,142.0,,,26.0,26.0,18.30985915492958
GDN0018,TiltUp,21,21,21,6518,6518,6787,6787,6606,6603,6664,6670,538.0,538.0,111.52416356877323,111.52416356877323,58,67,116.0,134.0,,,18.0,18.0,13.432835820895523
GDN0018,TiltUp,22,22,22,6787,6787,7057,7057,6876,6873,6933,6941,542.0,542.0,110.7011070110701,110.7011070110701,57,68,114.0,136.0,,,22.0,22.0,16.176470588235293
GDN0018,TiltUp,23,23,23,7057,7057,7330,7330,7147,7143,7204,7205,548.0,548.0,109.4890510948905,109.4890510948905,57,62,114.0,124.0,,,10.0,10.0,8.064516129032258
GDN0018,TiltUp,25,25,25,7608,7608,7888,7888,7701,7697,7761,7766,560.0,560.0,107.14285714285714,107.14285714285714,60,69,120.0,138.0,,,18.0,18.0,13.043478260869565
GDN0018,TiltUp,26,26,26,7888,7888,8169,8169,7981,7978,8042,8048,564.0,564.0,106.38297872340426,106.38297872340426,61,70,122.0,140.0,,,18.0,18.0,12.857142857142856
GDN0018,TiltUp,27,27,27,8169,8169,8450,8450,8263,8260,8323,8329,560.0,560.0,107.14285714285714,107.14285714285714,60,69,120.0,138.0,,,18.0,18.0,13.043478260869565
GDN0018,TiltUp,28,28,28,8450,8450,8728,8728,8542,8539,8601,8610,554.0,554.0,108.30324909747291,108.30324909747291,59,71,118.0,142.0,,,24.0,24.0,16.901408450704224
GDN0018,TiltUp,29,29,29,8728,8728,9005,9005,8819,8816,8878,8882,554.0,554.0,108.30324909747291,108.30324909747291,59,66,118.0,132.0,,,14.0,14.0,10.606060606060606
GDN0018,TiltUp,30,30,30,9005,9005,9288,9288,9096,9093,9156,9162,572.0,572.0,104.89510489510491,104.89510489510491,60,69,120.0,138.0,,,18.0,18.0,13.043478260869565
GDN0018,TiltUp,31,31,31,9288,9288,9598,9598,9382,9379,9438,9439,646.0,646.0,92.87925696594426,92.87925696594426,56,60,112.0,120.0,,,8.0,8.0,6.666666666666667
GDN0018,TiltUp,32,32,32,9598,9598,9933,9933,9704,9702,9757,9753,684.0,684.0,87.71929824561403,87.71929824561403,53,51,106.0,102.0,,,-4.0,4.0,3.9215686274509802
GDN0018,TiltUp,33,33,33,9933,9933,10283,10283,10047,10045,10104,10098,708.0,708.0,84.74576271186442,84.74576271186442,57,53,114.0,106.0,,,-8.0,8.0,7.547169811320755
GDN0018,TiltUp,34,34,34,10283,10283,10630,10630,10401,10399,10457,10463,686.0,686.0,87.46355685131195,87.46355685131195,56,64,112.0,128.0,,,16.0,16.0,12.5
GDN0018,TiltUp,35,35,35,10630,10630,10965,10965,10745,10742,10805,10803,662.0,662.0,90.63444108761328,90.63444108761328,60,61,120.0,122.0,,,2.0,2.0,1.639344262295082
GDN0018,TiltUp,36,36,36,10965,10965,11285,11285,11075,11072,11134,11136,628.0,628.0,95.54140127388536,95.54140127388536,59,64,118.0,128.0,,,10.0,10.0,7.8125
GDN0018,TiltUp,37,37,37,11285,11285,11594,11594,11390,11386,11452,11456,612.0,612.0,98.03921568627452,98.03921568627452,62,70,124.0,140.0,,,16.0,16.0,11.428571428571429
GDN0018,TiltUp,38,38,38,11594,11594,11892,11892,11696,11692,11758,11766,588.0,588.0,102.04081632653062,102.04081632653062,62,74,124.0,148.0,,,24.0,24.0,16.216216216216218
GDN0018,TiltUp,39,39,39,11892,11892,12182,12182,11990,11987,12056,12061,574.0,574.0,104.52961672473869,104.52961672473869,66,74,132.0,148.0,,,16.0,16.0,10.81081081081081
GDN0018,TiltUp,40,40,40,12182,12182,12463,12463,12277,12273,12337,12345,558.0,558.0,107.5268817204301,107.5268817204301,60,72,120.0,144.0,,,24.0,24.0,16.666666666666664
GDN0018,TiltUp,41,41,41,12463,12463,12739,12739,12556,12553,12618,12630,548.0,548.0,109.4890510948905,109.4890510948905,62,77,124.0,154.0,,,30.0,30.0,19.480519480519483
GDN0018,TiltUp,42,42,42,12739,12739,13011,13011,12830,12827,12889,12903,542.0,542.0,110.7011070110701,110.7011070110701,59,76,118.0,152.0,,,34.0,34.0,22.36842105263158
GDN0018,TiltUp,43,43,43,13011,13011,13281,13281,13101,13098,13162,13174,538.0,538.0,111.52416356877323,111.52416356877323,61,76,122.0,152.0,,,30.0,30.0,19.736842105263158
GDN0018,TiltUp,44,44,44,13281,13281,13553,13553,13370,13367,13431,13440,548.0,548.0,109.4890510948905,109.4890510948905,61,73,122.0,146.0,,,24.0,24.0,16.43835616438356
GDN0018,TiltUp,45,45,45,13553,13553,13829,13829,13644,13641,13705,13712,554.0,554.0,108.30324909747291,108.30324909747291,61,71,122.0,142.0,,,20.0,20.0,14.084507042253522
GDN0018,TiltUp,46,46,46,13829,13829,14113,14113,13921,13917,13981,13987,574.0,574.0,104.52961672473869,104.52961672473869,60,70,120.0,140.0,,,20.0,20.0,14.285714285714285
GDN0018,TiltUp,47,47,47,14113,14113,14406,14406,14207,14204,14265,14272,594.0,594.0,101.01010101010101,101.01010101010101,58,68,116.0,136.0,,,20.0,20.0,14.705882352941178
GDN0018,TiltUp,48,48,48,14406,14406,14708,14708,14505,14501,14563,14575,608.0,608.0,98.6842105263158,98.6842105263158,58,74,116.0,148.0,,,32.0,32.0,21.62162162162162
GDN0018,TiltUp,49,49,49,14708,14708,15017,15017,14809,14806,14867,14877,624.0,624.0,96.15384615384616,96.15384615384616,58,71,116.0,142.0,,,26.0,26.0,18.30985915492958
GDN0018,TiltUp,50,50,50,15017,15017,15329,15329,15121,15118,15182,15190,624.0,624.0,96.15384615384616,96.15384615384616,61,72,122.0,144.0,,,22.0,22.0,15.277777777777779
GDN0018,TiltUp,51,51,51,15329,15329,15642,15642,15433,15429,15496,15501,628.0,628.0,95.54140127388536,95.54140127388536,63,72,126.0,144.0,,,18.0,18.0,12.5
GDN0018,TiltUp,52,52,52,15642,15642,15959,15959,15746,15743,15804,15810,638.0,638.0,94.04388714733543,94.04388714733543,58,67,116.0,134.0,,,18.0,18.0,13.432835820895523
GDN0018,TiltUp,53,53,53,15959,15959,16282,16282,16065,16062,16124,16129,648.0,648.0,92.5925925925926,92.5925925925926,59,67,118.0,134.0,,,16.0,16.0,11.940298507462686
GDN0018,TiltUp,54,54,54,16282,16282,16609,16609,16389,16386,16446,16445,658.0,658.0,91.1854103343465,91.1854103343465,57,59,114.0,118.0,,,4.0,4.0,3.389830508474576
GDN0018,TiltUp,55,55,55,16609,16609,16938,16938,16718,16715,16775,16771,658.0,658.0,91.1854103343465,91.1854103343465,57,56,114.0,112.0,,,-2.0,2.0,1.7857142857142856
GDN0018,TiltUp,56,56,56,16938,16938,17258,17258,17048,17045,17106,17106,630.0,630.0,95.23809523809524,95.23809523809524,58,61,116.0,122.0,,,6.0,6.0,4.918032786885246
GDN0018,TiltUp,57,57,57,17258,17258,17566,17566,17362,17359,17423,17429,610.0,610.0,98.36065573770492,98.36065573770492,61,70,122.0,140.0,,,18.0,18.0,12.857142857142856
GDN0018,TiltUp,58,58,58,17566,17566,17865,17865,17668,17664,17725,17737,590.0,590.0,101.69491525423729,101.69491525423729,57,73,114.0,146.0,,,32.0,32.0,21.91780821917808
GDN0018,TiltUp,59,59,59,17865,17865,18156,18156,17963,17959,18021,18029,580.0,580.0,103.44827586206897,103.44827586206897,58,70,116.0,140.0,,,24.0,24.0,17.142857142857142
GDN0018,TiltUp,60,60,60,18156,18156,18441,18441,18252,18249,18310,18323,564.0,564.0,106.38297872340426,106.38297872340426,58,74,116.0,148.0,,,32.0,32.0,21.62162162162162
GDN0018,TiltUp,61,61,61,18441,18441,18720,18720,18535,18531,18596,18610,554.0,554.0,108.30324909747291,108.30324909747291,61,79,122.0,158.0,,,36.0,36.0,22.78481012658228
GDN0018,TiltUp,62,62,62,18720,18720,18994,18994,18812,18808,18874,18883,544.0,544.0,110.29411764705881,110.29411764705881,62,75,124.0,150.0,,,26.0,26.0,17.333333333333336
GDN0018,TiltUp,63,63,63,18994,18994,19263,19263,19084,19080,19146,19160,536.0,536.0,111.94029850746269,111.94029850746269,62,80,124.0,160.0,,,36.0,36.0,22.5
GDN0018,TiltUp,64,64,64,19263,19263,19529,19529,19351,19348,19415,19419,528.0,528.0,113.63636363636363,113.63636363636363,64,71,128.0,142.0,,,14.0,14.0,9.859154929577464
GDN0018,TiltUp,65,65,65,19529,19529,19791,19791,19615,19612,19678,19689,524.0,524.0,114.50381679389312,114.50381679389312,63,77,126.0,154.0,,,28.0,28.0,18.181818181818183
GDN0018,TiltUp,66,66,66,19791,19791,20053,20053,19878,19875,19943,19955,522.0,522.0,114.94252873563218,114.94252873563218,65,80,130.0,160.0,,,30.0,30.0,18.75
GDN0018,TiltUp,67,67,67,20053,20053,20315,20315,20139,20135,20203,20215,526.0,526.0,114.06844106463878,114.06844106463878,64,80,128.0,160.0,,,32.0,32.0,20.0
GDN0018,TiltUp,68,68,68,20315,20315,20578,20578,20402,20398,20463,20466,526.0,526.0,114.06844106463878,114.06844106463878,61,68,122.0,136.0,,,14.0,14.0,10.294117647058822
GDN0018,TiltUp,69,69,69,20578,20578,20842,20842,20665,20662,20729,20736,530.0,530.0,113.20754716981132,113.20754716981132,64,74,128.0,148.0,,,20.0,20.0,13.513513513513514
GDN0018,TiltUp,70,70,70,20842,20842,21109,21109,20930,20926,20989,21000,536.0,536.0,111.94029850746269,111.94029850746269,59,74,118.0,148.0,,,30.0,30.0,20.27027027027027
GDN0018,TiltUp,71,71,71,21109,21109,21382,21382,21197,21194,21255,21264,552.0,552.0,108.69565217391303,108.69565217391303,58,70,116.0,140.0,,,24.0,24.0,17.142857142857142
GDN0018,TiltUp,72,72,72,21382,21382,21678,21678,21474,21471,21530,21540,612.0,612.0,98.03921568627452,98.03921568627452,56,69,112.0,138.0,,,26.0,26.0,18.84057971014493
GDN0018,TiltUp,73,73,73,21678,21678,22019,22019,21779,21776,21834,21840,720.0,720.0,83.33333333333334,83.33333333333334,55,64,110.0,128.0,,,18.0,18.0,14.0625
GDN0018,TiltUp,74,74,74,22019,22019,22398,22398,22139,22136,22192,22205,778.0,778.0,77.12082262210797,77.12082262210797,53,69,106.0,138.0,,,32.0,32.0,23.18840579710145
GDN0018,TiltUp,75,75,75,22398,22398,22788,22788,22528,22526,22585,22587,782.0,782.0,76.72634271099744,76.72634271099744,57,61,114.0,122.0,,,8.0,8.0,6.557377049180328
GDN0018,TiltUp,76,76,76,22788,22788,23181,23181,22920,22917,22981,22957,788.0,788.0,76.14213197969544,76.14213197969544,61,40,122.0,80.0,,,-42.0,42.0,52.5
GDN0018,TiltUp,77,77,77,23181,23181,23572,23572,23313,23310,23372,23375,780.0,780.0,76.92307692307692,76.92307692307692,59,65,118.0,130.0,,,12.0,12.0,9.230769230769232
GDN0018,TiltUp,78,78,78,23572,23572,23952,23952,23703,23701,23765,23774,748.0,748.0,80.21390374331551,80.21390374331551,62,73,124.0,146.0,,,22.0,22.0,15.068493150684931
GDN0018,TiltUp,79,79,79,23952,23952,24317,24317,24077,24074,24138,24139,720.0,720.0,83.33333333333334,83.33333333333334,61,65,122.0,130.0,,,8.0,8.0,6.153846153846154
GDN0018,TiltUp,80,80,80,24317,24317,24669,24669,24437,24434,24494,24491,696.0,696.0,86.20689655172414,86.20689655172414,57,57,114.0,114.0,,,0.0,0.0,0.0
GDN0018,TiltUp,81,81,81,24669,24669,25015,25015,24785,24782,24843,24849,688.0,688.0,87.2093023255814,87.2093023255814,58,67,116.0,134.0,,,18.0,18.0,13.432835820895523
GDN0018,TiltUp,82,82,82,25015,25015,25353,25353,25130,25127,25187,25190,670.0,670.0,89.55223880597015,89.55223880597015,57,63,114.0,126.0,,,12.0,12.0,9.523809523809524
GDN0018,TiltUp,83,83,83,25353,25353,25680,25680,25465,25461,25523,25530,646.0,646.0,92.87925696594426,92.87925696594426,58,69,116.0,138.0,,,22.0,22.0,15.942028985507244
GDN0018,TiltUp,84,84,84,25680,25680,25994,25994,25787,25784,25847,25858,620.0,620.0,96.7741935483871,96.7741935483871,60,74,120.0,148.0,,,28.0,28.0,18.91891891891892
GDN0018,TiltUp,85,85,85,25994,25994,26295,26295,26098,26094,26160,26171,592.0,592.0,101.35135135135135,101.35135135135135,62,77,124.0,154.0,,,30.0,30.0,19.480519480519483
GDN0018,TiltUp,86,86,86,26295,26295,26588,26588,26393,26390,26457,26469,582.0,582.0,103.09278350515464,103.09278350515464,64,79,128.0,158.0,,,30.0,30.0,18.9873417721519
GDN0018,TiltUp,87,87,87,26588,26588,26877,26877,26685,26682,26747,26754,574.0,574.0,104.52961672473869,104.52961672473869,62,72,124.0,144.0,,,20.0,20.0,13.88888888888889
GDN0018,TiltUp,88,88,88,26877,26877,27164,27164,26972,26968,27032,27044,576.0,576.0,104.16666666666667,104.16666666666667,60,76,120.0,152.0,,,32.0,32.0,21.052631578947366
GDN0018,TiltUp,89,89,89,27164,27164,27453,27453,27259,27256,,27330,578.0,578.0,103.80622837370242,103.80622837370242,,74,,148.0,c_point_nan,,,,
GDN0018,TiltUp,90,90,90,27453,27453,27744,27744,27548,27545,27605,27610,584.0,584.0,102.73972602739727,102.73972602739727,57,65,114.0,130.0,,,16.0,16.0,12.307692307692308
GDN0018,TiltUp,91,91,91,27744,27744,28044,28044,27840,27837,27893,27901,608.0,608.0,98.6842105263158,98.6842105263158,53,64,106.0,128.0,,,22.0,22.0,17.1875
GDN0018,TiltUp,92,92,92,28044,28044,28352,28352,28145,28141,28201,28191,622.0,622.0,96.46302250803859,96.46302250803859,56,50,112.0,100.0,,,-12.0,12.0,12.0
GDN0018,TiltUp,93,93,93,28352,28352,28662,28662,28456,28453,28516,28521,618.0,618.0,97.0873786407767,97.0873786407767,60,68,120.0,136.0,,,16.0,16.0,11.76470588235294
GDN0018,TiltUp,94,94,94,28662,28662,28968,28968,28765,28761,28825,28839,608.0,608.0,98.6842105263158,98.6842105263158,60,78,120.0,156.0,,,36.0,36.0,23.076923076923077
GDN0018,TiltUp,95,95,95,28968,28968,29267,29267,29069,29066,29132,29141,594.0,594.0,101.01010101010101,101.01010101010101,63,75,126.0,150.0,,,24.0,24.0,16.0
GDN0018,TiltUp,96,96,96,29267,29267,29560,29560,29367,29363,29428,29441,580.0,580.0,103.44827586206897,103.44827586206897,61,78,122.0,156.0,,,34.0,34.0,21.794871794871796
GDN0018,TiltUp,97,97,97,29560,29560,29846,29846,29657,29653,29716,29725,568.0,568.0,105.63380281690142,105.63380281690142,59,72,118.0,144.0,,,26.0,26.0,18.055555555555554
GDN0019,Pause,0,0,0,57,57,671,671,262,258,322,317,1228.0,1228.0,48.8599348534202,48.8599348534202,60,59,120.0,118.0,,,-2.0,2.0,1.694915254237288
GDN0019,Pause,1,1,1,671,671,1292,1292,877,872,936,919,1248.0,1248.0,48.07692307692308,48.07692307692308,59,47,118.0,94.0,,,-24.0,24.0,25.53191489361702
GDN0019,Pause,2,2,2,1292,1292,1922,1922,1501,1496,1561,1548,1268.0,1268.0,47.3186119873817,47.3186119873817,60,52,120.0,104.0,,,-16.0,16.0,15.384615384615385
GDN0019,Pause,3,3,3,1922,1922,2548,2548,2134,2130,2194,2195,1244.0,1244.0,48.231511254019296,48.231511254019296,60,65,120.0,130.0,,,10.0,10.0,7.6923076923076925
GDN0019,Pause,4,4,4,2548,2548,3177,3177,2757,2752,2816,2813,1264.0,1264.0,47.46835443037975,47.46835443037975,59,61,118.0,122.0,,,4.0,4.0,3.278688524590164
GDN0019,Pause,5,5,5,3177,3177,3811,3811,3388,3384,3448,3431,1272.0,1272.0,47.16981132075472,47.16981132075472,60,47,120.0,94.0,,,-26.0,26.0,27.659574468085108
GDN0019,Pause,6,6,6,3811,3811,4436,4436,4025,4020,4084,4067,1236.0,1236.0,48.54368932038835,48.54368932038835,59,47,118.0,94.0,,,-24.0,24.0,25.53191489361702
GDN0019,Pause,7,7,7,4436,4436,5045,5045,4642,4638,4702,4690,1208.0,1208.0,49.66887417218543,49.66887417218543,60,52,120.0,104.0,,,-16.0,16.0,15.384615384615385
GDN0019,Pause,8,8,8,5045,5045,5664,5664,5246,5242,5308,5293,1256.0,1256.0,47.77070063694268,47.77070063694268,62,51,124.0,102.0,,,-22.0,22.0,21.568627450980394
GDN0019,Pause,9,9,9,5664,5664,6292,6292,5874,5870,5934,5921,1254.0,1254.0,47.84688995215311,47.84688995215311,60,51,120.0,102.0,,,-18.0,18.0,17.647058823529413
GDN0019,Pause,10,10,10,6292,6292,6885,6885,6502,6497,6561,6550,1150.0,1150.0,52.173913043478265,52.173913043478265,59,53,118.0,106.0,,,-12.0,12.0,11.320754716981133
GDN0019,Pause,11,11,11,6885,6885,7464,7464,7076,7072,7136,7116,1162.0,1162.0,51.63511187607573,51.63511187607573,60,44,120.0,88.0,,,-32.0,32.0,36.36363636363637
GDN0019,Pause,12,12,12,7464,7464,8058,8058,7658,7653,7717,7715,1204.0,1204.0,49.83388704318937,49.83388704318937,59,62,118.0,124.0,,,6.0,6.0,4.838709677419355
GDN0019,Pause,13,13,13,8058,8058,8653,8653,8259,8255,8319,8310,1182.0,1182.0,50.76142131979696,50.76142131979696,60,55,120.0,110.0,,,-10.0,10.0,9.090909090909092
GDN0019,Pause,14,14,14,8653,8653,9240,9240,8850,8846,8912,8894,1168.0,1168.0,51.369863013698634,51.369863013698634,62,48,124.0,96.0,,,-28.0,28.0,29.166666666666668
GDN0019,Pause,15,15,15,9240,9240,9805,9805,9435,9430,9496,9481,1112.0,1112.0,53.956834532374096,53.956834532374096,61,51,122.0,102.0,,,-20.0,20.0,19.607843137254903
GDN0019,Pause,16,16,16,9805,9805,10404,10404,9990,9986,10051,10018,1244.0,1244.0,48.231511254019296,48.231511254019296,61,32,122.0,64.0,,,-58.0,58.0,90.625
GDN0019,Pause,17,17,17,10404,10404,11031,11031,10613,10608,10674,10665,1258.0,1258.0,47.69475357710652,47.69475357710652,61,57,122.0,114.0,,,-8.0,8.0,7.017543859649122
GDN0019,Pause,18,18,18,11031,11031,11642,11642,11241,11236,11300,11298,1202.0,1202.0,49.91680532445923,49.91680532445923,59,62,118.0,124.0,,,6.0,6.0,4.838709677419355
GDN0019,Pause,19,19,19,11642,11642,12256,12256,11843,11838,11903,11894,1244.0,1244.0,48.231511254019296,48.231511254019296,60,56,120.0,112.0,,,-8.0,8.0,7.142857142857142
GDN0019,Pause,20,20,20,12256,12256,12889,12889,12464,12460,12524,12509,1278.0,1278.0,46.948356807511736,46.948356807511736,60,49,120.0,98.0,,,-22.0,22.0,22.448979591836736
GDN0019,Pause,21,21,21,12889,12889,13504,13504,13103,13099,13164,13153,1202.0,1202.0,49.91680532445923,49.91680532445923,61,54,122.0,108.0,,,-14.0,14.0,12.962962962962962
GDN0019,Pause,22,22,22,13504,13504,14084,14084,13704,13700,13766,13753,1140.0,1140.0,52.631578947368425,52.631578947368425,62,53,124.0,106.0,,,-18.0,18.0,16.9811320754717
GDN0019,Pause,23,23,23,14084,14084,14670,14670,14274,14270,14334,14322,1188.0,1188.0,50.505050505050505,50.505050505050505,60,52,120.0,104.0,,,-16.0,16.0,15.384615384615385
GDN0019,Pause,24,24,24,14670,14670,15267,15267,14868,14864,14928,14924,1198.0,1198.0,50.08347245409015,50.08347245409015,60,60,120.0,120.0,,,0.0,0.0,0.0
GDN0019,Pause,25,25,25,15267,15267,15847,15847,15468,15463,15525,15507,1138.0,1138.0,52.72407732864675,52.72407732864675,57,44,114.0,88.0,,,-26.0,26.0,29.545454545454547
GDN0019,Pause,26,26,26,15847,15847,16437,16437,16036,16032,16097,16074,1202.0,1202.0,49.91680532445923,49.91680532445923,61,42,122.0,84.0,,,-38.0,38.0,45.23809523809524
GDN0019,Pause,27,27,27,16437,16437,17052,17052,16638,16633,16699,16683,1246.0,1246.0,48.154093097913325,48.154093097913325,61,50,122.0,100.0,,,-22.0,22.0,22.0
GDN0019,Pause,28,28,28,17052,17052,17660,17660,17261,17256,17320,17309,1200.0,1200.0,50.0,50.0,59,53,118.0,106.0,,,-12.0,12.0,11.320754716981133
GDN0019,Pause,29,29,29,17660,17660,18239,18239,17861,17856,17920,17907,1136.0,1136.0,52.81690140845071,52.81690140845071,59,51,118.0,102.0,,,-16.0,16.0,15.686274509803921
GDN0019,Pause,30,30,30,18239,18239,18837,18837,18428,18424,18487,18491,1228.0,1228.0,48.8599348534202,48.8599348534202,59,67,118.0,134.0,,,16.0,16.0,11.940298507462686
GDN0019,Pause,31,31,31,18837,18837,19465,19465,19042,19037,19102,19086,1272.0,1272.0,47.16981132075472,47.16981132075472,60,49,120.0,98.0,,,-22.0,22.0,22.448979591836736
GDN0019,Pause,32,32,32,19465,19465,20092,20092,19678,19674,19737,19722,1242.0,1242.0,48.309178743961354,48.309178743961354,59,48,118.0,96.0,,,-22.0,22.0,22.916666666666664
GDN0019,Pause,33,33,33,20092,20092,20683,20683,20300,20295,20359,20340,1152.0,1152.0,52.083333333333336,52.083333333333336,59,45,118.0,90.0,,,-28.0,28.0,31.11111111111111
GDN0019,Pause,34,34,34,20683,20683,21276,21276,20875,20871,20936,20920,1204.0,1204.0,49.83388704318937,49.83388704318937,61,49,122.0,98.0,,,-24.0,24.0,24.489795918367346
GDN0019,Pause,35,35,35,21276,21276,21888,21888,21478,21473,21537,21525,1234.0,1234.0,48.62236628849271,48.62236628849271,59,52,118.0,104.0,,,-14.0,14.0,13.461538461538462
GDN0019,Pause,36,36,36,21888,21888,22476,22476,22095,22091,22155,22135,1144.0,1144.0,52.447552447552454,52.447552447552454,60,44,120.0,88.0,,,-32.0,32.0,36.36363636363637
GDN0019,Pause,37,37,37,22476,22476,23055,23055,22666,22662,22727,22711,1166.0,1166.0,51.45797598627787,51.45797598627787,61,49,122.0,98.0,,,-24.0,24.0,24.489795918367346
GDN0019,Pause,38,38,38,23055,23055,23638,23638,23250,23245,23310,23297,1166.0,1166.0,51.45797598627787,51.45797598627787,60,52,120.0,104.0,,,-16.0,16.0,15.384615384615385
GDN0019,Pause,39,39,39,23638,23638,24194,24194,23832,23828,23893,23895,1084.0,1084.0,55.35055350553505,55.35055350553505,61,67,122.0,134.0,,,12.0,12.0,8.955223880597014
GDN0019,Pause,40,40,40,24194,24194,24760,24760,24375,24370,24436,24434,1156.0,1156.0,51.90311418685121,51.90311418685121,61,64,122.0,128.0,,,6.0,6.0,4.6875
GDN0019,Pause,41,41,41,24760,24760,25358,25358,24952,24948,25014,25002,1218.0,1218.0,49.26108374384236,49.26108374384236,62,54,124.0,108.0,,,-16.0,16.0,14.814814814814813
GDN0019,Pause,42,42,42,25358,25358,25943,25943,25561,25557,25621,25609,1146.0,1146.0,52.35602094240838,52.35602094240838,60,52,120.0,104.0,,,-16.0,16.0,15.384615384615385
GDN0019,Pause,43,43,43,25943,25943,26540,26540,26134,26130,26195,26167,1220.0,1220.0,49.18032786885246,49.18032786885246,61,37,122.0,74.0,,,-48.0,48.0,64.86486486486487
GDN0019,Pause,44,44,44,26540,26540,27162,27162,26744,26740,26805,26790,1256.0,1256.0,47.77070063694268,47.77070063694268,61,50,122.0,100.0,,,-22.0,22.0,22.0
GDN0019,Pause,45,45,45,27162,27162,27760,27760,27373,27368,27432,27417,1162.0,1162.0,51.63511187607573,51.63511187607573,59,49,118.0,98.0,,,-20.0,20.0,20.408163265306122
GDN0019,Pause,46,46,46,27760,27760,28363,28363,27954,27949,28016,27998,1232.0,1232.0,48.701298701298704,48.701298701298704,62,49,124.0,98.0,,,-26.0,26.0,26.53061224489796
GDN0019,Pause,47,47,47,28363,28363,28974,28974,28569,28565,28629,28613,1214.0,1214.0,49.423393739703464,49.423393739703464,60,48,120.0,96.0,,,-24.0,24.0,25.0
GDN0019,Pause,48,48,48,28974,28974,29562,29562,29176,29172,29237,29218,1156.0,1156.0,51.90311418685121,51.90311418685121,61,46,122.0,92.0,,,-30.0,30.0,32.608695652173914
GDN0019,Valsalva,0,0,0,219,219,728,728,388,384,448,428,1018.0,1018.0,58.93909626719057,58.93909626719057,60,44,120.0,88.0,,,-32.0,32.0,36.36363636363637
GDN0019,Valsalva,1,1,1,728,728,1270,1270,896,892,955,944,1120.0,1120.0,53.57142857142857,53.57142857142857,59,52,118.0,104.0,,,-14.0,14.0,13.461538461538462
GDN0019,Valsalva,2,2,2,1270,1270,1838,1838,1456,1452,1516,1500,1146.0,1146.0,52.35602094240838,52.35602094240838,60,48,120.0,96.0,,,-24.0,24.0,25.0
GDN0019,Valsalva,3,3,3,1838,1838,2419,2419,2029,2025,2088,2069,1168.0,1168.0,51.369863013698634,51.369863013698634,59,44,118.0,88.0,,,-30.0,30.0,34.090909090909086
GDN0019,Valsalva,4,4,4,2419,2419,2981,2981,2613,2609,2673,2661,1102.0,1102.0,54.44646098003629,54.44646098003629,60,52,120.0,104.0,,,-16.0,16.0,15.384615384615385
GDN0019,Valsalva,5,5,5,2981,2981,3556,3556,3164,3160,3225,3221,1174.0,1174.0,51.107325383304946,51.107325383304946,61,61,122.0,122.0,,,0.0,0.0,0.0
GDN0019,Valsalva,6,6,6,3556,3556,4143,4143,3752,3747,3810,3801,1174.0,1174.0,51.107325383304946,51.107325383304946,58,54,116.0,108.0,,,-8.0,8.0,7.4074074074074066
GDN0019,Valsalva,7,7,7,4143,4143,4709,4709,4339,4334,4399,4390,1112.0,1112.0,53.956834532374096,53.956834532374096,60,56,120.0,112.0,,,-8.0,8.0,7.142857142857142
GDN0019,Valsalva,8,8,8,4709,4709,5262,5262,4895,4890,4954,4943,1100.0,1100.0,54.54545454545454,54.54545454545454,59,53,118.0,106.0,,,-12.0,12.0,11.320754716981133
GDN0019,Valsalva,9,9,9,5262,5262,5833,5833,5444,5440,5504,5497,1166.0,1166.0,51.45797598627787,51.45797598627787,60,57,120.0,114.0,,,-6.0,6.0,5.263157894736842
GDN0019,Valsalva,10,10,10,5833,5833,6423,6423,6027,6022,6087,6073,1188.0,1188.0,50.505050505050505,50.505050505050505,60,51,120.0,102.0,,,-18.0,18.0,17.647058823529413
GDN0019,Valsalva,11,11,11,6423,6423,7011,7011,6621,6617,6683,6674,1170.0,1170.0,51.282051282051285,51.282051282051285,62,57,124.0,114.0,,,-10.0,10.0,8.771929824561402
GDN0019,Valsalva,12,12,12,7011,7011,7598,7598,7207,7202,7266,7255,1176.0,1176.0,51.02040816326531,51.02040816326531,59,53,118.0,106.0,,,-12.0,12.0,11.320754716981133
GDN0019,Valsalva,13,13,13,7598,7598,8199,8199,7794,7790,7855,7840,1216.0,1216.0,49.3421052631579,49.3421052631579,61,50,122.0,100.0,,,-22.0,22.0,22.0
GDN0019,Valsalva,14,14,14,8199,8199,8803,8803,8403,8398,8462,8455,1204.0,1204.0,49.83388704318937,49.83388704318937,59,57,118.0,114.0,,,-4.0,4.0,3.508771929824561
GDN0019,Valsalva,15,15,15,8803,8803,9394,9394,9004,9000,9063,9051,1168.0,1168.0,51.369863013698634,51.369863013698634,59,51,118.0,102.0,,,-16.0,16.0,15.686274509803921
GDN0019,Valsalva,16,16,16,9394,9394,9986,9986,9588,9584,9649,9642,1194.0,1194.0,50.25125628140704,50.25125628140704,61,58,122.0,116.0,,,-6.0,6.0,5.172413793103448
GDN0019,Valsalva,17,17,17,9986,9986,10584,10584,10186,10181,10245,10233,1196.0,1196.0,50.16722408026756,50.16722408026756,59,52,118.0,104.0,,,-14.0,14.0,13.461538461538462
GDN0019,Valsalva,18,18,18,10584,10584,11171,11171,10784,10779,10844,10838,1162.0,1162.0,51.63511187607573,51.63511187607573,60,59,120.0,118.0,,,-2.0,2.0,1.694915254237288
GDN0019,Valsalva,19,19,19,11171,11171,11757,11757,11364,11360,11426,11418,1178.0,1178.0,50.93378607809847,50.93378607809847,62,58,124.0,116.0,,,-8.0,8.0,6.896551724137931
GDN0019,Valsalva,20,20,20,11757,11757,12360,12360,11954,11949,12012,12010,1222.0,1222.0,49.09983633387889,49.09983633387889,58,61,116.0,122.0,,,6.0,6.0,4.918032786885246
GDN0019,Valsalva,21,21,21,12360,12360,12966,12966,12564,12560,12625,12620,1206.0,1206.0,49.75124378109453,49.75124378109453,61,60,122.0,120.0,,,-2.0,2.0,1.6666666666666667
GDN0019,Valsalva,22,22,22,12966,12966,13554,13554,13167,13163,13228,13226,1160.0,1160.0,51.724137931034484,51.724137931034484,61,63,122.0,126.0,,,4.0,4.0,3.1746031746031744
GDN0019,Valsalva,23,23,23,13554,13554,14101,14101,13748,13743,13808,13796,1058.0,1058.0,56.71077504725898,56.71077504725898,60,53,120.0,106.0,,,-14.0,14.0,13.20754716981132
GDN0019,Valsalva,24,24,24,14101,14101,14648,14648,14276,14272,14336,14307,1114.0,1114.0,53.85996409335726,53.85996409335726,60,35,120.0,70.0,,,-50.0,50.0,71.42857142857143
GDN0019,Valsalva,25,25,25,14648,14648,15217,15217,14833,14828,14894,14891,1152.0,1152.0,52.083333333333336,52.083333333333336,61,63,122.0,126.0,,,4.0,4.0,3.1746031746031744
GDN0019,Valsalva,26,26,26,15217,15217,15769,15769,15409,15405,15469,15474,1078.0,1078.0,55.65862708719851,55.65862708719851,60,69,120.0,138.0,,,18.0,18.0,13.043478260869565
GDN0019,Valsalva,27,27,27,15769,15769,16295,16295,15948,15944,16010,15995,1038.0,1038.0,57.80346820809248,57.80346820809248,62,51,124.0,102.0,,,-22.0,22.0,21.568627450980394
GDN0019,Valsalva,29,29,29,16846,16846,17448,17448,17036,17031,17097,17087,1240.0,1240.0,48.38709677419355,48.38709677419355,61,56,122.0,112.0,,,-10.0,10.0,8.928571428571429
GDN0019,Valsalva,30,30,30,17448,17448,18078,18078,17656,17651,17717,17711,1272.0,1272.0,47.16981132075472,47.16981132075472,61,60,122.0,120.0,,,-2.0,2.0,1.6666666666666667
GDN0019,Valsalva,31,31,31,18078,18078,18690,18690,18292,18287,18351,18338,1196.0,1196.0,50.16722408026756,50.16722408026756,59,51,118.0,102.0,,,-16.0,16.0,15.686274509803921
GDN0019,Valsalva,32,32,32,18690,18690,19317,19317,18889,18885,18951,18941,1286.0,1286.0,46.65629860031104,46.65629860031104,62,56,124.0,112.0,,,-12.0,12.0,10.714285714285714
GDN0019,Valsalva,33,33,33,19317,19317,19954,19954,19533,19528,19594,19584,1268.0,1268.0,47.3186119873817,47.3186119873817,61,56,122.0,112.0,,,-10.0,10.0,8.928571428571429
GDN0019,Valsalva,34,34,34,19954,19954,20555,20555,20166,20162,20228,20226,1166.0,1166.0,51.45797598627787,51.45797598627787,62,64,124.0,128.0,,,4.0,4.0,3.125
GDN0019,Valsalva,35,35,35,20555,20555,21142,21142,20750,20745,20812,20793,1180.0,1180.0,50.847457627118644,50.847457627118644,62,48,124.0,96.0,,,-28.0,28.0,29.166666666666668
GDN0019,Valsalva,36,36,36,21142,21142,21757,21757,21340,21335,21401,21395,1254.0,1254.0,47.84688995215311,47.84688995215311,61,60,122.0,120.0,,,-2.0,2.0,1.6666666666666667
GDN0019,Valsalva,37,37,37,21757,21757,22388,22388,21966,21962,22026,22007,1268.0,1268.0,47.3186119873817,47.3186119873817,60,45,120.0,90.0,,,-30.0,30.0,33.33333333333333
GDN0019,Valsalva,38,38,38,22388,22388,22988,22988,22600,22596,22660,22655,1164.0,1164.0,51.54639175257732,51.54639175257732,60,59,120.0,118.0,,,-2.0,2.0,1.694915254237288
GDN0019,Valsalva,39,39,39,22988,22988,23552,23552,23183,23178,23242,23224,1108.0,1108.0,54.15162454873646,54.15162454873646,59,46,118.0,92.0,,,-26.0,26.0,28.26086956521739
GDN0019,Valsalva,40,40,40,23552,23552,24131,24131,23736,23732,23794,23777,1186.0,1186.0,50.59021922428331,50.59021922428331,58,45,116.0,90.0,,,-26.0,26.0,28.888888888888886
GDN0019,Valsalva,41,41,41,24131,24131,24731,24731,24330,24325,24390,24376,1206.0,1206.0,49.75124378109453,49.75124378109453,60,51,120.0,102.0,,,-18.0,18.0,17.647058823529413
GDN0019,Valsalva,42,42,42,24731,24731,25345,25345,24932,24928,24992,24986,1240.0,1240.0,48.38709677419355,48.38709677419355,60,58,120.0,116.0,,,-4.0,4.0,3.4482758620689653
GDN0019,Valsalva,43,43,43,25345,25345,25968,25968,25552,25548,25612,25600,1248.0,1248.0,48.07692307692308,48.07692307692308,60,52,120.0,104.0,,,-16.0,16.0,15.384615384615385
GDN0019,Valsalva,44,44,44,25968,25968,26584,26584,26177,26172,26237,26225,1224.0,1224.0,49.01960784313726,49.01960784313726,60,53,120.0,106.0,,,-14.0,14.0,13.20754716981132
GDN0019,Valsalva,45,45,45,26584,26584,27200,27200,26788,26784,26849,26837,1236.0,1236.0,48.54368932038835,48.54368932038835,61,53,122.0,106.0,,,-16.0,16.0,15.09433962264151
GDN0019,Valsalva,46,46,46,27200,27200,27820,27820,27407,27403,27468,27451,1244.0,1244.0,48.231511254019296,48.231511254019296,61,48,122.0,96.0,,,-26.0,26.0,27.083333333333332
GDN0019,Valsalva,47,47,47,27820,27820,28415,28415,28029,28024,28090,28087,1160.0,1160.0,51.724137931034484,51.724137931034484,61,63,122.0,126.0,,,4.0,4.0,3.1746031746031744
GDN0019,Valsalva,48,48,48,28415,28415,28964,28964,28609,28604,28668,28650,1064.0,1064.0,56.39097744360902,56.39097744360902,59,46,118.0,92.0,,,-26.0,26.0,28.26086956521739
GDN0019,Valsalva,49,49,49,28964,28964,29553,29553,29140,29136,29200,29173,1240.0,1240.0,48.38709677419355,48.38709677419355,60,37,120.0,74.0,,,-46.0,46.0,62.16216216216216
GDN0019,HoldingBreath,0,0,0,150,150,738,738,347,342,405,396,1176.0,1176.0,51.02040816326531,51.02040816326531,58,54,116.0,108.0,,,-8.0,8.0,7.4074074074074066
GDN0019,HoldingBreath,1,1,1,738,738,1323,1323,935,930,992,982,1166.0,1166.0,51.45797598627787,51.45797598627787,57,52,114.0,104.0,,,-10.0,10.0,9.615384615384617
GDN0019,HoldingBreath,2,2,2,1323,1323,1858,1858,1517,1512,1576,1559,1020.0,1020.0,58.8235294117647,58.8235294117647,59,47,118.0,94.0,,,-24.0,24.0,25.53191489361702
GDN0019,HoldingBreath,3,3,3,1858,1858,2384,2384,2028,2023,2085,2082,1068.0,1068.0,56.17977528089887,56.17977528089887,57,59,114.0,118.0,,,4.0,4.0,3.389830508474576
GDN0019,HoldingBreath,4,4,4,2384,2384,2952,2952,2562,2557,2618,2608,1172.0,1172.0,51.19453924914676,51.19453924914676,56,51,112.0,102.0,,,-10.0,10.0,9.803921568627452
GDN0019,HoldingBreath,5,5,5,2952,2952,3517,3517,3148,3143,3207,3199,1108.0,1108.0,54.15162454873646,54.15162454873646,59,56,118.0,112.0,,,-6.0,6.0,5.357142857142857
GDN0019,HoldingBreath,6,6,6,3517,3517,4089,4089,3701,3697,3757,3729,1164.0,1164.0,51.54639175257732,51.54639175257732,56,32,112.0,64.0,,,-48.0,48.0,75.0
GDN0019,HoldingBreath,7,7,7,4089,4089,4658,4658,4283,4278,4340,4334,1122.0,1122.0,53.475935828877,53.475935828877,57,56,114.0,112.0,,,-2.0,2.0,1.7857142857142856
GDN0019,HoldingBreath,8,8,8,4658,4658,5241,5241,4844,4840,4902,4890,1192.0,1192.0,50.33557046979866,50.33557046979866,58,50,116.0,100.0,,,-16.0,16.0,16.0
GDN0019,HoldingBreath,9,9,9,5241,5241,5813,5813,5440,5435,5499,5485,1118.0,1118.0,53.66726296958855,53.66726296958855,59,50,118.0,100.0,,,-18.0,18.0,18.0
GDN0019,HoldingBreath,10,10,10,5813,5813,6393,6393,6000,5995,6055,6042,1182.0,1182.0,50.76142131979696,50.76142131979696,55,47,110.0,94.0,,,-16.0,16.0,17.02127659574468
GDN0019,HoldingBreath,11,11,11,6393,6393,6997,6997,6591,6586,6649,6639,1222.0,1222.0,49.09983633387889,49.09983633387889,58,53,116.0,106.0,,,-10.0,10.0,9.433962264150944
GDN0019,HoldingBreath,12,12,12,6997,6997,7593,7593,7201,7196,7260,7241,1174.0,1174.0,51.107325383304946,51.107325383304946,59,45,118.0,90.0,,,-28.0,28.0,31.11111111111111
GDN0019,HoldingBreath,13,13,13,7593,7593,8162,8162,7789,7784,7844,7829,1120.0,1120.0,53.57142857142857,53.57142857142857,55,45,110.0,90.0,,,-20.0,20.0,22.22222222222222
GDN0019,HoldingBreath,14,14,14,8162,8162,8740,8740,8348,8344,8408,8394,1174.0,1174.0,51.107325383304946,51.107325383304946,60,50,120.0,100.0,,,-20.0,20.0,20.0
GDN0019,HoldingBreath,15,15,15,8740,8740,9345,9345,8935,8931,8994,8987,1230.0,1230.0,48.78048780487805,48.78048780487805,59,56,118.0,112.0,,,-6.0,6.0,5.357142857142857
GDN0019,HoldingBreath,16,16,16,9345,9345,9952,9952,9550,9545,9607,9599,1206.0,1206.0,49.75124378109453,49.75124378109453,57,54,114.0,108.0,,,-6.0,6.0,5.555555555555555
GDN0019,HoldingBreath,17,17,17,9952,9952,10553,10553,10154,10149,10211,10206,1200.0,1200.0,50.0,50.0,57,57,114.0,114.0,,,0.0,0.0,0.0
GDN0019,HoldingBreath,18,18,18,10553,10553,11149,11149,10754,10749,10811,10800,1188.0,1188.0,50.505050505050505,50.505050505050505,57,51,114.0,102.0,,,-12.0,12.0,11.76470588235294
GDN0019,HoldingBreath,19,19,19,11149,11149,11740,11740,11347,11343,11404,11388,1178.0,1178.0,50.93378607809847,50.93378607809847,57,45,114.0,90.0,,,-24.0,24.0,26.666666666666668
GDN0019,HoldingBreath,20,20,20,11740,11740,12311,12311,11937,11932,11994,11990,1122.0,1122.0,53.475935828877,53.475935828877,57,58,114.0,116.0,,,2.0,2.0,1.7241379310344827
GDN0019,HoldingBreath,21,21,21,12311,12311,12883,12883,12498,12493,12554,12542,1158.0,1158.0,51.81347150259068,51.81347150259068,56,49,112.0,98.0,,,-14.0,14.0,14.285714285714285
GDN0019,HoldingBreath,22,22,22,12883,12883,13435,13435,13076,13071,13133,13128,1074.0,1074.0,55.865921787709496,55.865921787709496,57,57,114.0,114.0,,,0.0,0.0,0.0
GDN0019,HoldingBreath,23,23,23,13435,13435,13994,13994,13613,13608,13672,13662,1140.0,1140.0,52.631578947368425,52.631578947368425,59,54,118.0,108.0,,,-10.0,10.0,9.25925925925926
GDN0019,HoldingBreath,24,24,24,13994,13994,14566,14566,14183,14179,14242,14236,1148.0,1148.0,52.264808362369344,52.264808362369344,59,57,118.0,114.0,,,-4.0,4.0,3.508771929824561
GDN0019,HoldingBreath,25,25,25,14566,14566,15134,15134,14757,14752,14815,14803,1128.0,1128.0,53.19148936170213,53.19148936170213,58,51,116.0,102.0,,,-14.0,14.0,13.725490196078432
GDN0019,HoldingBreath,26,26,26,15134,15134,15650,15650,15321,15316,15380,15368,982.0,982.0,61.09979633401222,61.09979633401222,59,52,118.0,104.0,,,-14.0,14.0,13.461538461538462
GDN0019,HoldingBreath,27,27,27,15650,15650,16088,16088,15813,15808,15870,15866,818.0,818.0,73.34963325183375,73.34963325183375,57,58,114.0,116.0,,,2.0,2.0,1.7241379310344827
GDN0019,HoldingBreath,28,28,28,16088,16088,16529,16529,16222,16217,16280,16280,918.0,918.0,65.359477124183,65.359477124183,58,63,116.0,126.0,,,10.0,10.0,7.936507936507936
GDN0019,HoldingBreath,29,29,29,16529,16529,17114,17114,16681,16676,16738,16733,1306.0,1306.0,45.94180704441041,45.94180704441041,57,57,114.0,114.0,,,0.0,0.0,0.0
GDN0019,HoldingBreath,30,30,30,17114,17114,17736,17736,17334,17329,17393,17386,1210.0,1210.0,49.586776859504134,49.586776859504134,59,57,118.0,114.0,,,-4.0,4.0,3.508771929824561
GDN0019,HoldingBreath,31,31,31,17736,17736,18332,18332,17938,17933,17997,17980,1180.0,1180.0,50.847457627118644,50.847457627118644,59,47,118.0,94.0,,,-24.0,24.0,25.53191489361702
GDN0019,HoldingBreath,32,32,32,18332,18332,18917,18917,18529,18524,18586,18574,1166.0,1166.0,51.45797598627787,51.45797598627787,57,50,114.0,100.0,,,-14.0,14.0,14.000000000000002
GDN0019,HoldingBreath,33,33,33,18917,18917,19470,19470,19111,19107,19168,19163,1074.0,1074.0,55.865921787709496,55.865921787709496,57,56,114.0,112.0,,,-2.0,2.0,1.7857142857142856
GDN0019,HoldingBreath,34,34,34,19470,19470,20026,20026,19648,19644,19705,19693,1132.0,1132.0,53.0035335689046,53.0035335689046,57,49,114.0,98.0,,,-16.0,16.0,16.3265306122449
GDN0019,HoldingBreath,35,35,35,20026,20026,20587,20587,20215,20210,20273,20266,1116.0,1116.0,53.76344086021505,53.76344086021505,58,56,116.0,112.0,,,-4.0,4.0,3.571428571428571
GDN0019,HoldingBreath,36,36,36,20587,20587,21136,21136,20773,20768,20830,20816,1090.0,1090.0,55.04587155963302,55.04587155963302,57,48,114.0,96.0,,,-18.0,18.0,18.75
GDN0019,HoldingBreath,37,37,37,21136,21136,21683,21683,21318,21313,21375,21362,1096.0,1096.0,54.74452554744525,54.74452554744525,57,49,114.0,98.0,,,-16.0,16.0,16.3265306122449
GDN0019,HoldingBreath,38,38,38,21683,21683,22240,22240,21866,21861,21926,21921,1122.0,1122.0,53.475935828877,53.475935828877,60,60,120.0,120.0,,,0.0,0.0,0.0
GDN0019,HoldingBreath,39,39,39,22240,22240,22796,22796,22426,22422,22486,22478,1108.0,1108.0,54.15162454873646,54.15162454873646,60,56,120.0,112.0,,,-8.0,8.0,7.142857142857142
GDN0019,HoldingBreath,40,40,40,22796,22796,23316,23316,22980,22976,23038,23031,1002.0,1002.0,59.880239520958085,59.880239520958085,58,55,116.0,110.0,,,-6.0,6.0,5.454545454545454
GDN0019,HoldingBreath,41,41,41,23316,23316,23834,23834,23481,23477,23538,23525,1056.0,1056.0,56.81818181818181,56.81818181818181,57,48,114.0,96.0,,,-18.0,18.0,18.75
GDN0019,HoldingBreath,42,42,42,23834,23834,24364,24364,24009,24005,24068,24056,1062.0,1062.0,56.497175141242934,56.497175141242934,59,51,118.0,102.0,,,-16.0,16.0,15.686274509803921
GDN0019,HoldingBreath,43,43,43,24364,24364,24898,24898,24541,24536,24598,24587,1072.0,1072.0,55.97014925373134,55.97014925373134,57,51,114.0,102.0,,,-12.0,12.0,11.76470588235294
GDN0019,HoldingBreath,44,44,44,24898,24898,25413,25413,25078,25072,25134,25117,1006.0,1006.0,59.642147117296226,59.642147117296226,56,45,112.0,90.0,,,-22.0,22.0,24.444444444444443
GDN0019,HoldingBreath,45,45,45,25413,25413,25949,25949,25579,25575,25635,25619,1108.0,1108.0,54.15162454873646,54.15162454873646,56,44,112.0,88.0,,,-24.0,24.0,27.27272727272727
GDN0019,HoldingBreath,46,46,46,25949,25949,26493,26493,26133,26128,26191,26180,1078.0,1078.0,55.65862708719851,55.65862708719851,58,52,116.0,104.0,,,-12.0,12.0,11.538461538461538
GDN0019,HoldingBreath,47,47,47,26493,26493,27041,27041,26672,26667,26730,26719,1104.0,1104.0,54.347826086956516,54.347826086956516,58,52,116.0,104.0,,,-12.0,12.0,11.538461538461538
GDN0019,HoldingBreath,48,48,48,27041,27041,27579,27579,27224,27220,27281,27267,1062.0,1062.0,56.497175141242934,56.497175141242934,57,47,114.0,94.0,,,-20.0,20.0,21.27659574468085
GDN0019,HoldingBreath,49,49,49,27579,27579,28124,28124,27755,27751,27818,27814,1104.0,1104.0,54.347826086956516,54.347826086956516,63,63,126.0,126.0,,,0.0,0.0,0.0
GDN0019,HoldingBreath,50,50,50,28124,28124,28544,28544,28307,28303,28366,28357,698.0,698.0,85.9598853868195,85.9598853868195,59,54,118.0,108.0,,,-10.0,10.0,9.25925925925926
GDN0019,HoldingBreath,52,52,52,28808,28808,29242,29242,28876,28871,28936,28931,1100.0,1100.0,54.54545454545454,54.54545454545454,60,60,120.0,120.0,,,0.0,0.0,0.0
GDN0019,HoldingBreath,53,53,53,29242,29242,29792,29792,29426,29421,29482,29465,,,,,56,44,112.0,88.0,,,-24.0,24.0,27.27272727272727
GDN0019,TiltUp,0,0,0,206,206,588,588,331,326,393,391,764.0,764.0,78.53403141361257,78.53403141361257,62,65,124.0,130.0,,,6.0,6.0,4.615384615384616
GDN0019,TiltUp,1,1,1,588,588,962,962,714,709,776,777,738.0,738.0,81.30081300813008,81.30081300813008,62,68,124.0,136.0,,,12.0,12.0,8.823529411764707
GDN0019,TiltUp,2,2,2,962,962,1330,1330,1082,1078,1143,1147,736.0,736.0,81.52173913043478,81.52173913043478,61,69,122.0,138.0,,,16.0,16.0,11.594202898550725
GDN0019,TiltUp,3,3,3,1330,1330,1694,1694,1450,1445,1510,1506,724.0,724.0,82.87292817679558,82.87292817679558,60,61,120.0,122.0,,,2.0,2.0,1.639344262295082
GDN0019,TiltUp,4,4,4,1694,1694,2056,2056,1812,1807,1874,1871,724.0,724.0,82.87292817679558,82.87292817679558,62,64,124.0,128.0,,,4.0,4.0,3.125
GDN0019,TiltUp,5,5,5,2056,2056,2417,2417,2174,2170,2236,2236,720.0,720.0,83.33333333333334,83.33333333333334,62,66,124.0,132.0,,,8.0,8.0,6.0606060606060606
GDN0019,TiltUp,6,6,6,2417,2417,2769,2769,2535,2530,2598,2599,696.0,696.0,86.20689655172414,86.20689655172414,63,69,126.0,138.0,,,12.0,12.0,8.695652173913043
GDN0019,TiltUp,7,7,7,2769,2769,3120,3120,2882,2878,2943,2947,704.0,704.0,85.22727272727273,85.22727272727273,61,69,122.0,138.0,,,16.0,16.0,11.594202898550725
GDN0019,TiltUp,8,8,8,3120,3120,3474,3474,3234,3229,3295,3298,712.0,712.0,84.26966292134831,84.26966292134831,61,69,122.0,138.0,,,16.0,16.0,11.594202898550725
GDN0019,TiltUp,9,9,9,3474,3474,3845,3845,3591,3586,3652,3656,756.0,756.0,79.36507936507937,79.36507936507937,61,70,122.0,140.0,,,18.0,18.0,12.857142857142856
GDN0019,TiltUp,10,10,10,3845,3845,4239,4239,3968,3964,4029,4028,806.0,806.0,74.44168734491315,74.44168734491315,61,64,122.0,128.0,,,6.0,6.0,4.6875
GDN0019,TiltUp,11,11,11,4239,4239,4636,4636,4371,4367,4431,4434,788.0,788.0,76.14213197969544,76.14213197969544,60,67,120.0,134.0,,,14.0,14.0,10.44776119402985
GDN0019,TiltUp,12,12,12,4636,4636,5034,5034,4765,4761,4827,4825,800.0,800.0,75.0,75.0,62,64,124.0,128.0,,,4.0,4.0,3.125
GDN0019,TiltUp,13,13,13,5034,5034,5426,5426,5165,5160,5226,5223,774.0,774.0,77.51937984496124,77.51937984496124,61,63,122.0,126.0,,,4.0,4.0,3.1746031746031744
GDN0019,TiltUp,14,14,14,5426,5426,5815,5815,5552,5547,5611,5601,782.0,782.0,76.72634271099744,76.72634271099744,59,54,118.0,108.0,,,-10.0,10.0,9.25925925925926
GDN0019,TiltUp,15,15,15,5815,5815,6200,6200,5943,5938,6002,5998,762.0,762.0,78.74015748031496,78.74015748031496,59,60,118.0,120.0,,,2.0,2.0,1.6666666666666667
GDN0019,TiltUp,16,16,16,6200,6200,6581,6581,6324,6319,6385,6379,764.0,764.0,78.53403141361257,78.53403141361257,61,60,122.0,120.0,,,-2.0,2.0,1.6666666666666667
GDN0019,TiltUp,17,17,17,6581,6581,6966,6966,6706,6701,6764,6759,772.0,772.0,77.720207253886,77.720207253886,58,58,116.0,116.0,,,0.0,0.0,0.0
GDN0019,TiltUp,18,18,18,6966,6966,7356,7356,7092,7088,7152,7145,784.0,784.0,76.53061224489795,76.53061224489795,60,57,120.0,114.0,,,-6.0,6.0,5.263157894736842
GDN0019,TiltUp,19,19,19,7356,7356,7743,7743,7484,7479,7546,7545,770.0,770.0,77.92207792207792,77.92207792207792,62,66,124.0,132.0,,,8.0,8.0,6.0606060606060606
GDN0019,TiltUp,20,20,20,7743,7743,8118,8118,7868,7864,7930,7934,740.0,740.0,81.08108108108108,81.08108108108108,62,70,124.0,140.0,,,16.0,16.0,11.428571428571429
GDN0019,TiltUp,21,21,21,8118,8118,8479,8479,8239,8235,8300,8298,712.0,712.0,84.26966292134831,84.26966292134831,61,63,122.0,126.0,,,4.0,4.0,3.1746031746031744
GDN0019,TiltUp,22,22,22,8479,8479,8831,8831,8595,8590,8657,8658,698.0,698.0,85.9598853868195,85.9598853868195,62,68,124.0,136.0,,,12.0,12.0,8.823529411764707
GDN0019,TiltUp,23,23,23,8831,8831,9179,9179,8944,8940,9005,9011,694.0,694.0,86.45533141210375,86.45533141210375,61,71,122.0,142.0,,,20.0,20.0,14.084507042253522
GDN0019,TiltUp,24,24,24,9179,9179,9529,9529,9291,9287,9352,9352,706.0,706.0,84.98583569405099,84.98583569405099,61,65,122.0,130.0,,,8.0,8.0,6.153846153846154
GDN0019,TiltUp,25,25,25,9529,9529,9884,9884,9644,9640,9705,9707,710.0,710.0,84.50704225352113,84.50704225352113,61,67,122.0,134.0,,,12.0,12.0,8.955223880597014
GDN0019,TiltUp,26,26,26,9884,9884,10237,10237,9999,9995,10061,10060,704.0,704.0,85.22727272727273,85.22727272727273,62,65,124.0,130.0,,,6.0,6.0,4.615384615384616
GDN0019,TiltUp,27,27,27,10237,10237,10586,10586,10351,10347,10416,10419,694.0,694.0,86.45533141210375,86.45533141210375,65,72,130.0,144.0,,,14.0,14.0,9.722222222222223
GDN0019,TiltUp,28,28,28,10586,10586,10935,10935,10698,10694,10760,10762,702.0,702.0,85.47008547008548,85.47008547008548,62,68,124.0,136.0,,,12.0,12.0,8.823529411764707
GDN0019,TiltUp,29,29,29,10935,10935,11290,11290,11049,11044,11110,11111,714.0,714.0,84.03361344537815,84.03361344537815,61,67,122.0,134.0,,,12.0,12.0,8.955223880597014
GDN0019,TiltUp,30,30,30,11290,11290,11657,11657,11405,11401,11468,11464,746.0,746.0,80.4289544235925,80.4289544235925,63,63,126.0,126.0,,,0.0,0.0,0.0
GDN0019,TiltUp,31,31,31,11657,11657,12040,12040,11779,11775,11840,11839,776.0,776.0,77.31958762886597,77.31958762886597,61,64,122.0,128.0,,,6.0,6.0,4.6875
GDN0019,TiltUp,32,32,32,12040,12040,12431,12431,12167,12162,12229,12230,784.0,784.0,76.53061224489795,76.53061224489795,62,68,124.0,136.0,,,12.0,12.0,8.823529411764707
GDN0019,TiltUp,33,33,33,12431,12431,12814,12814,12559,12554,12623,12622,758.0,758.0,79.15567282321899,79.15567282321899,64,68,128.0,136.0,,,8.0,8.0,5.88235294117647
GDN0019,TiltUp,34,34,34,12814,12814,13195,13195,12938,12934,13000,13003,762.0,762.0,78.74015748031496,78.74015748031496,62,69,124.0,138.0,,,14.0,14.0,10.144927536231885
GDN0019,TiltUp,35,35,35,13195,13195,13578,13578,13319,13314,13380,13385,768.0,768.0,78.125,78.125,61,71,122.0,142.0,,,20.0,20.0,14.084507042253522
GDN0019,TiltUp,36,36,36,13578,13578,13963,13963,13703,13699,13764,13768,772.0,772.0,77.720207253886,77.720207253886,61,69,122.0,138.0,,,16.0,16.0,11.594202898550725
GDN0019,TiltUp,37,37,37,13963,13963,14350,14350,14089,14084,14150,14147,774.0,774.0,77.51937984496124,77.51937984496124,61,63,122.0,126.0,,,4.0,4.0,3.1746031746031744
GDN0019,TiltUp,38,38,38,14350,14350,14724,14724,14476,14472,14538,14535,734.0,734.0,81.74386920980926,81.74386920980926,62,63,124.0,126.0,,,2.0,2.0,1.5873015873015872
GDN0019,TiltUp,39,39,39,14724,14724,15092,15092,14843,14839,14906,14910,738.0,738.0,81.30081300813008,81.30081300813008,63,71,126.0,142.0,,,16.0,16.0,11.267605633802818
GDN0019,TiltUp,40,40,40,15092,15092,15460,15460,15212,15208,15274,15275,734.0,734.0,81.74386920980926,81.74386920980926,62,67,124.0,134.0,,,10.0,10.0,7.462686567164178
GDN0019,TiltUp,41,41,41,15460,15460,15830,15830,15579,15574,15641,15635,744.0,744.0,80.64516129032258,80.64516129032258,62,61,124.0,122.0,,,-2.0,2.0,1.639344262295082
GDN0019,TiltUp,42,42,42,15830,15830,16204,16204,15951,15947,16013,16011,750.0,750.0,80.0,80.0,62,64,124.0,128.0,,,4.0,4.0,3.125
GDN0019,TiltUp,43,43,43,16204,16204,16578,16578,16326,16322,16388,16387,748.0,748.0,80.21390374331551,80.21390374331551,62,65,124.0,130.0,,,6.0,6.0,4.615384615384616
GDN0019,TiltUp,44,44,44,16578,16578,16943,16943,16700,16696,16762,16770,720.0,720.0,83.33333333333334,83.33333333333334,62,74,124.0,148.0,,,24.0,24.0,16.216216216216218
GDN0019,TiltUp,45,45,45,16943,16943,17297,17297,17060,17056,17124,17130,702.0,702.0,85.47008547008548,85.47008547008548,64,74,128.0,148.0,,,20.0,20.0,13.513513513513514
GDN0019,TiltUp,46,46,46,17297,17297,17648,17648,17410,17406,17474,17471,702.0,702.0,85.47008547008548,85.47008547008548,64,65,128.0,130.0,,,2.0,2.0,1.5384615384615385
GDN0019,TiltUp,47,47,47,17648,17648,18006,18006,17761,17757,17824,17832,724.0,724.0,82.87292817679558,82.87292817679558,63,75,126.0,150.0,,,24.0,24.0,16.0
GDN0019,TiltUp,48,48,48,18006,18006,18375,18375,18124,18119,18186,18184,746.0,746.0,80.4289544235925,80.4289544235925,62,65,124.0,130.0,,,6.0,6.0,4.615384615384616
GDN0019,TiltUp,49,49,49,18375,18375,18761,18761,18497,18493,18559,18561,784.0,784.0,76.53061224489795,76.53061224489795,62,68,124.0,136.0,,,12.0,12.0,8.823529411764707
GDN0019,TiltUp,50,50,50,18761,18761,19144,19144,18889,18884,18952,18947,758.0,758.0,79.15567282321899,79.15567282321899,63,63,126.0,126.0,,,0.0,0.0,0.0
GDN0019,TiltUp,51,51,51,19144,19144,19523,19523,19268,19264,19334,19330,756.0,756.0,79.36507936507937,79.36507936507937,66,66,132.0,132.0,,,0.0,0.0,0.0
GDN0019,TiltUp,52,52,52,19523,19523,19905,19905,19645,19641,19707,19714,768.0,768.0,78.125,78.125,62,73,124.0,146.0,,,22.0,22.0,15.068493150684931
GDN0019,TiltUp,53,53,53,19905,19905,20297,20297,20030,20025,20092,20087,794.0,794.0,75.56675062972292,75.56675062972292,62,62,124.0,124.0,,,0.0,0.0,0.0
GDN0019,TiltUp,54,54,54,20297,20297,20693,20693,20427,20422,20488,20492,790.0,790.0,75.94936708860759,75.94936708860759,61,70,122.0,140.0,,,18.0,18.0,12.857142857142856
GDN0019,TiltUp,55,55,55,20693,20693,21077,21077,20822,20818,20886,20881,756.0,756.0,79.36507936507937,79.36507936507937,64,63,128.0,126.0,,,-2.0,2.0,1.5873015873015872
GDN0019,TiltUp,56,56,56,21077,21077,21447,21447,21200,21196,21264,21261,732.0,732.0,81.9672131147541,81.9672131147541,64,65,128.0,130.0,,,2.0,2.0,1.5384615384615385
GDN0019,TiltUp,57,57,57,21447,21447,21808,21808,21566,21561,21631,21632,718.0,718.0,83.56545961002786,83.56545961002786,65,71,130.0,142.0,,,12.0,12.0,8.450704225352112
GDN0019,TiltUp,58,58,58,21808,21808,22165,22165,21924,21920,21987,21984,710.0,710.0,84.50704225352113,84.50704225352113,63,64,126.0,128.0,,,2.0,2.0,1.5625
GDN0019,TiltUp,59,59,59,22165,22165,22523,22523,22280,22276,22342,22349,720.0,720.0,83.33333333333334,83.33333333333334,62,73,124.0,146.0,,,22.0,22.0,15.068493150684931
GDN0019,TiltUp,60,60,60,22523,22523,22882,22882,22640,22636,22705,22707,718.0,718.0,83.56545961002786,83.56545961002786,65,71,130.0,142.0,,,12.0,12.0,8.450704225352112
GDN0019,TiltUp,61,61,61,22882,22882,23241,23241,22999,22995,23063,23060,716.0,716.0,83.79888268156425,83.79888268156425,64,65,128.0,130.0,,,2.0,2.0,1.5384615384615385
GDN0019,TiltUp,62,62,62,23241,23241,23595,23595,23357,23353,23422,23427,706.0,706.0,84.98583569405099,84.98583569405099,65,74,130.0,148.0,,,18.0,18.0,12.162162162162163
GDN0019,TiltUp,63,63,63,23595,23595,23955,23955,23710,23706,23773,23775,726.0,726.0,82.64462809917356,82.64462809917356,63,69,126.0,138.0,,,12.0,12.0,8.695652173913043
GDN0019,TiltUp,64,64,64,23955,23955,24323,24323,24073,24068,24135,24144,742.0,742.0,80.86253369272237,80.86253369272237,62,76,124.0,152.0,,,28.0,28.0,18.421052631578945
GDN0019,TiltUp,65,65,65,24323,24323,24696,24696,24444,24440,24507,24514,748.0,748.0,80.21390374331551,80.21390374331551,63,74,126.0,148.0,,,22.0,22.0,14.864864864864865
GDN0019,TiltUp,66,66,66,24696,24696,25067,25067,24818,24814,24882,24892,738.0,738.0,81.30081300813008,81.30081300813008,64,78,128.0,156.0,,,28.0,28.0,17.94871794871795
GDN0019,TiltUp,67,67,67,25067,25067,25435,25435,25187,25183,25252,25256,734.0,734.0,81.74386920980926,81.74386920980926,65,73,130.0,146.0,,,16.0,16.0,10.95890410958904
GDN0019,TiltUp,68,68,68,25435,25435,25804,25804,25554,25549,25615,25624,742.0,742.0,80.86253369272237,80.86253369272237,61,75,122.0,150.0,,,28.0,28.0,18.666666666666668
GDN0019,TiltUp,69,69,69,25804,25804,26183,26183,25925,25921,25986,25990,766.0,766.0,78.32898172323759,78.32898172323759,61,69,122.0,138.0,,,16.0,16.0,11.594202898550725
GDN0019,TiltUp,70,70,70,26183,26183,26565,26565,26308,26303,26368,26370,764.0,764.0,78.53403141361257,78.53403141361257,60,67,120.0,134.0,,,14.0,14.0,10.44776119402985
GDN0019,TiltUp,71,71,71,26565,26565,26944,26944,26691,26686,26753,26753,754.0,754.0,79.57559681697613,79.57559681697613,62,67,124.0,134.0,,,10.0,10.0,7.462686567164178
GDN0019,TiltUp,72,72,72,26944,26944,27320,27320,27067,27063,27130,27139,752.0,752.0,79.7872340425532,79.7872340425532,63,76,126.0,152.0,,,26.0,26.0,17.105263157894736
GDN0019,TiltUp,73,73,73,27320,27320,27700,27700,27443,27438,27504,27511,762.0,762.0,78.74015748031496,78.74015748031496,61,73,122.0,146.0,,,24.0,24.0,16.43835616438356
GDN0019,TiltUp,74,74,74,27700,27700,28086,28086,27824,27819,27890,27879,778.0,778.0,77.12082262210797,77.12082262210797,66,60,132.0,120.0,,,-12.0,12.0,10.0
GDN0019,TiltUp,75,75,75,28086,28086,28470,28470,28213,28208,28275,28282,762.0,762.0,78.74015748031496,78.74015748031496,62,74,124.0,148.0,,,24.0,24.0,16.216216216216218
GDN0019,TiltUp,76,76,76,28470,28470,28842,28842,28594,28590,28658,28658,736.0,736.0,81.52173913043478,81.52173913043478,64,68,128.0,136.0,,,8.0,8.0,5.88235294117647
GDN0019,TiltUp,77,77,77,28842,28842,29214,29214,28962,28958,29026,29030,748.0,748.0,80.21390374331551,80.21390374331551,64,72,128.0,144.0,,,16.0,16.0,11.11111111111111
GDN0019,TiltUp,78,78,78,29214,29214,29595,29595,29336,29332,29398,29397,768.0,768.0,78.125,78.125,62,65,124.0,130.0,,,6.0,6.0,4.615384615384616
GDN0019,TiltUp,79,79,79,29595,29595,29979,29979,29720,29715,29783,29778,,,,,63,63,126.0,126.0,,,0.0,0.0,0.0
GDN0019,TiltLevel,0,0,0,373,373,1061,1061,604,600,661,651,1376.0,1376.0,43.6046511627907,43.6046511627907,57,51,114.0,102.0,,,-12.0,12.0,11.76470588235294
GDN0019,TiltLevel,1,1,1,1061,1061,1713,1713,1292,1288,1350,1340,1264.0,1264.0,47.46835443037975,47.46835443037975,58,52,116.0,104.0,,,-12.0,12.0,11.538461538461538
GDN0019,TiltLevel,2,2,2,1713,1713,2369,2369,1925,1920,1981,1970,1338.0,1338.0,44.84304932735426,44.84304932735426,56,50,112.0,100.0,,,-12.0,12.0,12.0
GDN0019,TiltLevel,3,3,3,2369,2369,3054,3054,2593,2589,2654,2647,1388.0,1388.0,43.22766570605187,43.22766570605187,61,58,122.0,116.0,,,-6.0,6.0,5.172413793103448
GDN0019,TiltLevel,4,4,4,3054,3054,3715,3715,3287,3283,3345,3339,1286.0,1286.0,46.65629860031104,46.65629860031104,58,56,116.0,112.0,,,-4.0,4.0,3.571428571428571
GDN0019,TiltLevel,5,5,5,3715,3715,4387,4387,3930,3926,3987,3983,1376.0,1376.0,43.6046511627907,43.6046511627907,57,57,114.0,114.0,,,0.0,0.0,0.0
GDN0019,TiltLevel,6,6,6,4387,4387,5063,5063,4618,4614,4676,4670,1338.0,1338.0,44.84304932735426,44.84304932735426,58,56,116.0,112.0,,,-4.0,4.0,3.571428571428571
GDN0019,TiltLevel,7,7,7,5063,5063,5727,5727,5288,5283,5344,5337,1324.0,1324.0,45.31722054380664,45.31722054380664,56,54,112.0,108.0,,,-4.0,4.0,3.7037037037037033
GDN0019,TiltLevel,8,8,8,5727,5727,6398,6398,5949,5945,6007,6000,1350.0,1350.0,44.44444444444444,44.44444444444444,58,55,116.0,110.0,,,-6.0,6.0,5.454545454545454
GDN0019,TiltLevel,9,9,9,6398,6398,7053,7053,6625,6620,6682,6680,1288.0,1288.0,46.58385093167702,46.58385093167702,57,60,114.0,120.0,,,6.0,6.0,5.0
GDN0019,TiltLevel,10,10,10,7053,7053,7705,7705,7268,7264,7325,7310,1314.0,1314.0,45.662100456621005,45.662100456621005,57,46,114.0,92.0,,,-22.0,22.0,23.91304347826087
GDN0019,TiltLevel,11,11,11,7705,7705,8358,8358,7926,7921,7983,7974,1302.0,1302.0,46.08294930875576,46.08294930875576,57,53,114.0,106.0,,,-8.0,8.0,7.547169811320755
GDN0019,TiltLevel,12,12,12,8358,8358,8999,8999,8576,8572,8632,8623,1270.0,1270.0,47.24409448818898,47.24409448818898,56,51,112.0,102.0,,,-10.0,10.0,9.803921568627452
GDN0019,TiltLevel,13,13,13,8999,8999,9640,9640,9211,9207,9267,9257,1288.0,1288.0,46.58385093167702,46.58385093167702,56,50,112.0,100.0,,,-12.0,12.0,12.0
GDN0019,TiltLevel,14,14,14,9640,9640,10304,10304,9855,9851,9913,9903,1352.0,1352.0,44.378698224852066,44.378698224852066,58,52,116.0,104.0,,,-12.0,12.0,11.538461538461538
GDN0019,TiltLevel,15,15,15,10304,10304,11006,11006,10531,10527,10588,10577,1432.0,1432.0,41.899441340782126,41.899441340782126,57,50,114.0,100.0,,,-14.0,14.0,14.000000000000002
GDN0019,TiltLevel,16,16,16,11006,11006,11710,11710,11247,11243,11305,11298,1394.0,1394.0,43.04160688665711,43.04160688665711,58,55,116.0,110.0,,,-6.0,6.0,5.454545454545454
GDN0019,TiltLevel,17,17,17,11710,11710,12406,12406,11944,11940,12001,11995,1392.0,1392.0,43.10344827586207,43.10344827586207,57,55,114.0,110.0,,,-4.0,4.0,3.6363636363636362
GDN0019,TiltLevel,18,18,18,12406,12406,13108,13108,12640,12635,12697,12689,1410.0,1410.0,42.5531914893617,42.5531914893617,57,54,114.0,108.0,,,-6.0,6.0,5.555555555555555
GDN0019,TiltLevel,19,19,19,13108,13108,13791,13791,13345,13341,13402,13395,1342.0,1342.0,44.70938897168405,44.70938897168405,57,54,114.0,108.0,,,-6.0,6.0,5.555555555555555
GDN0019,TiltLevel,20,20,20,13791,13791,14450,14450,14016,14012,14073,14065,1304.0,1304.0,46.012269938650306,46.012269938650306,57,53,114.0,106.0,,,-8.0,8.0,7.547169811320755
GDN0019,TiltLevel,21,21,21,14450,14450,15059,15059,14668,14664,14726,14717,1172.0,1172.0,51.19453924914676,51.19453924914676,58,53,116.0,106.0,,,-10.0,10.0,9.433962264150944
GDN0019,TiltLevel,22,22,22,15059,15059,15594,15594,15254,15250,15311,15301,1016.0,1016.0,59.05511811023622,59.05511811023622,57,51,114.0,102.0,,,-12.0,12.0,11.76470588235294
GDN0019,TiltLevel,23,23,23,15594,15594,16148,16148,15763,15758,15820,15782,1156.0,1156.0,51.90311418685121,51.90311418685121,57,24,114.0,48.0,,,-66.0,66.0,137.5
GDN0019,TiltLevel,24,24,24,16148,16148,16739,16739,16340,16336,16399,16394,1198.0,1198.0,50.08347245409015,50.08347245409015,59,58,118.0,116.0,,,-2.0,2.0,1.7241379310344827
GDN0019,TiltLevel,25,25,25,16739,16739,17295,17295,16940,16935,16995,16986,1064.0,1064.0,56.39097744360902,56.39097744360902,55,51,110.0,102.0,,,-8.0,8.0,7.8431372549019605
GDN0019,TiltLevel,26,26,26,17295,17295,17921,17921,17471,17467,17528,17514,1354.0,1354.0,44.31314623338257,44.31314623338257,57,47,114.0,94.0,,,-20.0,20.0,21.27659574468085
GDN0019,TiltLevel,27,27,27,17921,17921,18605,18605,18148,18144,18206,18195,1376.0,1376.0,43.6046511627907,43.6046511627907,58,51,116.0,102.0,,,-14.0,14.0,13.725490196078432
GDN0019,TiltLevel,28,28,28,18605,18605,19300,19300,18836,18832,18892,18885,1396.0,1396.0,42.97994269340975,42.97994269340975,56,53,112.0,106.0,,,-6.0,6.0,5.660377358490567
GDN0019,TiltLevel,29,29,29,19300,19300,20010,20010,19534,19530,19594,19588,1434.0,1434.0,41.84100418410042,41.84100418410042,60,58,120.0,116.0,,,-4.0,4.0,3.4482758620689653
GDN0019,TiltLevel,30,30,30,20010,20010,20690,20690,20251,20247,20309,20303,1320.0,1320.0,45.45454545454545,45.45454545454545,58,56,116.0,112.0,,,-4.0,4.0,3.571428571428571
GDN0019,TiltLevel,31,31,31,20690,20690,21381,21381,20911,20907,20969,20962,1414.0,1414.0,42.432814710042436,42.432814710042436,58,55,116.0,110.0,,,-6.0,6.0,5.454545454545454
GDN0019,TiltLevel,32,32,32,21381,21381,22064,22064,21618,21613,21676,21666,1340.0,1340.0,44.776119402985074,44.776119402985074,58,53,116.0,106.0,,,-10.0,10.0,9.433962264150944
GDN0019,TiltLevel,33,33,33,22064,22064,22740,22740,22288,22284,22344,22335,1360.0,1360.0,44.11764705882353,44.11764705882353,56,51,112.0,102.0,,,-10.0,10.0,9.803921568627452
GDN0019,TiltLevel,34,34,34,22740,22740,23434,23434,22969,22964,23026,23016,1404.0,1404.0,42.73504273504274,42.73504273504274,57,52,114.0,104.0,,,-10.0,10.0,9.615384615384617
GDN0019,TiltLevel,35,35,35,23434,23434,24097,24097,23670,23666,23727,23713,1284.0,1284.0,46.72897196261682,46.72897196261682,57,47,114.0,94.0,,,-20.0,20.0,21.27659574468085
GDN0019,TiltLevel,36,36,36,24097,24097,24775,24775,24313,24308,24368,24359,1394.0,1394.0,43.04160688665711,43.04160688665711,55,51,110.0,102.0,,,-8.0,8.0,7.8431372549019605
GDN0019,TiltLevel,37,37,37,24775,24775,25472,25472,25009,25005,25067,25057,1394.0,1394.0,43.04160688665711,43.04160688665711,58,52,116.0,104.0,,,-12.0,12.0,11.538461538461538
GDN0019,TiltLevel,38,38,38,25472,25472,26155,26155,25706,25702,25763,25750,1352.0,1352.0,44.378698224852066,44.378698224852066,57,48,114.0,96.0,,,-18.0,18.0,18.75
GDN0019,TiltLevel,39,39,39,26155,26155,26846,26846,26382,26378,26439,26430,1396.0,1396.0,42.97994269340975,42.97994269340975,57,52,114.0,104.0,,,-10.0,10.0,9.615384615384617
GDN0019,TiltLevel,40,40,40,26846,26846,27540,27540,27081,27076,27137,27129,1384.0,1384.0,43.35260115606937,43.35260115606937,56,53,112.0,106.0,,,-6.0,6.0,5.660377358490567
GDN0019,TiltLevel,41,41,41,27540,27540,28203,28203,27772,27767,27830,27822,1296.0,1296.0,46.2962962962963,46.2962962962963,58,55,116.0,110.0,,,-6.0,6.0,5.454545454545454
GDN0019,TiltLevel,42,42,42,28203,28203,28857,28857,28420,28416,28477,28468,1314.0,1314.0,45.662100456621005,45.662100456621005,57,52,114.0,104.0,,,-10.0,10.0,9.615384615384617
GDN0019,TiltLevel,43,43,43,28857,28857,29499,29499,29077,29073,29134,29120,1268.0,1268.0,47.3186119873817,47.3186119873817,57,47,114.0,94.0,,,-20.0,20.0,21.27659574468085
GDN0020,Pause,0,0,0,251,251,697,697,398,395,459,441,892.0,892.0,67.26457399103138,67.26457399103138,61,46,122.0,92.0,,,-30.0,30.0,32.608695652173914
GDN0020,Pause,1,1,1,697,697,1149,1149,844,840,910,891,910.0,910.0,65.93406593406593,65.93406593406593,66,51,132.0,102.0,,,-30.0,30.0,29.411764705882355
GDN0020,Pause,2,2,2,1149,1149,1660,1660,1299,1296,1362,1345,1084.0,1084.0,55.35055350553505,55.35055350553505,63,49,126.0,98.0,,,-28.0,28.0,28.57142857142857
GDN0020,Pause,3,3,3,1660,1660,2193,2193,1842,1838,1903,1888,1054.0,1054.0,56.92599620493358,56.92599620493358,61,50,122.0,100.0,,,-22.0,22.0,22.0
GDN0020,Pause,4,4,4,2193,2193,2688,2687,2369,2366,2430,2422,956.0,956.0,62.761506276150634,62.761506276150634,61,56,122.0,112.0,,,-10.0,10.0,8.928571428571429
GDN0020,Pause,5,5,5,2688,2687,3174,3174,2846,2842,2907,2907,980.0,980.0,61.224489795918366,61.224489795918366,61,65,122.0,130.0,,,8.0,8.0,6.153846153846154
GDN0020,Pause,6,6,6,3174,3174,3671,3671,3336,3332,3398,3388,1002.0,1002.0,59.880239520958085,59.880239520958085,62,56,124.0,112.0,,,-12.0,12.0,10.714285714285714
GDN0020,Pause,7,7,7,3671,3671,4159,4159,3837,3834,3899,3886,962.0,962.0,62.37006237006237,62.37006237006237,62,52,124.0,104.0,,,-20.0,20.0,19.230769230769234
GDN0020,Pause,8,8,8,4159,4159,4612,4612,4319,4316,4380,4370,878.0,878.0,68.3371298405467,68.3371298405467,61,54,122.0,108.0,,,-14.0,14.0,12.962962962962962
GDN0020,Pause,9,9,9,4612,4612,5055,5055,4757,4754,4819,4820,888.0,888.0,67.56756756756756,67.56756756756756,62,66,124.0,132.0,,,8.0,8.0,6.0606060606060606
GDN0020,Pause,10,10,10,5055,5055,5536,5536,5201,5197,5260,5262,1004.0,1004.0,59.7609561752988,59.7609561752988,59,65,118.0,130.0,,,12.0,12.0,9.230769230769232
GDN0020,Pause,11,11,11,5536,5536,6040,6040,5703,5700,5765,5747,1010.0,1010.0,59.40594059405941,59.40594059405941,62,47,124.0,94.0,,,-30.0,30.0,31.914893617021278
GDN0020,Pause,12,12,12,6040,6040,6504,6504,6208,6205,6269,6258,882.0,882.0,68.02721088435374,68.02721088435374,61,53,122.0,106.0,,,-16.0,16.0,15.09433962264151
GDN0020,Pause,13,13,13,6504,6504,6944,6944,6649,6646,6710,6702,880.0,880.0,68.18181818181819,68.18181818181819,61,56,122.0,112.0,,,-10.0,10.0,8.928571428571429
GDN0020,Pause,14,14,14,6944,6944,7414,7414,7089,7085,7155,7142,972.0,972.0,61.7283950617284,61.7283950617284,66,57,132.0,114.0,,,-18.0,18.0,15.789473684210526
GDN0020,Pause,15,15,15,7414,7414,7921,7921,7575,7572,7638,7610,1038.0,1038.0,57.80346820809248,57.80346820809248,63,38,126.0,76.0,,,-50.0,50.0,65.78947368421053
GDN0020,Pause,16,16,16,7921,7921,8437,8437,8095,8091,8156,8144,1028.0,1028.0,58.36575875486381,58.36575875486381,61,53,122.0,106.0,,,-16.0,16.0,15.09433962264151
GDN0020,Pause,17,17,17,8437,8437,8898,8898,8608,8605,8669,8659,866.0,866.0,69.28406466512702,69.28406466512702,61,54,122.0,108.0,,,-14.0,14.0,12.962962962962962
GDN0020,Pause,18,18,18,8898,8898,9330,9330,9041,9038,9107,9098,862.0,862.0,69.60556844547564,69.60556844547564,66,60,132.0,120.0,,,-12.0,12.0,10.0
GDN0020,Pause,19,19,19,9330,9330,9796,9796,9472,9468,9536,9521,970.0,970.0,61.855670103092784,61.855670103092784,64,53,128.0,106.0,,,-22.0,22.0,20.754716981132077
GDN0020,Pause,20,20,20,9796,9796,10283,10283,9957,9953,10018,10019,974.0,974.0,61.601642710472284,61.601642710472284,61,66,122.0,132.0,,,10.0,10.0,7.575757575757576
GDN0020,Pause,21,21,21,10283,10283,10736,10736,10445,10442,10505,10498,870.0,870.0,68.96551724137932,68.96551724137932,60,56,120.0,112.0,,,-8.0,8.0,7.142857142857142
GDN0020,Pause,22,22,22,10736,10736,11172,11172,10880,10876,10942,10929,874.0,874.0,68.64988558352402,68.64988558352402,62,53,124.0,106.0,,,-18.0,18.0,16.9811320754717
GDN0020,Pause,23,23,23,11172,11172,11659,11659,11316,11313,11376,11365,1028.0,1028.0,58.36575875486381,58.36575875486381,60,52,120.0,104.0,,,-16.0,16.0,15.384615384615385
GDN0020,Pause,24,24,24,11659,11659,12156,12156,11830,11826,11891,11888,974.0,974.0,61.601642710472284,61.601642710472284,61,62,122.0,124.0,,,2.0,2.0,1.6129032258064515
GDN0020,Pause,25,25,25,12156,12156,12595,12595,12318,12314,12378,12369,828.0,828.0,72.46376811594203,72.46376811594203,60,55,120.0,110.0,,,-10.0,10.0,9.090909090909092
GDN0020,Pause,26,26,26,12595,12595,13027,13027,12732,12728,12793,12794,884.0,884.0,67.87330316742081,67.87330316742081,61,66,122.0,132.0,,,10.0,10.0,7.575757575757576
GDN0020,Pause,27,27,27,13027,13027,13535,13535,13173,13169,13232,13217,1086.0,1086.0,55.248618784530386,55.248618784530386,59,48,118.0,96.0,,,-22.0,22.0,22.916666666666664
GDN0020,Pause,28,28,28,13535,13535,14071,14071,13716,13713,13778,13774,1066.0,1066.0,56.28517823639775,56.28517823639775,62,61,124.0,122.0,,,-2.0,2.0,1.639344262295082
GDN0020,Pause,29,29,29,14071,14071,14571,14571,14249,14247,14310,14301,964.0,964.0,62.24066390041494,62.24066390041494,61,54,122.0,108.0,,,-14.0,14.0,12.962962962962962
GDN0020,Pause,30,30,30,14571,14571,15014,15014,14731,14728,14793,14780,844.0,844.0,71.09004739336493,71.09004739336493,62,52,124.0,104.0,,,-20.0,20.0,19.230769230769234
GDN0020,Pause,31,31,31,15014,15014,15445,15445,15153,15150,15215,15221,870.0,870.0,68.96551724137932,68.96551724137932,62,71,124.0,142.0,,,18.0,18.0,12.676056338028168
GDN0020,Pause,32,32,32,15445,15445,15949,15949,15588,15584,15648,15634,1082.0,1082.0,55.452865064695004,55.452865064695004,60,50,120.0,100.0,,,-20.0,20.0,20.0
GDN0020,Pause,33,33,33,15949,15949,16496,16496,16129,16126,16191,16177,1102.0,1102.0,54.44646098003629,54.44646098003629,62,51,124.0,102.0,,,-22.0,22.0,21.568627450980394
GDN0020,Pause,34,34,34,16496,16496,17040,17040,16680,16677,16746,16733,1080.0,1080.0,55.55555555555555,55.55555555555555,66,56,132.0,112.0,,,-20.0,20.0,17.857142857142858
GDN0020,Pause,35,35,35,17040,17040,17553,17553,17221,17217,17283,17265,996.0,996.0,60.24096385542169,60.24096385542169,62,48,124.0,96.0,,,-28.0,28.0,29.166666666666668
GDN0020,Pause,36,36,36,17553,17553,18055,18055,17718,17714,17780,17779,1008.0,1008.0,59.523809523809526,59.523809523809526,62,65,124.0,130.0,,,6.0,6.0,4.615384615384616
GDN0020,Pause,37,37,37,18055,18055,18579,18578,18222,18219,18287,18273,1070.0,1070.0,56.074766355140184,56.074766355140184,65,54,130.0,108.0,,,-22.0,22.0,20.37037037037037
GDN0020,Pause,38,38,38,18579,18578,19107,19107,18756,18753,18822,18809,1050.0,1050.0,57.14285714285714,57.14285714285714,66,56,132.0,112.0,,,-20.0,20.0,17.857142857142858
GDN0020,Pause,39,39,39,19107,19107,19629,19629,19282,19279,19345,19344,1040.0,1040.0,57.69230769230769,57.69230769230769,63,65,126.0,130.0,,,4.0,4.0,3.076923076923077
GDN0020,Pause,40,40,40,19629,19629,20132,20132,19802,19799,19864,19851,988.0,988.0,60.72874493927126,60.72874493927126,62,52,124.0,104.0,,,-20.0,20.0,19.230769230769234
GDN0020,Pause,41,41,41,20132,20132,20603,20603,20296,20293,20357,20345,918.0,918.0,65.359477124183,65.359477124183,61,52,122.0,104.0,,,-18.0,18.0,17.307692307692307
GDN0020,Pause,42,42,42,20603,20603,21071,21071,20756,20752,20819,20799,946.0,946.0,63.42494714587738,63.42494714587738,63,47,126.0,94.0,,,-32.0,32.0,34.04255319148936
GDN0020,Pause,43,43,43,21071,21071,21578,21578,21228,21225,21290,21279,1048.0,1048.0,57.25190839694656,57.25190839694656,62,54,124.0,108.0,,,-16.0,16.0,14.814814814814813
GDN0020,Pause,44,44,44,21578,21578,22113,22113,21752,21748,21815,21804,1084.0,1084.0,55.35055350553505,55.35055350553505,63,56,126.0,112.0,,,-14.0,14.0,12.5
GDN0020,Pause,45,45,45,22113,22113,22659,22659,22294,22291,22358,22348,1094.0,1094.0,54.84460694698354,54.84460694698354,64,57,128.0,114.0,,,-14.0,14.0,12.280701754385964
GDN0020,Pause,46,46,46,22659,22659,23185,23185,22841,22837,22905,22891,1030.0,1030.0,58.252427184466015,58.252427184466015,64,54,128.0,108.0,,,-20.0,20.0,18.51851851851852
GDN0020,Pause,47,47,47,23185,23185,23665,23665,23357,23353,23418,23404,922.0,922.0,65.0759219088937,65.0759219088937,61,51,122.0,102.0,,,-20.0,20.0,19.607843137254903
GDN0020,Pause,48,48,48,23665,23665,24098,24098,23817,23814,23879,23861,838.0,838.0,71.59904534606206,71.59904534606206,62,47,124.0,94.0,,,-30.0,30.0,31.914893617021278
GDN0020,Pause,49,49,49,24098,24098,24538,24538,24236,24233,24303,24277,902.0,902.0,66.51884700665188,66.51884700665188,67,44,134.0,88.0,,,-46.0,46.0,52.27272727272727
GDN0020,Pause,50,50,50,24538,24538,25043,25043,24687,24684,24750,24732,1068.0,1068.0,56.17977528089887,56.17977528089887,63,48,126.0,96.0,,,-30.0,30.0,31.25
GDN0020,Pause,51,51,51,25043,25043,25578,25578,25221,25218,25283,25279,1072.0,1072.0,55.97014925373134,55.97014925373134,62,61,124.0,122.0,,,-2.0,2.0,1.639344262295082
GDN0020,Pause,52,52,52,25578,25578,26113,26113,25758,25754,25818,25817,1068.0,1068.0,56.17977528089887,56.17977528089887,60,63,120.0,126.0,,,6.0,6.0,4.761904761904762
GDN0020,Pause,53,53,53,26113,26113,26630,26630,26292,26288,26353,26348,1014.0,1014.0,59.171597633136095,59.171597633136095,61,60,122.0,120.0,,,-2.0,2.0,1.6666666666666667
GDN0020,Pause,54,54,54,26630,26630,27101,27101,26798,26795,26859,26849,904.0,904.0,66.3716814159292,66.3716814159292,61,54,122.0,108.0,,,-14.0,14.0,12.962962962962962
GDN0020,Pause,55,55,55,27101,27101,27530,27530,27250,27247,27312,27296,834.0,834.0,71.94244604316548,71.94244604316548,62,49,124.0,98.0,,,-26.0,26.0,26.53061224489796
GDN0020,Pause,56,56,56,27530,27530,27971,27971,27667,27663,27731,27727,908.0,908.0,66.07929515418502,66.07929515418502,64,64,128.0,128.0,,,0.0,0.0,0.0
GDN0020,Pause,57,57,57,27971,27971,28477,28477,28121,28118,28181,28176,1068.0,1068.0,56.17977528089887,56.17977528089887,60,58,120.0,116.0,,,-4.0,4.0,3.4482758620689653
GDN0020,Pause,58,58,58,28477,28477,29015,29015,28655,28652,28717,28709,1080.0,1080.0,55.55555555555555,55.55555555555555,62,57,124.0,114.0,,,-10.0,10.0,8.771929824561402
GDN0020,Pause,59,59,59,29015,29015,29532,29532,29195,29192,29256,29246,1008.0,1008.0,59.523809523809526,59.523809523809526,61,54,122.0,108.0,,,-14.0,14.0,12.962962962962962
GDN0020,Valsalva,0,0,0,478,478,984,984,641,638,705,691,1028.0,1028.0,58.36575875486381,58.36575875486381,64,53,128.0,106.0,,,-22.0,22.0,20.754716981132077
GDN0020,Valsalva,1,1,1,984,984,1437,1437,1155,1153,1219,1217,840.0,840.0,71.42857142857143,71.42857142857143,64,64,128.0,128.0,,,0.0,0.0,0.0
GDN0020,Valsalva,2,2,2,1437,1437,1824,1824,1575,1572,1638,1622,738.0,738.0,81.30081300813008,81.30081300813008,63,50,126.0,100.0,,,-26.0,26.0,26.0
GDN0020,Valsalva,4,4,4,2184,2184,2550,2550,2300,2291,2362,2365,742.0,742.0,80.86253369272237,80.86253369272237,62,74,124.0,148.0,,,24.0,24.0,16.216216216216218
GDN0020,Valsalva,5,5,5,2550,2550,2950,2950,2671,2661,2734,2703,830.0,830.0,72.28915662650603,72.28915662650603,63,42,126.0,84.0,,,-42.0,42.0,50.0
GDN0020,Valsalva,6,6,6,2950,2950,3376,3376,3086,3083,3153,3121,866.0,866.0,69.28406466512702,69.28406466512702,67,38,134.0,76.0,,,-58.0,58.0,76.31578947368422
GDN0020,Valsalva,7,7,7,3376,3376,3794,3794,3520,3516,3583,3570,818.0,818.0,73.34963325183375,73.34963325183375,63,54,126.0,108.0,,,-18.0,18.0,16.666666666666664
GDN0020,Valsalva,8,8,8,3794,3794,4196,4196,3928,3919,3994,3992,796.0,796.0,75.37688442211055,75.37688442211055,66,73,132.0,146.0,,,14.0,14.0,9.58904109589041
GDN0020,Valsalva,9,9,9,4196,4196,4581,4581,4326,4322,4386,4363,756.0,756.0,79.36507936507937,79.36507936507937,60,41,120.0,82.0,,,-38.0,38.0,46.34146341463415
GDN0020,Valsalva,10,10,10,4581,4581,4958,4958,4704,4701,4768,4772,754.0,754.0,79.57559681697613,79.57559681697613,64,71,128.0,142.0,,,14.0,14.0,9.859154929577464
GDN0020,Valsalva,11,11,11,4958,4958,5332,5332,5081,5077,5140,5142,746.0,746.0,80.4289544235925,80.4289544235925,59,65,118.0,130.0,,,12.0,12.0,9.230769230769232
GDN0020,Valsalva,13,13,13,5691,5691,6042,6042,5806,5802,5866,5854,700.0,700.0,85.71428571428572,85.71428571428572,60,52,120.0,104.0,,,-16.0,16.0,15.384615384615385
GDN0020,Valsalva,14,14,14,6042,6042,6393,6393,6155,6152,6216,6205,704.0,704.0,85.22727272727273,85.22727272727273,61,53,122.0,106.0,,,-16.0,16.0,15.09433962264151
GDN0020,Valsalva,15,15,15,6393,6393,6741,6741,6507,6502,6568,6571,692.0,692.0,86.70520231213874,86.70520231213874,61,69,122.0,138.0,,,16.0,16.0,11.594202898550725
GDN0020,Valsalva,16,16,16,6741,6741,7084,7084,6854,6851,6911,6905,684.0,684.0,87.71929824561403,87.71929824561403,57,54,114.0,108.0,,,-6.0,6.0,5.555555555555555
GDN0020,Valsalva,17,17,17,7084,7084,7422,7422,7195,7192,7256,7261,670.0,670.0,89.55223880597015,89.55223880597015,61,69,122.0,138.0,,,16.0,16.0,11.594202898550725
GDN0020,Valsalva,18,18,18,7422,7422,7755,7755,7530,7527,7592,7596,664.0,664.0,90.36144578313252,90.36144578313252,62,69,124.0,138.0,,,14.0,14.0,10.144927536231885
GDN0020,Valsalva,19,19,19,7755,7755,8088,8088,7863,7860,7920,7923,668.0,668.0,89.82035928143712,89.82035928143712,57,63,114.0,126.0,,,12.0,12.0,9.523809523809524
GDN0020,Valsalva,20,20,20,8088,8088,8420,8420,8197,8194,8254,8238,662.0,662.0,90.63444108761328,90.63444108761328,57,44,114.0,88.0,,,-26.0,26.0,29.545454545454547
GDN0020,Valsalva,21,21,21,8420,8420,8749,8749,8528,8525,8587,8578,654.0,654.0,91.74311926605505,91.74311926605505,59,53,118.0,106.0,,,-12.0,12.0,11.320754716981133
GDN0020,Valsalva,22,22,22,8749,8749,9076,9076,8855,8852,8919,8905,654.0,654.0,91.74311926605505,91.74311926605505,64,53,128.0,106.0,,,-22.0,22.0,20.754716981132077
GDN0020,Valsalva,23,23,23,9076,9076,9402,9402,9182,9178,9243,9244,652.0,652.0,92.02453987730061,92.02453987730061,61,66,122.0,132.0,,,10.0,10.0,7.575757575757576
GDN0020,Valsalva,24,24,24,9402,9402,9733,9733,9508,9505,9566,9564,668.0,668.0,89.82035928143712,89.82035928143712,58,59,116.0,118.0,,,2.0,2.0,1.694915254237288
GDN0020,Valsalva,25,25,25,9733,9733,10068,10068,9842,9839,9908,9881,672.0,672.0,89.28571428571428,89.28571428571428,66,42,132.0,84.0,,,-48.0,48.0,57.14285714285714
GDN0020,Valsalva,26,26,26,10068,10068,10402,10402,10177,10175,10236,10242,666.0,666.0,90.09009009009009,90.09009009009009,59,67,118.0,134.0,,,16.0,16.0,11.940298507462686
GDN0020,Valsalva,27,27,27,10402,10402,10739,10739,10512,10508,10570,10574,678.0,678.0,88.49557522123894,88.49557522123894,58,66,116.0,132.0,,,16.0,16.0,12.121212121212121
GDN0020,Valsalva,28,28,28,10739,10739,11079,11079,10850,10847,10909,10911,680.0,680.0,88.23529411764706,88.23529411764706,59,64,118.0,128.0,,,10.0,10.0,7.8125
GDN0020,Valsalva,29,29,29,11079,11079,11421,11421,11189,11186,11251,11245,686.0,686.0,87.46355685131195,87.46355685131195,62,59,124.0,118.0,,,-6.0,6.0,5.084745762711865
GDN0020,Valsalva,30,30,30,11421,11421,11763,11763,11533,11530,11590,11576,682.0,682.0,87.97653958944281,87.97653958944281,57,46,114.0,92.0,,,-22.0,22.0,23.91304347826087
GDN0020,Valsalva,31,31,31,11763,11763,12104,12104,11874,11872,11936,11934,684.0,684.0,87.71929824561403,87.71929824561403,62,62,124.0,124.0,,,0.0,0.0,0.0
GDN0020,Valsalva,32,32,32,12104,12104,12450,12450,12215,12211,12276,12277,696.0,696.0,86.20689655172414,86.20689655172414,61,66,122.0,132.0,,,10.0,10.0,7.575757575757576
GDN0020,Valsalva,33,33,33,12450,12450,12801,12801,12564,12561,12622,12586,706.0,706.0,84.98583569405099,84.98583569405099,58,25,116.0,50.0,,,-66.0,66.0,132.0
GDN0020,Valsalva,34,34,34,12801,12801,13152,13152,12916,12913,12975,12974,698.0,698.0,85.9598853868195,85.9598853868195,59,61,118.0,122.0,,,4.0,4.0,3.278688524590164
GDN0020,Valsalva,35,35,35,13152,13152,13500,13499,13265,13262,13327,13328,694.0,694.0,86.45533141210375,86.45533141210375,62,66,124.0,132.0,,,8.0,8.0,6.0606060606060606
GDN0020,Valsalva,36,36,36,13500,13499,13847,13846,13612,13609,13672,13668,694.0,694.0,86.45533141210375,86.45533141210375,60,59,120.0,118.0,,,-2.0,2.0,1.694915254237288
GDN0020,Valsalva,37,37,37,13847,13846,14199,14199,13959,13956,14018,14023,712.0,712.0,84.26966292134831,84.26966292134831,59,67,118.0,134.0,,,16.0,16.0,11.940298507462686
GDN0020,Valsalva,38,38,38,14199,14199,14570,14570,14315,14312,14375,14369,758.0,758.0,79.15567282321899,79.15567282321899,60,57,120.0,114.0,,,-6.0,6.0,5.263157894736842
GDN0020,Valsalva,39,39,39,14570,14570,14962,14961,14694,14691,14754,14756,796.0,796.0,75.37688442211055,75.37688442211055,60,65,120.0,130.0,,,10.0,10.0,7.6923076923076925
GDN0020,Valsalva,40,40,40,14962,14961,15377,15377,15092,15088,15150,15155,848.0,848.0,70.75471698113208,70.75471698113208,58,67,116.0,134.0,,,18.0,18.0,13.432835820895523
GDN0020,Valsalva,41,41,41,15377,15377,15808,15807,15517,15514,15576,15557,872.0,872.0,68.80733944954129,68.80733944954129,59,43,118.0,86.0,,,-32.0,32.0,37.2093023255814
GDN0020,Valsalva,42,42,42,15808,15807,16250,16249,15952,15949,16009,15989,890.0,890.0,67.41573033707866,67.41573033707866,57,40,114.0,80.0,,,-34.0,34.0,42.5
GDN0020,Valsalva,43,43,43,16250,16249,16715,16715,16397,16393,16457,16442,952.0,952.0,63.02521008403362,63.02521008403362,60,49,120.0,98.0,,,-22.0,22.0,22.448979591836736
GDN0020,Valsalva,44,44,44,16715,16715,17199,17199,16873,16869,16933,16920,976.0,976.0,61.47540983606557,61.47540983606557,60,51,120.0,102.0,,,-18.0,18.0,17.647058823529413
GDN0020,Valsalva,45,45,45,17199,17199,17687,17687,17361,17358,17420,17425,976.0,976.0,61.47540983606557,61.47540983606557,59,67,118.0,134.0,,,16.0,16.0,11.940298507462686
GDN0020,Valsalva,46,46,46,17687,17687,18145,18144,17849,17845,17909,17913,884.0,884.0,67.87330316742081,67.87330316742081,60,68,120.0,136.0,,,16.0,16.0,11.76470588235294
GDN0020,Valsalva,47,47,47,18145,18144,18558,18557,18291,18288,18351,18339,794.0,794.0,75.56675062972292,75.56675062972292,60,51,120.0,102.0,,,-18.0,18.0,17.647058823529413
GDN0020,Valsalva,48,48,48,18558,18557,18954,18954,18688,18685,18749,18748,790.0,790.0,75.94936708860759,75.94936708860759,61,63,122.0,126.0,,,4.0,4.0,3.1746031746031744
GDN0020,Valsalva,49,49,49,18954,18954,19386,19386,19083,19080,19145,19128,904.0,904.0,66.3716814159292,66.3716814159292,62,48,124.0,96.0,,,-28.0,28.0,29.166666666666668
GDN0020,Valsalva,50,50,50,19386,19386,19890,19889,19535,19531,19596,19593,1064.0,1064.0,56.39097744360902,56.39097744360902,61,62,122.0,124.0,,,2.0,2.0,1.6129032258064515
GDN0020,Valsalva,51,51,51,19890,19889,20380,20379,20067,20064,20128,20117,936.0,936.0,64.1025641025641,64.1025641025641,61,53,122.0,106.0,,,-16.0,16.0,15.09433962264151
GDN0020,Valsalva,52,52,52,20380,20379,20831,20831,20535,20532,20597,20581,884.0,884.0,67.87330316742081,67.87330316742081,62,49,124.0,98.0,,,-26.0,26.0,26.53061224489796
GDN0020,Valsalva,53,53,53,20831,20831,21270,21269,20976,20973,21038,21038,874.0,874.0,68.64988558352402,68.64988558352402,62,65,124.0,130.0,,,6.0,6.0,4.615384615384616
GDN0020,Valsalva,54,54,54,21270,21269,21684,21684,21414,21411,21485,21458,804.0,804.0,74.62686567164178,74.62686567164178,71,47,142.0,94.0,,,-48.0,48.0,51.06382978723404
GDN0020,Valsalva,55,55,55,21684,21684,22080,22080,21816,21812,21878,21879,786.0,786.0,76.33587786259541,76.33587786259541,62,67,124.0,134.0,,,10.0,10.0,7.462686567164178
GDN0020,Valsalva,56,56,56,22080,22080,22480,22480,22209,22206,22270,22271,806.0,806.0,74.44168734491315,74.44168734491315,61,65,122.0,130.0,,,8.0,8.0,6.153846153846154
GDN0020,Valsalva,57,57,57,22480,22480,22901,22901,22612,22608,22677,22676,862.0,862.0,69.60556844547564,69.60556844547564,65,68,130.0,136.0,,,6.0,6.0,4.411764705882353
GDN0020,Valsalva,58,58,58,22901,22901,23332,23331,23042,23038,23105,23093,860.0,860.0,69.76744186046511,69.76744186046511,63,55,126.0,110.0,,,-16.0,16.0,14.545454545454545
GDN0020,Valsalva,59,59,59,23332,23331,23743,23743,23474,23470,23533,23522,802.0,802.0,74.81296758104737,74.81296758104737,59,52,118.0,104.0,,,-14.0,14.0,13.461538461538462
GDN0020,Valsalva,60,60,60,23743,23743,24136,24136,23875,23870,23937,23942,778.0,778.0,77.12082262210797,77.12082262210797,62,72,124.0,144.0,,,20.0,20.0,13.88888888888889
GDN0020,Valsalva,61,61,61,24136,24136,24533,24533,24263,24259,24328,24330,804.0,804.0,74.62686567164178,74.62686567164178,65,71,130.0,142.0,,,12.0,12.0,8.450704225352112
GDN0020,Valsalva,62,62,62,24533,24533,24926,24926,24665,24662,24727,24703,776.0,776.0,77.31958762886597,77.31958762886597,62,41,124.0,82.0,,,-42.0,42.0,51.21951219512195
GDN0020,Valsalva,63,63,63,24926,24926,25323,25323,25053,25050,25115,25117,804.0,804.0,74.62686567164178,74.62686567164178,62,67,124.0,134.0,,,10.0,10.0,7.462686567164178
GDN0020,Valsalva,64,64,64,25323,25323,25719,25719,25456,25452,25514,25474,786.0,786.0,76.33587786259541,76.33587786259541,58,22,116.0,44.0,,,-72.0,72.0,163.63636363636365
GDN0020,Valsalva,65,65,65,25719,25719,26123,26123,25848,25844,25907,25905,818.0,818.0,73.34963325183375,73.34963325183375,59,61,118.0,122.0,,,4.0,4.0,3.278688524590164
GDN0020,Valsalva,66,66,66,26123,26123,26548,26548,26257,26248,26321,26320,868.0,868.0,69.12442396313364,69.12442396313364,64,72,128.0,144.0,,,16.0,16.0,11.11111111111111
GDN0020,Valsalva,67,67,67,26548,26548,26991,26991,26692,26688,26753,26758,896.0,896.0,66.96428571428571,66.96428571428571,61,70,122.0,140.0,,,18.0,18.0,12.857142857142856
GDN0020,Valsalva,68,68,68,26991,26991,27422,27422,27139,27136,27200,27200,844.0,844.0,71.09004739336493,71.09004739336493,61,64,122.0,128.0,,,6.0,6.0,4.6875
GDN0020,Valsalva,69,69,69,27422,27422,27831,27831,27562,27559,27621,27592,802.0,802.0,74.81296758104737,74.81296758104737,59,33,118.0,66.0,,,-52.0,52.0,78.78787878787878
GDN0020,Valsalva,70,70,70,27831,27831,28225,28225,27962,27958,28023,28003,782.0,782.0,76.72634271099744,76.72634271099744,61,45,122.0,90.0,,,-32.0,32.0,35.55555555555556
GDN0020,Valsalva,71,71,71,28225,28225,28619,28619,28353,28349,28414,28414,790.0,790.0,75.94936708860759,75.94936708860759,61,65,122.0,130.0,,,8.0,8.0,6.153846153846154
GDN0020,Valsalva,72,72,72,28619,28619,29010,29010,28748,28745,28809,28810,780.0,780.0,76.92307692307692,76.92307692307692,61,65,122.0,130.0,,,8.0,8.0,6.153846153846154
GDN0020,Valsalva,73,73,73,29010,29010,29400,29400,29138,29134,29199,29199,780.0,780.0,76.92307692307692,76.92307692307692,61,65,122.0,130.0,,,8.0,8.0,6.153846153846154
GDN0020,Valsalva,74,74,74,29400,29400,29790,29790,29528,29520,29592,29585,,,,,64,65,128.0,130.0,,,2.0,2.0,1.5384615384615385
GDN0020,HoldingBreath,0,0,0,406,406,926,926,579,575,645,631,1040.0,1040.0,57.69230769230769,57.69230769230769,66,56,132.0,112.0,,,-20.0,20.0,17.857142857142858
GDN0020,HoldingBreath,1,1,1,926,926,1422,1422,1099,1096,1163,1149,966.0,966.0,62.11180124223603,62.11180124223603,64,53,128.0,106.0,,,-22.0,22.0,20.754716981132077
GDN0020,HoldingBreath,2,2,2,1422,1422,1893,1893,1582,1579,1645,1632,930.0,930.0,64.51612903225806,64.51612903225806,63,53,126.0,106.0,,,-20.0,20.0,18.867924528301888
GDN0020,HoldingBreath,3,3,3,1893,1893,2365,2365,2046,2037,2109,2097,952.0,952.0,63.02521008403362,63.02521008403362,63,60,126.0,120.0,,,-6.0,6.0,5.0
GDN0020,HoldingBreath,4,4,4,2365,2365,2854,2854,2523,2520,2585,2570,990.0,990.0,60.60606060606061,60.60606060606061,62,50,124.0,100.0,,,-24.0,24.0,24.0
GDN0020,HoldingBreath,5,5,5,2854,2854,3351,3351,3018,3015,3080,3070,998.0,998.0,60.120240480961925,60.120240480961925,62,55,124.0,110.0,,,-14.0,14.0,12.727272727272727
GDN0020,HoldingBreath,6,6,6,3351,3351,3846,3846,3517,3514,3579,3565,984.0,984.0,60.97560975609756,60.97560975609756,62,51,124.0,102.0,,,-22.0,22.0,21.568627450980394
GDN0020,HoldingBreath,7,7,7,3846,3846,4312,4312,4009,4006,4073,4062,904.0,904.0,66.3716814159292,66.3716814159292,64,56,128.0,112.0,,,-16.0,16.0,14.285714285714285
GDN0020,HoldingBreath,8,8,8,4312,4312,4727,4727,4461,4458,4523,4513,790.0,790.0,75.94936708860759,75.94936708860759,62,55,124.0,110.0,,,-14.0,14.0,12.727272727272727
GDN0020,HoldingBreath,9,9,9,4727,4727,5124,5124,4857,4853,4920,4918,798.0,798.0,75.18796992481202,75.18796992481202,63,65,126.0,130.0,,,4.0,4.0,3.076923076923077
GDN0020,HoldingBreath,10,10,10,5124,5124,5556,5556,5255,5245,5318,5319,900.0,900.0,66.66666666666667,66.66666666666667,63,74,126.0,148.0,,,22.0,22.0,14.864864864864865
GDN0020,HoldingBreath,11,11,11,5556,5556,6056,6056,5705,5696,5764,5770,1052.0,1052.0,57.03422053231939,57.03422053231939,59,74,118.0,148.0,,,30.0,30.0,20.27027027027027
GDN0020,HoldingBreath,12,12,12,6056,6056,6577,6577,6231,6227,6294,6282,1038.0,1038.0,57.80346820809248,57.80346820809248,63,55,126.0,110.0,,,-16.0,16.0,14.545454545454545
GDN0020,HoldingBreath,13,13,13,6577,6577,7053,7053,6750,6747,6812,6803,906.0,906.0,66.2251655629139,66.2251655629139,62,56,124.0,112.0,,,-12.0,12.0,10.714285714285714
GDN0020,HoldingBreath,14,14,14,7053,7053,7493,7493,7203,7200,7267,7248,866.0,866.0,69.28406466512702,69.28406466512702,64,48,128.0,96.0,,,-32.0,32.0,33.33333333333333
GDN0020,HoldingBreath,15,15,15,7493,7493,7960,7960,7636,7633,7700,7673,970.0,970.0,61.855670103092784,61.855670103092784,64,40,128.0,80.0,,,-48.0,48.0,60.0
GDN0020,HoldingBreath,16,16,16,7960,7960,8462,8462,8121,8117,8182,8188,1022.0,1022.0,58.708414872798436,58.708414872798436,61,71,122.0,142.0,,,20.0,20.0,14.084507042253522
GDN0020,HoldingBreath,17,17,17,8462,8462,8939,8939,8632,8629,8693,8682,916.0,916.0,65.50218340611353,65.50218340611353,61,53,122.0,106.0,,,-16.0,16.0,15.09433962264151
GDN0020,HoldingBreath,18,18,18,8939,8939,9384,9384,9090,9087,9152,9143,876.0,876.0,68.4931506849315,68.4931506849315,62,56,124.0,112.0,,,-12.0,12.0,10.714285714285714
GDN0020,HoldingBreath,19,19,19,9384,9384,9808,9808,9528,9525,9593,9577,834.0,834.0,71.94244604316548,71.94244604316548,65,52,130.0,104.0,,,-26.0,26.0,25.0
GDN0020,HoldingBreath,20,20,20,9808,9808,10252,10252,9944,9936,10005,9996,918.0,918.0,65.359477124183,65.359477124183,61,60,122.0,120.0,,,-2.0,2.0,1.6666666666666667
GDN0020,HoldingBreath,21,21,21,10252,10252,10740,10740,10403,10395,10471,10468,1006.0,1006.0,59.642147117296226,59.642147117296226,68,73,136.0,146.0,,,10.0,10.0,6.8493150684931505
GDN0020,HoldingBreath,22,22,22,10740,10740,11213,11213,10907,10903,10972,10974,914.0,914.0,65.64551422319475,65.64551422319475,65,71,130.0,142.0,,,12.0,12.0,8.450704225352112
GDN0020,HoldingBreath,23,23,23,11213,11213,11639,11639,11364,11361,11427,11432,818.0,818.0,73.34963325183375,73.34963325183375,63,71,126.0,142.0,,,16.0,16.0,11.267605633802818
GDN0020,HoldingBreath,24,24,24,11639,11639,12026,12026,11773,11770,11834,11835,750.0,750.0,80.0,80.0,61,65,122.0,130.0,,,8.0,8.0,6.153846153846154
GDN0020,HoldingBreath,25,25,25,12026,12026,12405,12405,12148,12145,12212,12215,762.0,762.0,78.74015748031496,78.74015748031496,64,70,128.0,140.0,,,12.0,12.0,8.571428571428571
GDN0020,HoldingBreath,26,26,26,12405,12405,12782,12782,12529,12519,12589,12595,750.0,750.0,80.0,80.0,60,76,120.0,152.0,,,32.0,32.0,21.052631578947366
GDN0020,HoldingBreath,27,27,27,12782,12782,13187,13187,12904,12901,12970,12975,842.0,842.0,71.25890736342043,71.25890736342043,66,74,132.0,148.0,,,16.0,16.0,10.81081081081081
GDN0020,HoldingBreath,28,28,28,13187,13187,13610,13610,13325,13322,13386,13368,848.0,848.0,70.75471698113208,70.75471698113208,61,46,122.0,92.0,,,-30.0,30.0,32.608695652173914
GDN0020,HoldingBreath,29,29,29,13610,13610,14030,14030,13749,13739,13807,13786,836.0,836.0,71.77033492822967,71.77033492822967,58,47,116.0,94.0,,,-22.0,22.0,23.404255319148938
GDN0020,HoldingBreath,30,30,30,14030,14030,14454,14454,14167,14163,14227,14233,854.0,854.0,70.2576112412178,70.2576112412178,60,70,120.0,140.0,,,20.0,20.0,14.285714285714285
GDN0020,HoldingBreath,31,31,31,14454,14454,14866,14865,14594,14591,14654,14627,810.0,810.0,74.07407407407408,74.07407407407408,60,36,120.0,72.0,,,-48.0,48.0,66.66666666666666
GDN0020,HoldingBreath,32,32,32,14866,14865,15256,15256,14999,14995,15061,15038,764.0,764.0,78.53403141361257,78.53403141361257,62,43,124.0,86.0,,,-38.0,38.0,44.18604651162791
GDN0020,HoldingBreath,33,33,33,15256,15256,15638,15638,15381,15377,15441,15449,762.0,762.0,78.74015748031496,78.74015748031496,60,72,120.0,144.0,,,24.0,24.0,16.666666666666664
GDN0020,HoldingBreath,34,34,34,15638,15638,16039,16038,15762,15759,15820,15804,824.0,824.0,72.81553398058253,72.81553398058253,58,45,116.0,90.0,,,-26.0,26.0,28.888888888888886
GDN0020,HoldingBreath,35,35,35,16039,16038,16428,16428,16174,16165,16235,16239,754.0,754.0,79.57559681697613,79.57559681697613,61,74,122.0,148.0,,,26.0,26.0,17.56756756756757
GDN0020,HoldingBreath,36,36,36,16428,16428,16860,16860,16558,16600,16639,16656,922.0,922.0,65.0759219088937,65.0759219088937,81,56,162.0,112.0,,,-50.0,50.0,44.642857142857146
GDN0020,HoldingBreath,37,37,37,16860,16860,17298,17298,17012,17009,17075,17079,852.0,852.0,70.4225352112676,70.4225352112676,63,70,126.0,140.0,,,14.0,14.0,10.0
GDN0020,HoldingBreath,38,38,38,17298,17298,17741,17740,17438,17434,17499,17506,906.0,906.0,66.2251655629139,66.2251655629139,61,72,122.0,144.0,,,22.0,22.0,15.277777777777779
GDN0020,HoldingBreath,39,39,39,17741,17740,18207,18207,17891,17888,17950,17947,946.0,946.0,63.42494714587738,63.42494714587738,59,59,118.0,118.0,,,0.0,0.0,0.0
GDN0020,HoldingBreath,40,40,40,18207,18207,18685,18685,18364,18360,18426,18413,960.0,960.0,62.5,62.5,62,53,124.0,106.0,,,-18.0,18.0,16.9811320754717
GDN0020,HoldingBreath,41,41,41,18685,18685,19140,19139,18844,18841,18907,18889,882.0,882.0,68.02721088435374,68.02721088435374,63,48,126.0,96.0,,,-30.0,30.0,31.25
GDN0020,HoldingBreath,42,42,42,19140,19139,19548,19548,19285,19282,19346,19330,782.0,782.0,76.72634271099744,76.72634271099744,61,48,122.0,96.0,,,-26.0,26.0,27.083333333333332
GDN0020,HoldingBreath,43,43,43,19548,19548,19940,19940,19677,19673,19738,19743,786.0,786.0,76.33587786259541,76.33587786259541,61,70,122.0,140.0,,,18.0,18.0,12.857142857142856
GDN0020,HoldingBreath,44,44,44,19940,19940,20359,20359,20069,20060,20133,20124,864.0,864.0,69.44444444444444,69.44444444444444,64,64,128.0,128.0,,,0.0,0.0,0.0
GDN0020,HoldingBreath,45,45,45,20359,20359,20830,20830,20501,20498,20564,20552,986.0,986.0,60.851926977687626,60.851926977687626,63,54,126.0,108.0,,,-18.0,18.0,16.666666666666664
GDN0020,HoldingBreath,46,46,46,20830,20830,21281,21281,20994,20992,21054,21047,856.0,856.0,70.09345794392523,70.09345794392523,60,55,120.0,110.0,,,-10.0,10.0,9.090909090909092
GDN0020,HoldingBreath,47,47,47,21281,21281,21716,21716,21422,21419,21486,21490,878.0,878.0,68.3371298405467,68.3371298405467,64,71,128.0,142.0,,,14.0,14.0,9.859154929577464
GDN0020,HoldingBreath,48,48,48,21716,21716,22206,22206,21861,21858,21925,21923,1034.0,1034.0,58.027079303675045,58.027079303675045,64,65,128.0,130.0,,,2.0,2.0,1.5384615384615385
GDN0020,HoldingBreath,49,49,49,22206,22206,22716,22716,22378,22375,22440,22440,1012.0,1012.0,59.28853754940712,59.28853754940712,62,65,124.0,130.0,,,6.0,6.0,4.615384615384616
GDN0020,HoldingBreath,50,50,50,22716,22716,23210,23210,22884,22881,22946,22933,976.0,976.0,61.47540983606557,61.47540983606557,62,52,124.0,104.0,,,-20.0,20.0,19.230769230769234
GDN0020,HoldingBreath,51,51,51,23210,23210,23716,23716,23372,23362,23437,23423,1032.0,1032.0,58.13953488372093,58.13953488372093,65,61,130.0,122.0,,,-8.0,8.0,6.557377049180328
GDN0020,HoldingBreath,52,52,52,23716,23716,24230,24230,23888,23885,23952,23936,1026.0,1026.0,58.47953216374269,58.47953216374269,64,51,128.0,102.0,,,-26.0,26.0,25.49019607843137
GDN0020,HoldingBreath,53,53,53,24230,24230,24716,24716,24401,24398,24463,24457,942.0,942.0,63.69426751592357,63.69426751592357,62,59,124.0,118.0,,,-6.0,6.0,5.084745762711865
GDN0020,HoldingBreath,54,54,54,24716,24716,25204,25204,24872,24869,24938,24937,994.0,994.0,60.36217303822938,60.36217303822938,66,68,132.0,136.0,,,4.0,4.0,2.941176470588235
GDN0020,HoldingBreath,55,55,55,25204,25204,25706,25706,25369,25366,25431,25429,1008.0,1008.0,59.523809523809526,59.523809523809526,62,63,124.0,126.0,,,2.0,2.0,1.5873015873015872
GDN0020,HoldingBreath,56,56,56,25706,25706,26180,26180,25873,25870,25939,25941,918.0,918.0,65.359477124183,65.359477124183,66,71,132.0,142.0,,,10.0,10.0,7.042253521126761
GDN0020,HoldingBreath,57,57,57,26180,26180,26635,26635,26332,26329,26394,26384,906.0,906.0,66.2251655629139,66.2251655629139,62,55,124.0,110.0,,,-14.0,14.0,12.727272727272727
GDN0020,HoldingBreath,58,58,58,26635,26635,27102,27102,26785,26776,26850,26851,948.0,948.0,63.29113924050633,63.29113924050633,65,75,130.0,150.0,,,20.0,20.0,13.333333333333334
GDN0020,HoldingBreath,59,59,59,27102,27102,27616,27616,27259,27256,27320,27327,1072.0,1072.0,55.97014925373134,55.97014925373134,61,71,122.0,142.0,,,20.0,20.0,14.084507042253522
GDN0020,HoldingBreath,60,60,60,27616,27616,28145,28145,27795,27792,27860,27847,1048.0,1048.0,57.25190839694656,57.25190839694656,65,55,130.0,110.0,,,-20.0,20.0,18.181818181818183
GDN0020,HoldingBreath,61,61,61,28145,28145,28634,28634,28319,28316,28381,28373,940.0,940.0,63.829787234042556,63.829787234042556,62,57,124.0,114.0,,,-10.0,10.0,8.771929824561402
GDN0020,HoldingBreath,62,62,62,28634,28634,29113,29113,28789,28780,28853,28855,968.0,968.0,61.98347107438017,61.98347107438017,64,75,128.0,150.0,,,22.0,22.0,14.666666666666666
GDN0020,HoldingBreath,63,63,63,29113,29113,29602,29602,29273,29264,29333,29327,984.0,984.0,60.97560975609756,60.97560975609756,60,63,120.0,126.0,,,6.0,6.0,4.761904761904762
GDN0020,TiltLevel,0,0,0,408,408,938,938,584,576,651,635,1060.0,1060.0,56.60377358490566,56.60377358490566,67,59,134.0,118.0,,,-16.0,16.0,13.559322033898304
GDN0020,TiltLevel,1,1,1,938,938,1417,1417,1115,1106,1181,1176,902.0,902.0,66.51884700665188,66.51884700665188,66,70,132.0,140.0,,,8.0,8.0,5.714285714285714
GDN0020,TiltLevel,2,2,2,1417,1417,1856,1856,1565,1562,1629,1616,864.0,864.0,69.44444444444444,69.44444444444444,64,54,128.0,108.0,,,-20.0,20.0,18.51851851851852
GDN0020,TiltLevel,3,3,3,1856,1856,2293,2293,1998,1996,2058,2046,880.0,880.0,68.18181818181819,68.18181818181819,60,50,120.0,100.0,,,-20.0,20.0,20.0
GDN0020,TiltLevel,4,4,4,2293,2293,2741,2741,2438,2435,2498,2485,906.0,906.0,66.2251655629139,66.2251655629139,60,50,120.0,100.0,,,-20.0,20.0,20.0
GDN0020,TiltLevel,5,5,5,2741,2741,3267,3267,2891,2887,2952,2930,1128.0,1128.0,53.19148936170213,53.19148936170213,61,43,122.0,86.0,,,-36.0,36.0,41.86046511627907
GDN0020,TiltLevel,6,6,6,3267,3267,3829,3829,3455,3451,3520,3512,1122.0,1122.0,53.475935828877,53.475935828877,65,61,130.0,122.0,,,-8.0,8.0,6.557377049180328
GDN0020,TiltLevel,7,7,7,3829,3829,4385,4385,4015,4012,4080,4079,1108.0,1108.0,54.15162454873646,54.15162454873646,65,67,130.0,134.0,,,4.0,4.0,2.9850746268656714
GDN0020,TiltLevel,8,8,8,4385,4385,4917,4917,4570,4567,4632,4621,1040.0,1040.0,57.69230769230769,57.69230769230769,62,54,124.0,108.0,,,-16.0,16.0,14.814814814814813
GDN0020,TiltLevel,9,9,9,4917,4917,5401,5401,5090,5086,5150,5146,930.0,930.0,64.51612903225806,64.51612903225806,60,60,120.0,120.0,,,0.0,0.0,0.0
GDN0020,TiltLevel,10,10,10,5401,5401,5863,5863,5554,5546,5615,5611,920.0,920.0,65.21739130434783,65.21739130434783,61,65,122.0,130.0,,,8.0,8.0,6.153846153846154
GDN0020,TiltLevel,11,11,11,5863,5863,6374,6374,6014,6005,6076,6063,1076.0,1076.0,55.762081784386616,55.762081784386616,62,58,124.0,116.0,,,-8.0,8.0,6.896551724137931
GDN0020,TiltLevel,12,12,12,6374,6374,6912,6912,6552,6543,6614,6602,1078.0,1078.0,55.65862708719851,55.65862708719851,62,59,124.0,118.0,,,-6.0,6.0,5.084745762711865
GDN0020,TiltLevel,13,13,13,6912,6912,7431,7431,7092,7089,7156,7142,1014.0,1014.0,59.171597633136095,59.171597633136095,64,53,128.0,106.0,,,-22.0,22.0,20.754716981132077
GDN0020,TiltLevel,14,14,14,7431,7431,7913,7913,7599,7595,7659,7652,938.0,938.0,63.965884861407254,63.965884861407254,60,57,120.0,114.0,,,-6.0,6.0,5.263157894736842
GDN0020,TiltLevel,15,15,15,7913,7913,8413,8413,8068,8059,8132,8130,1034.0,1034.0,58.027079303675045,58.027079303675045,64,71,128.0,142.0,,,14.0,14.0,9.859154929577464
GDN0020,TiltLevel,16,16,16,8413,8413,8966,8966,8584,8575,8649,8647,1146.0,1146.0,52.35602094240838,52.35602094240838,65,72,130.0,144.0,,,14.0,14.0,9.722222222222223
GDN0020,TiltLevel,17,17,17,8966,8966,9515,9515,9157,9148,9220,9214,1070.0,1070.0,56.074766355140184,56.074766355140184,63,66,126.0,132.0,,,6.0,6.0,4.545454545454546
GDN0020,TiltLevel,18,18,18,9515,9515,10028,10028,9693,9690,9754,9747,1002.0,1002.0,59.880239520958085,59.880239520958085,61,57,122.0,114.0,,,-8.0,8.0,7.017543859649122
GDN0020,TiltLevel,19,19,19,10028,10028,10559,10558,10194,10185,10256,10256,1096.0,1096.0,54.74452554744525,54.74452554744525,62,71,124.0,142.0,,,18.0,18.0,12.676056338028168
GDN0020,TiltLevel,20,20,20,10559,10558,11114,11114,10741,10732,10809,10790,1116.0,1116.0,53.76344086021505,53.76344086021505,68,58,136.0,116.0,,,-20.0,20.0,17.24137931034483
GDN0020,TiltLevel,21,21,21,11114,11114,11639,11639,11300,11289,11362,11355,1014.0,1014.0,59.171597633136095,59.171597633136095,62,66,124.0,132.0,,,8.0,8.0,6.0606060606060606
GDN0020,TiltLevel,22,22,22,11639,11639,12142,12141,11806,11802,11867,11857,1004.0,1004.0,59.7609561752988,59.7609561752988,61,55,122.0,110.0,,,-12.0,12.0,10.909090909090908
GDN0020,TiltLevel,23,23,23,12142,12141,12677,12676,12308,12299,12372,12370,1106.0,1106.0,54.24954792043399,54.24954792043399,64,71,128.0,142.0,,,14.0,14.0,9.859154929577464
GDN0020,TiltLevel,24,24,24,12677,12676,13230,13230,12862,12853,12926,12914,1104.0,1104.0,54.347826086956516,54.347826086956516,64,61,128.0,122.0,,,-6.0,6.0,4.918032786885246
GDN0020,TiltLevel,25,25,25,13230,13230,13753,13753,13414,13411,13476,13476,1016.0,1016.0,59.05511811023622,59.05511811023622,62,65,124.0,130.0,,,6.0,6.0,4.615384615384616
GDN0020,TiltLevel,26,26,26,13753,13753,14267,14267,13922,13913,13983,13974,1034.0,1034.0,58.027079303675045,58.027079303675045,61,61,122.0,122.0,,,0.0,0.0,0.0
GDN0020,TiltLevel,27,27,27,14267,14267,14804,14804,14439,14430,14504,14486,1096.0,1096.0,54.74452554744525,54.74452554744525,65,56,130.0,112.0,,,-18.0,18.0,16.071428571428573
GDN0020,TiltLevel,28,28,28,14804,14804,15359,15359,14987,14978,15052,15036,1116.0,1116.0,53.76344086021505,53.76344086021505,65,58,130.0,116.0,,,-14.0,14.0,12.068965517241379
GDN0020,TiltLevel,29,29,29,15359,15359,15880,15880,15545,15542,15605,15597,1004.0,1004.0,59.7609561752988,59.7609561752988,60,55,120.0,110.0,,,-10.0,10.0,9.090909090909092
GDN0020,TiltLevel,30,30,30,15880,15880,16353,16353,16047,16039,16109,16106,914.0,914.0,65.64551422319475,65.64551422319475,62,67,124.0,134.0,,,10.0,10.0,7.462686567164178
GDN0020,TiltLevel,31,31,31,16353,16353,16836,16836,16503,16494,16566,16564,994.0,994.0,60.36217303822938,60.36217303822938,63,70,126.0,140.0,,,14.0,14.0,10.0
GDN0020,TiltLevel,32,32,32,16836,16836,17386,17386,17000,16991,17063,17064,1158.0,1158.0,51.81347150259068,51.81347150259068,63,73,126.0,146.0,,,20.0,20.0,13.698630136986301
GDN0020,TiltLevel,33,33,33,17386,17386,17959,17959,17579,17570,17642,17628,1138.0,1138.0,52.72407732864675,52.72407732864675,63,58,126.0,116.0,,,-10.0,10.0,8.620689655172415
GDN0020,TiltLevel,34,34,34,17959,17959,18498,18498,18149,18146,18209,18202,1046.0,1046.0,57.36137667304015,57.36137667304015,60,56,120.0,112.0,,,-8.0,8.0,7.142857142857142
GDN0020,TiltLevel,35,35,35,18498,18498,19059,19059,18672,18662,18737,18734,1162.0,1162.0,51.63511187607573,51.63511187607573,65,72,130.0,144.0,,,14.0,14.0,9.722222222222223
GDN0020,TiltLevel,36,36,36,19059,19059,19629,19629,19252,19244,19315,19310,1128.0,1128.0,53.19148936170213,53.19148936170213,63,66,126.0,132.0,,,6.0,6.0,4.545454545454546
GDN0020,TiltLevel,37,37,37,19629,19629,20167,20167,19816,19807,19883,19871,1050.0,1050.0,57.14285714285714,57.14285714285714,67,64,134.0,128.0,,,-6.0,6.0,4.6875
GDN0020,TiltLevel,38,38,38,20167,20167,20673,20673,20341,20338,20403,20394,992.0,992.0,60.483870967741936,60.483870967741936,62,56,124.0,112.0,,,-12.0,12.0,10.714285714285714
GDN0020,TiltLevel,39,39,39,20673,20673,21181,21181,20838,20829,20903,20892,1028.0,1028.0,58.36575875486381,58.36575875486381,65,63,130.0,126.0,,,-4.0,4.0,3.1746031746031744
GDN0020,TiltLevel,40,40,40,21181,21181,21706,21706,21351,21342,21417,21415,1062.0,1062.0,56.497175141242934,56.497175141242934,66,73,132.0,146.0,,,14.0,14.0,9.58904109589041
GDN0020,TiltLevel,41,41,41,21706,21706,22219,22219,21883,21874,21946,21932,1006.0,1006.0,59.642147117296226,59.642147117296226,63,58,126.0,116.0,,,-10.0,10.0,8.620689655172415
GDN0020,TiltLevel,42,42,42,22219,22219,22692,22692,22386,22384,22447,22438,914.0,914.0,65.64551422319475,65.64551422319475,61,54,122.0,108.0,,,-14.0,14.0,12.962962962962962
GDN0020,TiltLevel,43,43,43,22692,22692,23195,23195,22842,22833,22904,22886,1054.0,1054.0,56.92599620493358,56.92599620493358,62,53,124.0,106.0,,,-18.0,18.0,16.9811320754717
GDN0020,TiltLevel,44,44,44,23195,23195,23755,23755,23369,23360,23434,23430,1158.0,1158.0,51.81347150259068,51.81347150259068,65,70,130.0,140.0,,,10.0,10.0,7.142857142857142
GDN0020,TiltLevel,45,45,45,23755,23755,24311,24311,23948,23939,24013,24006,1086.0,1086.0,55.248618784530386,55.248618784530386,65,67,130.0,134.0,,,4.0,4.0,2.9850746268656714
GDN0020,TiltLevel,46,46,46,24311,24311,24824,24824,24492,24489,24553,24554,994.0,994.0,60.36217303822938,60.36217303822938,61,65,122.0,130.0,,,8.0,8.0,6.153846153846154
GDN0020,TiltLevel,47,47,47,24824,24824,25343,25343,24989,24980,25052,25038,1062.0,1062.0,56.497175141242934,56.497175141242934,63,58,126.0,116.0,,,-10.0,10.0,8.620689655172415
GDN0020,TiltLevel,48,48,48,25343,25343,25880,25880,25520,25511,25584,25582,1080.0,1080.0,55.55555555555555,55.55555555555555,64,71,128.0,142.0,,,14.0,14.0,9.859154929577464
GDN0020,TiltLevel,49,49,49,25880,25880,26389,26389,26059,26051,26122,26110,986.0,986.0,60.851926977687626,60.851926977687626,63,59,126.0,118.0,,,-8.0,8.0,6.779661016949152
GDN0020,TiltLevel,50,50,50,26389,26389,26856,26856,26553,26550,26615,26604,906.0,906.0,66.2251655629139,66.2251655629139,62,54,124.0,108.0,,,-16.0,16.0,14.814814814814813
GDN0020,TiltLevel,51,51,51,26856,26856,27322,27322,27005,26996,27069,27045,944.0,944.0,63.55932203389831,63.55932203389831,64,49,128.0,98.0,,,-30.0,30.0,30.612244897959183
GDN0020,TiltLevel,52,52,52,27322,27322,27848,27848,27478,27468,27539,27536,1112.0,1112.0,53.956834532374096,53.956834532374096,61,68,122.0,136.0,,,14.0,14.0,10.294117647058822
GDN0020,TiltLevel,53,53,53,27848,27848,28382,28382,28033,28030,28098,28090,1044.0,1044.0,57.47126436781609,57.47126436781609,65,60,130.0,120.0,,,-10.0,10.0,8.333333333333332
GDN0020,TiltLevel,54,54,54,28382,28382,28882,28882,28556,28553,28617,28610,976.0,976.0,61.47540983606557,61.47540983606557,61,57,122.0,114.0,,,-8.0,8.0,7.017543859649122
GDN0020,TiltLevel,55,55,55,28882,28882,29392,29392,29044,29035,29106,29105,1042.0,1042.0,57.58157389635316,57.58157389635316,62,70,124.0,140.0,,,16.0,16.0,11.428571428571429
GDN0020,TiltLevel,56,56,56,29392,29392,29913,29913,29564,29555,29629,29613,,,,,65,58,130.0,116.0,,,-14.0,14.0,12.068965517241379
GDN0021,Pause,0,0,0,123,123,587,587,278,275,340,339,928.0,928.0,64.6551724137931,64.6551724137931,62,64,124.0,128.0,,,4.0,4.0,3.125
GDN0021,Pause,1,1,1,587,587,1040,1040,742,740,800,795,896.0,896.0,66.96428571428571,66.96428571428571,58,55,116.0,110.0,,,-6.0,6.0,5.454545454545454
GDN0021,Pause,2,2,2,1040,1040,1494,1494,1190,1188,1248,1235,914.0,914.0,65.64551422319475,65.64551422319475,58,47,116.0,94.0,,,-22.0,22.0,23.404255319148938
GDN0021,Pause,3,3,3,1494,1494,1952,1952,1647,1645,1706,1701,918.0,918.0,65.359477124183,65.359477124183,59,56,118.0,112.0,,,-6.0,6.0,5.357142857142857
GDN0021,Pause,4,4,4,1952,1952,2408,2408,2106,2104,2168,2163,908.0,908.0,66.07929515418502,66.07929515418502,62,59,124.0,118.0,,,-6.0,6.0,5.084745762711865
GDN0021,Pause,5,5,5,2408,2408,2854,2854,2560,2558,2619,2609,882.0,882.0,68.02721088435374,68.02721088435374,59,51,118.0,102.0,,,-16.0,16.0,15.686274509803921
GDN0021,Pause,6,6,6,2854,2854,3296,3296,3001,2999,3065,3064,886.0,886.0,67.72009029345372,67.72009029345372,64,65,128.0,130.0,,,2.0,2.0,1.5384615384615385
GDN0021,Pause,7,7,7,3296,3296,3743,3743,3444,3442,3501,3505,898.0,898.0,66.81514476614699,66.81514476614699,57,63,114.0,126.0,,,12.0,12.0,9.523809523809524
GDN0021,Pause,8,8,8,3743,3743,4185,4185,3893,3891,3957,3944,876.0,876.0,68.4931506849315,68.4931506849315,64,53,128.0,106.0,,,-22.0,22.0,20.754716981132077
GDN0021,Pause,9,9,9,4185,4185,4623,4623,4331,4328,4389,4383,878.0,878.0,68.3371298405467,68.3371298405467,58,55,116.0,110.0,,,-6.0,6.0,5.454545454545454
GDN0021,Pause,10,10,10,4623,4623,5064,5064,4769,4768,4833,4822,882.0,882.0,68.02721088435374,68.02721088435374,64,54,128.0,108.0,,,-20.0,20.0,18.51851851851852
GDN0021,Pause,11,11,11,5064,5064,5506,5506,5212,5209,5271,5268,886.0,886.0,67.72009029345372,67.72009029345372,59,59,118.0,118.0,,,0.0,0.0,0.0
GDN0021,Pause,12,12,12,5506,5506,5949,5949,5654,5652,5714,5708,886.0,886.0,67.72009029345372,67.72009029345372,60,56,120.0,112.0,,,-8.0,8.0,7.142857142857142
GDN0021,Pause,13,13,13,5949,5949,6398,6398,6097,6095,6155,6153,906.0,906.0,66.2251655629139,66.2251655629139,58,58,116.0,116.0,,,0.0,0.0,0.0
GDN0021,Pause,14,14,14,6398,6398,6860,6860,6551,6548,6608,6601,932.0,932.0,64.37768240343347,64.37768240343347,57,53,114.0,106.0,,,-8.0,8.0,7.547169811320755
GDN0021,Pause,15,15,15,6860,6860,7323,7323,7016,7014,7075,7075,922.0,922.0,65.0759219088937,65.0759219088937,59,61,118.0,122.0,,,4.0,4.0,3.278688524590164
GDN0021,Pause,16,16,16,7323,7323,7788,7788,7477,7474,7540,7524,934.0,934.0,64.23982869379014,64.23982869379014,63,50,126.0,100.0,,,-26.0,26.0,26.0
GDN0021,Pause,17,17,17,7788,7788,8255,8255,7944,7942,8001,7990,934.0,934.0,64.23982869379014,64.23982869379014,57,48,114.0,96.0,,,-18.0,18.0,18.75
GDN0021,Pause,18,18,18,8255,8255,8713,8713,8411,8409,8470,8469,908.0,908.0,66.07929515418502,66.07929515418502,59,60,118.0,120.0,,,2.0,2.0,1.6666666666666667
GDN0021,Pause,19,19,19,8713,8713,9171,9171,8865,8863,8926,8917,920.0,920.0,65.21739130434783,65.21739130434783,61,54,122.0,108.0,,,-14.0,14.0,12.962962962962962
GDN0021,Pause,20,20,20,9171,9171,9645,9645,9325,9323,9383,9383,962.0,962.0,62.37006237006237,62.37006237006237,58,60,116.0,120.0,,,4.0,4.0,3.3333333333333335
GDN0021,Pause,21,21,21,9645,9645,10135,10135,9806,9804,9866,9861,990.0,990.0,60.60606060606061,60.60606060606061,60,57,120.0,114.0,,,-6.0,6.0,5.263157894736842
GDN0021,Pause,22,22,22,10135,10135,10640,10640,10301,10298,10361,10350,1020.0,1020.0,58.8235294117647,58.8235294117647,60,52,120.0,104.0,,,-16.0,16.0,15.384615384615385
GDN0021,Pause,23,23,23,10640,10640,11155,11155,10811,10809,10867,10850,1036.0,1036.0,57.915057915057915,57.915057915057915,56,41,112.0,82.0,,,-30.0,30.0,36.58536585365854
GDN0021,Pause,24,24,24,11155,11155,11660,11660,11329,11327,11388,11370,998.0,998.0,60.120240480961925,60.120240480961925,59,43,118.0,86.0,,,-32.0,32.0,37.2093023255814
GDN0021,Pause,25,25,25,11660,11660,12150,12150,11827,11825,11888,11873,970.0,970.0,61.855670103092784,61.855670103092784,61,48,122.0,96.0,,,-26.0,26.0,27.083333333333332
GDN0021,Pause,27,27,27,12634,12634,13106,13106,12796,12794,12856,12843,932.0,932.0,64.37768240343347,64.37768240343347,60,49,120.0,98.0,,,-22.0,22.0,22.448979591836736
GDN0021,Pause,28,28,28,13106,13106,13569,13569,13262,13260,13322,13307,922.0,922.0,65.0759219088937,65.0759219088937,60,47,120.0,94.0,,,-26.0,26.0,27.659574468085108
GDN0021,Pause,29,29,29,13569,13569,14034,14034,13722,13721,13781,13779,934.0,934.0,64.23982869379014,64.23982869379014,59,58,118.0,116.0,,,-2.0,2.0,1.7241379310344827
GDN0021,Pause,30,30,30,14034,14034,14503,14503,14191,14188,14249,14246,942.0,942.0,63.69426751592357,63.69426751592357,58,58,116.0,116.0,,,0.0,0.0,0.0
GDN0021,Pause,31,31,31,14503,14503,14969,14969,14661,14659,14724,14729,926.0,926.0,64.79481641468682,64.79481641468682,63,70,126.0,140.0,,,14.0,14.0,10.0
GDN0021,Pause,33,33,33,15433,15433,15916,15916,15589,15587,15651,15654,984.0,984.0,60.97560975609756,60.97560975609756,62,67,124.0,134.0,,,10.0,10.0,7.462686567164178
GDN0021,Pause,34,34,34,15916,15916,16395,16395,16080,16079,16139,16126,946.0,946.0,63.42494714587738,63.42494714587738,59,47,118.0,94.0,,,-24.0,24.0,25.53191489361702
GDN0021,Pause,35,35,35,16395,16395,16855,16855,16554,16552,16613,16613,904.0,904.0,66.3716814159292,66.3716814159292,59,61,118.0,122.0,,,4.0,4.0,3.278688524590164
GDN0021,Pause,36,36,36,16855,16855,17300,17300,17006,17004,17068,17068,882.0,882.0,68.02721088435374,68.02721088435374,62,64,124.0,128.0,,,4.0,4.0,3.125
GDN0021,Pause,37,37,37,17300,17300,17746,17746,17447,17445,17505,17512,898.0,898.0,66.81514476614699,66.81514476614699,58,67,116.0,134.0,,,18.0,18.0,13.432835820895523
GDN0021,Pause,38,38,38,17746,17746,18210,18210,17896,17894,17956,17958,946.0,946.0,63.42494714587738,63.42494714587738,60,64,120.0,128.0,,,8.0,8.0,6.25
GDN0021,Pause,39,39,39,18210,18210,18696,18696,18369,18367,18427,18442,984.0,984.0,60.97560975609756,60.97560975609756,58,75,116.0,150.0,,,34.0,34.0,22.666666666666664
GDN0021,Pause,40,40,40,18696,18696,19196,19196,18861,18859,18921,18917,1008.0,1008.0,59.523809523809526,59.523809523809526,60,58,120.0,116.0,,,-4.0,4.0,3.4482758620689653
GDN0021,Pause,41,41,41,19196,19196,19689,19689,19365,19363,19425,19413,976.0,976.0,61.47540983606557,61.47540983606557,60,50,120.0,100.0,,,-20.0,20.0,20.0
GDN0021,Pause,42,42,42,19689,19689,20162,20162,19852,19850,19914,19892,930.0,930.0,64.51612903225806,64.51612903225806,62,42,124.0,84.0,,,-40.0,40.0,47.61904761904761
GDN0021,Pause,43,43,43,20162,20162,20616,20616,20317,20315,20378,20388,894.0,894.0,67.11409395973155,67.11409395973155,61,73,122.0,146.0,,,24.0,24.0,16.43835616438356
GDN0021,Pause,44,44,44,20616,20616,21058,21058,20765,20763,20825,20821,880.0,880.0,68.18181818181819,68.18181818181819,60,58,120.0,116.0,,,-4.0,4.0,3.4482758620689653
GDN0021,Pause,45,45,45,21058,21058,21493,21493,21206,21203,21265,21264,864.0,864.0,69.44444444444444,69.44444444444444,59,61,118.0,122.0,,,4.0,4.0,3.278688524590164
GDN0021,Pause,46,46,46,21493,21493,21919,21919,21637,21634,21699,21683,846.0,846.0,70.92198581560284,70.92198581560284,62,49,124.0,98.0,,,-26.0,26.0,26.53061224489796
GDN0021,Pause,47,47,47,21919,21919,22355,22355,22060,22058,22119,22115,886.0,886.0,67.72009029345372,67.72009029345372,59,57,118.0,114.0,,,-4.0,4.0,3.508771929824561
GDN0021,Pause,48,48,48,22355,22355,22808,22808,22503,22501,22560,22558,916.0,916.0,65.50218340611353,65.50218340611353,57,57,114.0,114.0,,,0.0,0.0,0.0
GDN0021,Pause,49,49,49,22808,22808,23265,23265,22961,22959,23022,23013,914.0,914.0,65.64551422319475,65.64551422319475,61,54,122.0,108.0,,,-14.0,14.0,12.962962962962962
GDN0021,Pause,50,50,50,23265,23265,23719,23719,23418,23415,23478,23476,904.0,904.0,66.3716814159292,66.3716814159292,60,61,120.0,122.0,,,2.0,2.0,1.639344262295082
GDN0021,Pause,51,51,51,23719,23719,24175,24175,23870,23868,23932,23926,916.0,916.0,65.50218340611353,65.50218340611353,62,58,124.0,116.0,,,-8.0,8.0,6.896551724137931
GDN0021,Pause,52,52,52,24175,24175,24635,24635,24327,24326,24391,24391,924.0,924.0,64.93506493506493,64.93506493506493,64,65,128.0,130.0,,,2.0,2.0,1.5384615384615385
GDN0021,Pause,53,53,53,24635,24635,25084,25084,24790,24788,24847,24845,882.0,882.0,68.02721088435374,68.02721088435374,57,57,114.0,114.0,,,0.0,0.0,0.0
GDN0021,Pause,54,54,54,25084,25084,25515,25515,25231,25228,25288,25289,852.0,852.0,70.4225352112676,70.4225352112676,57,61,114.0,122.0,,,8.0,8.0,6.557377049180328
GDN0021,Pause,55,55,55,25515,25515,25940,25940,25657,25655,25720,25713,850.0,850.0,70.58823529411765,70.58823529411765,63,58,126.0,116.0,,,-10.0,10.0,8.620689655172415
GDN0021,Pause,56,56,56,25940,25940,26366,26366,26082,26080,26140,26141,852.0,852.0,70.4225352112676,70.4225352112676,58,61,116.0,122.0,,,6.0,6.0,4.918032786885246
GDN0021,Pause,57,57,57,26366,26366,26789,26789,26508,26506,26565,26570,844.0,844.0,71.09004739336493,71.09004739336493,57,64,114.0,128.0,,,14.0,14.0,10.9375
GDN0021,Pause,58,58,58,26789,26789,27232,27232,26930,26928,26992,26986,908.0,908.0,66.07929515418502,66.07929515418502,62,58,124.0,116.0,,,-8.0,8.0,6.896551724137931
GDN0021,Pause,59,59,59,27232,27232,27713,27713,27384,27382,27444,27439,990.0,990.0,60.60606060606061,60.60606060606061,60,57,120.0,114.0,,,-6.0,6.0,5.263157894736842
GDN0021,Pause,60,60,60,27713,27713,28212,28212,27879,27877,27939,27935,1004.0,1004.0,59.7609561752988,59.7609561752988,60,58,120.0,116.0,,,-4.0,4.0,3.4482758620689653
GDN0021,Pause,62,62,62,28701,28701,29178,29178,28862,28859,28921,28905,952.0,952.0,63.02521008403362,63.02521008403362,59,46,118.0,92.0,,,-26.0,26.0,28.26086956521739
GDN0021,Pause,63,63,63,29178,29178,29643,29643,29338,29336,29396,29397,916.0,916.0,65.50218340611353,65.50218340611353,58,61,116.0,122.0,,,6.0,6.0,4.918032786885246
GDN0021,Valsalva,0,0,0,93,93,545,545,244,241,307,297,904.0,904.0,66.3716814159292,66.3716814159292,63,56,126.0,112.0,,,-14.0,14.0,12.5
GDN0021,Valsalva,1,1,1,545,545,994,994,696,693,760,751,896.0,896.0,66.96428571428571,66.96428571428571,64,58,128.0,116.0,,,-12.0,12.0,10.344827586206897
GDN0021,Valsalva,2,2,2,994,994,1437,1437,1143,1141,1201,1198,880.0,880.0,68.18181818181819,68.18181818181819,58,57,116.0,114.0,,,-2.0,2.0,1.7543859649122806
GDN0021,Valsalva,3,3,3,1437,1437,1874,1874,1584,1581,1645,1637,870.0,870.0,68.96551724137932,68.96551724137932,61,56,122.0,112.0,,,-10.0,10.0,8.928571428571429
GDN0021,Valsalva,4,4,4,1874,1874,2313,2313,2019,2017,2077,2075,884.0,884.0,67.87330316742081,67.87330316742081,58,58,116.0,116.0,,,0.0,0.0,0.0
GDN0021,Valsalva,5,5,5,2313,2313,2763,2763,2461,2459,2522,2519,908.0,908.0,66.07929515418502,66.07929515418502,61,60,122.0,120.0,,,-2.0,2.0,1.6666666666666667
GDN0021,Valsalva,6,6,6,2763,2763,3218,3218,2915,2912,2975,2969,910.0,910.0,65.93406593406593,65.93406593406593,60,57,120.0,114.0,,,-6.0,6.0,5.263157894736842
GDN0021,Valsalva,8,8,8,3668,3668,4121,4121,3817,3815,3879,3876,914.0,914.0,65.64551422319475,65.64551422319475,62,61,124.0,122.0,,,-2.0,2.0,1.639344262295082
GDN0021,Valsalva,9,9,9,4121,4121,4587,4587,4274,4272,4340,4322,942.0,942.0,63.69426751592357,63.69426751592357,66,50,132.0,100.0,,,-32.0,32.0,32.0
GDN0021,Valsalva,10,10,10,4587,4587,5045,5045,4745,4742,4805,4797,902.0,902.0,66.51884700665188,66.51884700665188,60,55,120.0,110.0,,,-10.0,10.0,9.090909090909092
GDN0021,Valsalva,11,11,11,5045,5045,5490,5490,5196,5194,5261,5263,884.0,884.0,67.87330316742081,67.87330316742081,65,69,130.0,138.0,,,8.0,8.0,5.797101449275362
GDN0021,Valsalva,12,12,12,5490,5490,5941,5941,5638,5636,5700,5701,910.0,910.0,65.93406593406593,65.93406593406593,62,65,124.0,130.0,,,6.0,6.0,4.615384615384616
GDN0021,Valsalva,13,13,13,5941,5941,6398,6398,6093,6091,6158,6152,918.0,918.0,65.359477124183,65.359477124183,65,61,130.0,122.0,,,-8.0,8.0,6.557377049180328
GDN0021,Valsalva,14,14,14,6398,6398,6859,6859,6552,6549,6610,6611,924.0,924.0,64.93506493506493,64.93506493506493,58,62,116.0,124.0,,,8.0,8.0,6.451612903225806
GDN0021,Valsalva,15,15,15,6859,6859,7329,7329,7014,7012,7074,7075,948.0,948.0,63.29113924050633,63.29113924050633,60,63,120.0,126.0,,,6.0,6.0,4.761904761904762
GDN0021,Valsalva,16,16,16,7329,7329,7817,7817,7488,7485,7550,7537,992.0,992.0,60.483870967741936,60.483870967741936,62,52,124.0,104.0,,,-20.0,20.0,19.230769230769234
GDN0021,Valsalva,17,17,17,7817,7817,8317,8317,7984,7982,8043,8033,1004.0,1004.0,59.7609561752988,59.7609561752988,59,51,118.0,102.0,,,-16.0,16.0,15.686274509803921
GDN0021,Valsalva,18,18,18,8317,8317,8804,8804,8486,8484,8543,8530,956.0,956.0,62.761506276150634,62.761506276150634,57,46,114.0,92.0,,,-22.0,22.0,23.91304347826087
GDN0021,Valsalva,19,19,19,8804,8804,9271,9271,8964,8962,9025,9010,922.0,922.0,65.0759219088937,65.0759219088937,61,48,122.0,96.0,,,-26.0,26.0,27.083333333333332
GDN0021,Valsalva,20,20,20,9271,9271,9720,9720,9425,9423,9488,9483,886.0,886.0,67.72009029345372,67.72009029345372,63,60,126.0,120.0,,,-6.0,6.0,5.0
GDN0021,Valsalva,21,21,21,9720,9720,10171,10171,9868,9865,9930,9926,910.0,910.0,65.93406593406593,65.93406593406593,62,61,124.0,122.0,,,-2.0,2.0,1.639344262295082
GDN0021,Valsalva,22,22,22,10171,10171,10627,10627,10323,10321,10387,10384,914.0,914.0,65.64551422319475,65.64551422319475,64,63,128.0,126.0,,,-2.0,2.0,1.5873015873015872
GDN0021,Valsalva,23,23,23,10627,10627,11083,11083,10780,10778,10840,10845,910.0,910.0,65.93406593406593,65.93406593406593,60,67,120.0,134.0,,,14.0,14.0,10.44776119402985
GDN0021,Valsalva,24,24,24,11083,11083,11523,11523,11235,11232,11294,11287,866.0,866.0,69.28406466512702,69.28406466512702,59,55,118.0,110.0,,,-8.0,8.0,7.2727272727272725
GDN0021,Valsalva,25,25,25,11523,11523,11948,11948,11667,11665,11730,11720,840.0,840.0,71.42857142857143,71.42857142857143,63,55,126.0,110.0,,,-16.0,16.0,14.545454545454545
GDN0021,Valsalva,26,26,26,11948,11948,12369,12369,12088,12086,12148,12153,844.0,844.0,71.09004739336493,71.09004739336493,60,67,120.0,134.0,,,14.0,14.0,10.44776119402985
GDN0021,Valsalva,27,27,27,12369,12369,12795,12795,12510,12508,12573,12569,856.0,856.0,70.09345794392523,70.09345794392523,63,61,126.0,122.0,,,-4.0,4.0,3.278688524590164
GDN0021,Valsalva,28,28,28,12795,12795,13226,13226,12938,12935,12997,12998,866.0,866.0,69.28406466512702,69.28406466512702,59,63,118.0,126.0,,,8.0,8.0,6.349206349206349
GDN0021,Valsalva,29,29,29,13226,13226,13666,13666,13371,13369,13434,13429,886.0,886.0,67.72009029345372,67.72009029345372,63,60,126.0,120.0,,,-6.0,6.0,5.0
GDN0021,Valsalva,30,30,30,13666,13666,14125,14125,13815,13812,13875,13871,934.0,934.0,64.23982869379014,64.23982869379014,60,59,120.0,118.0,,,-2.0,2.0,1.694915254237288
GDN0021,Valsalva,31,31,31,14125,14125,14586,14586,14281,14278,14340,14336,918.0,918.0,65.359477124183,65.359477124183,59,58,118.0,116.0,,,-2.0,2.0,1.7241379310344827
GDN0021,Valsalva,32,32,32,14586,14586,15030,15030,14740,14738,14800,14793,872.0,872.0,68.80733944954129,68.80733944954129,60,55,120.0,110.0,,,-10.0,10.0,9.090909090909092
GDN0021,Valsalva,33,33,33,15030,15030,15468,15468,15176,15174,15239,15227,876.0,876.0,68.4931506849315,68.4931506849315,63,53,126.0,106.0,,,-20.0,20.0,18.867924528301888
GDN0021,Valsalva,34,34,34,15468,15468,15906,15906,15614,15612,15673,15678,876.0,876.0,68.4931506849315,68.4931506849315,59,66,118.0,132.0,,,14.0,14.0,10.606060606060606
GDN0021,Valsalva,35,35,35,15906,15906,16346,16346,16052,16050,16111,16089,882.0,882.0,68.02721088435374,68.02721088435374,59,39,118.0,78.0,,,-40.0,40.0,51.28205128205128
GDN0021,Valsalva,36,36,36,16346,16346,16774,16774,16493,16490,16555,16552,842.0,842.0,71.25890736342043,71.25890736342043,62,62,124.0,124.0,,,0.0,0.0,0.0
GDN0021,Valsalva,37,37,37,16774,16774,17191,17191,16914,16911,16973,16967,830.0,830.0,72.28915662650603,72.28915662650603,59,56,118.0,112.0,,,-6.0,6.0,5.357142857142857
GDN0021,Valsalva,38,38,38,17191,17191,17613,17613,17329,17326,17388,17391,852.0,852.0,70.4225352112676,70.4225352112676,59,65,118.0,130.0,,,12.0,12.0,9.230769230769232
GDN0021,Valsalva,39,39,39,17613,17613,18041,18041,17755,17753,17816,17812,858.0,858.0,69.93006993006993,69.93006993006993,61,59,122.0,118.0,,,-4.0,4.0,3.389830508474576
GDN0021,Valsalva,40,40,40,18041,18041,18449,18449,18184,18181,18244,18241,794.0,794.0,75.56675062972292,75.56675062972292,60,60,120.0,120.0,,,0.0,0.0,0.0
GDN0021,Valsalva,41,41,41,18449,18449,18836,18836,18581,18578,18643,18641,764.0,764.0,78.53403141361257,78.53403141361257,62,63,124.0,126.0,,,2.0,2.0,1.5873015873015872
GDN0021,Valsalva,42,42,42,18836,18836,19238,19238,18963,18960,19033,19017,824.0,824.0,72.81553398058253,72.81553398058253,70,57,140.0,114.0,,,-26.0,26.0,22.807017543859647
GDN0021,Valsalva,43,43,43,19238,19238,19687,19687,19375,19372,19431,19438,938.0,938.0,63.965884861407254,63.965884861407254,56,66,112.0,132.0,,,20.0,20.0,15.151515151515152
GDN0021,Valsalva,44,44,44,19687,19687,20149,20149,19844,19842,19902,19903,918.0,918.0,65.359477124183,65.359477124183,58,61,116.0,122.0,,,6.0,6.0,4.918032786885246
GDN0021,Valsalva,45,45,45,20149,20149,20601,20601,20303,20299,20364,20360,896.0,896.0,66.96428571428571,66.96428571428571,61,61,122.0,122.0,,,0.0,0.0,0.0
GDN0021,Valsalva,46,46,46,20601,20601,21039,21039,20751,20748,20813,20810,866.0,866.0,69.28406466512702,69.28406466512702,62,62,124.0,124.0,,,0.0,0.0,0.0
GDN0021,Valsalva,47,47,47,21039,21039,21463,21463,21183,21179,21245,21246,836.0,836.0,71.77033492822967,71.77033492822967,62,67,124.0,134.0,,,10.0,10.0,7.462686567164178
GDN0021,Valsalva,48,48,48,21463,21463,21861,21861,21602,21599,21665,21664,776.0,776.0,77.31958762886597,77.31958762886597,63,65,126.0,130.0,,,4.0,4.0,3.076923076923077
GDN0021,Valsalva,49,49,49,21861,21861,22234,22234,21990,21986,22049,22066,728.0,728.0,82.41758241758242,82.41758241758242,59,80,118.0,160.0,,,42.0,42.0,26.25
GDN0021,Valsalva,50,50,50,22234,22234,22588,22588,22354,22351,22414,22427,698.0,698.0,85.9598853868195,85.9598853868195,60,76,120.0,152.0,,,32.0,32.0,21.052631578947366
GDN0021,Valsalva,51,51,51,22588,22588,22933,22933,22703,22693,22764,22761,686.0,686.0,87.46355685131195,87.46355685131195,61,68,122.0,136.0,,,14.0,14.0,10.294117647058822
GDN0021,Valsalva,52,52,52,22933,22933,23271,23271,23046,23042,23109,23107,672.0,672.0,89.28571428571428,89.28571428571428,63,65,126.0,130.0,,,4.0,4.0,3.076923076923077
GDN0021,Valsalva,53,53,53,23271,23271,23605,23605,23382,23378,23446,23443,664.0,664.0,90.36144578313252,90.36144578313252,64,65,128.0,130.0,,,2.0,2.0,1.5384615384615385
GDN0021,Valsalva,54,54,54,23605,23605,23934,23934,23715,23710,23776,23776,656.0,656.0,91.46341463414633,91.46341463414633,61,66,122.0,132.0,,,10.0,10.0,7.575757575757576
GDN0021,Valsalva,55,55,55,23934,23934,24260,24260,24043,24039,24105,24113,650.0,650.0,92.3076923076923,92.3076923076923,62,74,124.0,148.0,,,24.0,24.0,16.216216216216218
GDN0021,Valsalva,56,56,56,24260,24260,24585,24585,24368,24364,24428,24438,650.0,650.0,92.3076923076923,92.3076923076923,60,74,120.0,148.0,,,28.0,28.0,18.91891891891892
GDN0021,Valsalva,57,57,57,24585,24585,24915,24915,24693,24689,24755,24755,666.0,666.0,90.09009009009009,90.09009009009009,62,66,124.0,132.0,,,8.0,8.0,6.0606060606060606
GDN0021,Valsalva,58,58,58,24915,24915,25262,25262,25026,25022,25090,25099,708.0,708.0,84.74576271186442,84.74576271186442,64,77,128.0,154.0,,,26.0,26.0,16.883116883116884
GDN0021,Valsalva,59,59,59,25262,25262,25638,25638,25379,25375,25441,25436,776.0,776.0,77.31958762886597,77.31958762886597,62,61,124.0,122.0,,,-2.0,2.0,1.639344262295082
GDN0021,Valsalva,60,60,60,25638,25638,26038,26038,25767,25763,25825,25821,812.0,812.0,73.89162561576354,73.89162561576354,58,58,116.0,116.0,,,0.0,0.0,0.0
GDN0021,Valsalva,61,61,61,26038,26038,26450,26450,26173,26170,26233,26227,832.0,832.0,72.11538461538461,72.11538461538461,60,57,120.0,114.0,,,-6.0,6.0,5.263157894736842
GDN0021,Valsalva,62,62,62,26450,26450,26867,26867,26589,26586,26651,26644,834.0,834.0,71.94244604316548,71.94244604316548,62,58,124.0,116.0,,,-8.0,8.0,6.896551724137931
GDN0021,Valsalva,63,63,63,26867,26867,27281,27281,27006,27003,27070,27068,826.0,826.0,72.63922518159806,72.63922518159806,64,65,128.0,130.0,,,2.0,2.0,1.5384615384615385
GDN0021,Valsalva,64,64,64,27281,27281,27692,27692,27419,27416,27482,27475,820.0,820.0,73.17073170731707,73.17073170731707,63,59,126.0,118.0,,,-8.0,8.0,6.779661016949152
GDN0021,Valsalva,65,65,65,27692,27692,28092,28092,27829,27826,27890,27881,788.0,788.0,76.14213197969544,76.14213197969544,61,55,122.0,110.0,,,-12.0,12.0,10.909090909090908
GDN0021,Valsalva,66,66,66,28092,28092,28497,28497,28223,28220,28282,28271,822.0,822.0,72.99270072992701,72.99270072992701,59,51,118.0,102.0,,,-16.0,16.0,15.686274509803921
GDN0021,Valsalva,67,67,67,28497,28497,28915,28915,28633,28630,28694,28689,842.0,842.0,71.25890736342043,71.25890736342043,61,59,122.0,118.0,,,-4.0,4.0,3.389830508474576
GDN0021,Valsalva,68,68,68,28915,28915,29337,29337,29056,29053,29117,29096,846.0,846.0,70.92198581560284,70.92198581560284,61,43,122.0,86.0,,,-36.0,36.0,41.86046511627907
GDN0021,Valsalva,69,69,69,29337,29337,29745,29745,29478,29475,29539,29527,800.0,800.0,75.0,75.0,61,52,122.0,104.0,,,-18.0,18.0,17.307692307692307
GDN0021,HoldingBreath,0,0,0,173,173,593,593,313,311,372,378,840.0,840.0,71.42857142857143,71.42857142857143,59,67,118.0,134.0,,,16.0,16.0,11.940298507462686
GDN0021,HoldingBreath,1,1,1,593,593,1012,1012,733,730,792,786,836.0,836.0,71.77033492822967,71.77033492822967,59,56,118.0,112.0,,,-6.0,6.0,5.357142857142857
GDN0021,HoldingBreath,2,2,2,1012,1012,1428,1428,1151,1148,1209,1213,832.0,832.0,72.11538461538461,72.11538461538461,58,65,116.0,130.0,,,14.0,14.0,10.76923076923077
GDN0021,HoldingBreath,3,3,3,1428,1428,1853,1853,1568,1565,1629,1628,858.0,858.0,69.93006993006993,69.93006993006993,61,63,122.0,126.0,,,4.0,4.0,3.1746031746031744
GDN0021,HoldingBreath,4,4,4,1853,1853,2281,2281,1996,1993,2054,2052,854.0,854.0,70.2576112412178,70.2576112412178,58,59,116.0,118.0,,,2.0,2.0,1.694915254237288
GDN0021,HoldingBreath,5,5,5,2281,2281,2712,2712,2424,2421,2482,2485,868.0,868.0,69.12442396313364,69.12442396313364,58,64,116.0,128.0,,,12.0,12.0,9.375
GDN0021,HoldingBreath,6,6,6,2712,2712,3149,3149,2858,2855,2918,2905,878.0,878.0,68.3371298405467,68.3371298405467,60,50,120.0,100.0,,,-20.0,20.0,20.0
GDN0021,HoldingBreath,7,7,7,3149,3149,3586,3586,3296,3294,3355,3351,870.0,870.0,68.96551724137932,68.96551724137932,59,57,118.0,114.0,,,-4.0,4.0,3.508771929824561
GDN0021,HoldingBreath,8,8,8,3586,3586,4021,4021,3732,3729,3793,3781,872.0,872.0,68.80733944954129,68.80733944954129,61,52,122.0,104.0,,,-18.0,18.0,17.307692307692307
GDN0021,HoldingBreath,9,9,9,4021,4021,4448,4448,4167,4165,4227,4219,844.0,844.0,71.09004739336493,71.09004739336493,60,54,120.0,108.0,,,-12.0,12.0,11.11111111111111
GDN0021,HoldingBreath,10,10,10,4448,4448,4862,4862,4590,4587,4647,4642,820.0,820.0,73.17073170731707,73.17073170731707,57,55,114.0,110.0,,,-4.0,4.0,3.6363636363636362
GDN0021,HoldingBreath,11,11,11,4862,4862,5273,5273,4999,4997,5059,5051,822.0,822.0,72.99270072992701,72.99270072992701,60,54,120.0,108.0,,,-12.0,12.0,11.11111111111111
GDN0021,HoldingBreath,12,12,12,5273,5273,5671,5671,5409,5407,5470,5467,782.0,782.0,76.72634271099744,76.72634271099744,61,60,122.0,120.0,,,-2.0,2.0,1.6666666666666667
GDN0021,HoldingBreath,13,13,13,5671,5671,6047,6047,5801,5798,5864,5854,736.0,736.0,81.52173913043478,81.52173913043478,63,56,126.0,112.0,,,-14.0,14.0,12.5
GDN0021,HoldingBreath,14,14,14,6047,6047,6422,6422,6169,6166,6232,6233,756.0,756.0,79.36507936507937,79.36507936507937,63,67,126.0,134.0,,,8.0,8.0,5.970149253731343
GDN0021,HoldingBreath,15,15,15,6422,6422,6837,6837,6547,6544,6606,6609,872.0,872.0,68.80733944954129,68.80733944954129,59,65,118.0,130.0,,,12.0,12.0,9.230769230769232
GDN0021,HoldingBreath,16,16,16,6837,6837,7269,7269,6983,6980,7042,7044,858.0,858.0,69.93006993006993,69.93006993006993,59,64,118.0,128.0,,,10.0,10.0,7.8125
GDN0021,HoldingBreath,17,17,17,7269,7269,7695,7694,7411,7409,7474,7463,848.0,848.0,70.75471698113208,70.75471698113208,63,54,126.0,108.0,,,-18.0,18.0,16.666666666666664
GDN0021,HoldingBreath,18,18,18,7695,7694,8120,8120,7835,7833,7895,7894,852.0,852.0,70.4225352112676,70.4225352112676,60,61,120.0,122.0,,,2.0,2.0,1.639344262295082
GDN0021,HoldingBreath,19,19,19,8120,8120,8530,8530,8262,8259,8322,8310,804.0,804.0,74.62686567164178,74.62686567164178,60,51,120.0,102.0,,,-18.0,18.0,17.647058823529413
GDN0021,HoldingBreath,20,20,20,8530,8530,8943,8943,8664,8661,8726,8723,836.0,836.0,71.77033492822967,71.77033492822967,62,62,124.0,124.0,,,0.0,0.0,0.0
GDN0021,HoldingBreath,21,21,21,8943,8943,9370,9370,9082,9079,9137,9141,864.0,864.0,69.44444444444444,69.44444444444444,55,62,110.0,124.0,,,14.0,14.0,11.29032258064516
GDN0021,HoldingBreath,22,22,22,9370,9370,9794,9794,9514,9511,9576,9563,840.0,840.0,71.42857142857143,71.42857142857143,62,52,124.0,104.0,,,-20.0,20.0,19.230769230769234
GDN0021,HoldingBreath,23,23,23,9794,9794,10208,10208,9934,9931,9992,9989,822.0,822.0,72.99270072992701,72.99270072992701,58,58,116.0,116.0,,,0.0,0.0,0.0
GDN0021,HoldingBreath,24,24,24,10208,10208,10614,10614,10345,10342,10403,10407,806.0,806.0,74.44168734491315,74.44168734491315,58,65,116.0,130.0,,,14.0,14.0,10.76923076923077
GDN0021,HoldingBreath,25,25,25,10614,10614,11014,11014,10747,10745,10808,10805,796.0,796.0,75.37688442211055,75.37688442211055,61,60,122.0,120.0,,,-2.0,2.0,1.6666666666666667
GDN0021,HoldingBreath,26,26,26,11014,11014,11418,11418,11146,11143,11203,11205,816.0,816.0,73.52941176470588,73.52941176470588,57,62,114.0,124.0,,,10.0,10.0,8.064516129032258
GDN0021,HoldingBreath,27,27,27,11418,11418,11802,11802,11554,11551,11612,11605,742.0,742.0,80.86253369272237,80.86253369272237,58,54,116.0,108.0,,,-8.0,8.0,7.4074074074074066
GDN0021,HoldingBreath,28,28,28,11802,11802,12161,12161,11925,11922,11979,11983,704.0,704.0,85.22727272727273,85.22727272727273,54,61,108.0,122.0,,,14.0,14.0,11.475409836065573
GDN0021,HoldingBreath,29,29,29,12161,12161,12522,12522,12277,12274,12342,12341,732.0,732.0,81.9672131147541,81.9672131147541,65,67,130.0,134.0,,,4.0,4.0,2.9850746268656714
GDN0021,HoldingBreath,30,30,30,12522,12522,12892,12892,12643,12640,12704,12701,744.0,744.0,80.64516129032258,80.64516129032258,61,61,122.0,122.0,,,0.0,0.0,0.0
GDN0021,HoldingBreath,31,31,31,12892,12892,13259,13259,13015,13012,13071,13073,730.0,730.0,82.19178082191782,82.19178082191782,56,61,112.0,122.0,,,10.0,10.0,8.19672131147541
GDN0021,HoldingBreath,32,32,32,13259,13259,13626,13626,13380,13377,13442,13434,736.0,736.0,81.52173913043478,81.52173913043478,62,57,124.0,114.0,,,-10.0,10.0,8.771929824561402
GDN0021,HoldingBreath,33,33,33,13626,13626,13988,13988,13748,13745,13809,13807,718.0,718.0,83.56545961002786,83.56545961002786,61,62,122.0,124.0,,,2.0,2.0,1.6129032258064515
GDN0021,HoldingBreath,34,34,34,13988,13988,14351,14351,14108,14105,14167,14169,730.0,730.0,82.19178082191782,82.19178082191782,59,64,118.0,128.0,,,10.0,10.0,7.8125
GDN0021,HoldingBreath,35,35,35,14351,14351,14727,14727,14472,14469,14529,14529,762.0,762.0,78.74015748031496,78.74015748031496,57,60,114.0,120.0,,,6.0,6.0,5.0
GDN0021,HoldingBreath,36,36,36,14727,14727,15126,15126,14854,14851,14914,14909,818.0,818.0,73.34963325183375,73.34963325183375,60,58,120.0,116.0,,,-4.0,4.0,3.4482758620689653
GDN0021,HoldingBreath,37,37,37,15126,15126,15557,15557,15262,15259,15322,15319,886.0,886.0,67.72009029345372,67.72009029345372,60,60,120.0,120.0,,,0.0,0.0,0.0
GDN0021,HoldingBreath,38,38,38,15557,15557,16004,16004,15705,15702,15766,15760,898.0,898.0,66.81514476614699,66.81514476614699,61,58,122.0,116.0,,,-6.0,6.0,5.172413793103448
GDN0021,HoldingBreath,39,39,39,16004,16004,16446,16446,16154,16151,16208,16202,878.0,878.0,68.3371298405467,68.3371298405467,54,51,108.0,102.0,,,-6.0,6.0,5.88235294117647
GDN0021,HoldingBreath,40,40,40,16446,16446,16866,16866,16593,16590,16652,16644,820.0,820.0,73.17073170731707,73.17073170731707,59,54,118.0,108.0,,,-10.0,10.0,9.25925925925926
GDN0021,HoldingBreath,41,41,41,16866,16866,17276,17276,17003,17001,17062,17062,820.0,820.0,73.17073170731707,73.17073170731707,59,61,118.0,122.0,,,4.0,4.0,3.278688524590164
GDN0021,HoldingBreath,42,42,42,17276,17276,17686,17686,17414,17411,17476,17472,820.0,820.0,73.17073170731707,73.17073170731707,62,61,124.0,122.0,,,-2.0,2.0,1.639344262295082
GDN0021,HoldingBreath,43,43,43,17686,17686,18096,18096,17823,17821,17883,17883,818.0,818.0,73.34963325183375,73.34963325183375,60,62,120.0,124.0,,,4.0,4.0,3.225806451612903
GDN0021,HoldingBreath,44,44,44,18096,18096,18490,18490,18232,18229,18289,18291,772.0,772.0,77.720207253886,77.720207253886,57,62,114.0,124.0,,,10.0,10.0,8.064516129032258
GDN0021,HoldingBreath,45,45,45,18490,18490,18865,18865,18618,18615,18684,18668,738.0,738.0,81.30081300813008,81.30081300813008,66,53,132.0,106.0,,,-26.0,26.0,24.528301886792452
GDN0021,HoldingBreath,46,46,46,18865,18865,19242,19242,18987,18984,19047,19042,764.0,764.0,78.53403141361257,78.53403141361257,60,58,120.0,116.0,,,-4.0,4.0,3.4482758620689653
GDN0021,HoldingBreath,47,47,47,19242,19242,19657,19657,19369,19366,19432,19434,866.0,866.0,69.28406466512702,69.28406466512702,63,68,126.0,136.0,,,10.0,10.0,7.352941176470589
GDN0021,HoldingBreath,48,48,48,19657,19657,20096,20096,19802,19800,19862,19859,882.0,882.0,68.02721088435374,68.02721088435374,60,59,120.0,118.0,,,-2.0,2.0,1.694915254237288
GDN0021,HoldingBreath,49,49,49,20096,20096,20532,20532,20243,20240,20302,20318,868.0,868.0,69.12442396313364,69.12442396313364,59,78,118.0,156.0,,,38.0,38.0,24.358974358974358
GDN0021,HoldingBreath,50,50,50,20532,20532,20958,20958,20677,20674,20736,20735,844.0,844.0,71.09004739336493,71.09004739336493,59,61,118.0,122.0,,,4.0,4.0,3.278688524590164
GDN0021,HoldingBreath,51,51,51,20958,20958,21374,21374,21099,21097,21156,21165,824.0,824.0,72.81553398058253,72.81553398058253,57,68,114.0,136.0,,,22.0,22.0,16.176470588235293
GDN0021,HoldingBreath,52,52,52,21374,21374,21793,21793,21511,21508,21571,21571,846.0,846.0,70.92198581560284,70.92198581560284,60,63,120.0,126.0,,,6.0,6.0,4.761904761904762
GDN0021,HoldingBreath,53,53,53,21793,21793,22211,22211,21934,21932,21998,21989,832.0,832.0,72.11538461538461,72.11538461538461,64,57,128.0,114.0,,,-14.0,14.0,12.280701754385964
GDN0021,HoldingBreath,54,54,54,22211,22211,22619,22619,22350,22347,22406,22410,806.0,806.0,74.44168734491315,74.44168734491315,56,63,112.0,126.0,,,14.0,14.0,11.11111111111111
GDN0021,HoldingBreath,55,55,55,22619,22619,23012,23012,22753,22751,22818,22810,776.0,776.0,77.31958762886597,77.31958762886597,65,59,130.0,118.0,,,-12.0,12.0,10.16949152542373
GDN0021,HoldingBreath,56,56,56,23012,23012,23400,23400,23141,23139,23200,23213,776.0,776.0,77.31958762886597,77.31958762886597,59,74,118.0,148.0,,,30.0,30.0,20.27027027027027
GDN0021,HoldingBreath,57,57,57,23400,23400,23788,23788,23529,23526,23591,23587,774.0,774.0,77.51937984496124,77.51937984496124,62,61,124.0,122.0,,,-2.0,2.0,1.639344262295082
GDN0021,HoldingBreath,58,58,58,23788,23788,24187,24187,23916,23913,23978,23973,812.0,812.0,73.89162561576354,73.89162561576354,62,60,124.0,120.0,,,-4.0,4.0,3.3333333333333335
GDN0021,HoldingBreath,59,59,59,24187,24187,24616,24616,24322,24319,24385,24391,884.0,884.0,67.87330316742081,67.87330316742081,63,72,126.0,144.0,,,18.0,18.0,12.5
GDN0021,HoldingBreath,60,60,60,24616,24616,25065,25065,24764,24761,24817,24820,904.0,904.0,66.3716814159292,66.3716814159292,53,59,106.0,118.0,,,12.0,12.0,10.16949152542373
GDN0021,HoldingBreath,61,61,61,25065,25065,25525,25525,25216,25213,25271,25291,930.0,930.0,64.51612903225806,64.51612903225806,55,78,110.0,156.0,,,46.0,46.0,29.48717948717949
GDN0021,HoldingBreath,62,62,62,25525,25525,25983,25983,25681,25678,25737,25741,908.0,908.0,66.07929515418502,66.07929515418502,56,63,112.0,126.0,,,14.0,14.0,11.11111111111111
GDN0021,HoldingBreath,63,63,63,25983,25983,26438,26438,26135,26133,26199,26180,910.0,910.0,65.93406593406593,65.93406593406593,64,47,128.0,94.0,,,-34.0,34.0,36.17021276595745
GDN0021,HoldingBreath,64,64,64,26438,26438,26883,26883,26589,26587,26645,26660,880.0,880.0,68.18181818181819,68.18181818181819,56,73,112.0,146.0,,,34.0,34.0,23.28767123287671
GDN0021,HoldingBreath,65,65,65,26883,26883,27302,27302,27030,27028,27092,27083,816.0,816.0,73.52941176470588,73.52941176470588,62,55,124.0,110.0,,,-14.0,14.0,12.727272727272727
GDN0021,HoldingBreath,66,66,66,27302,27302,27701,27701,27438,27435,27498,27490,788.0,788.0,76.14213197969544,76.14213197969544,60,55,120.0,110.0,,,-10.0,10.0,9.090909090909092
GDN0021,HoldingBreath,67,67,67,27701,27701,28091,28091,27831,27829,27896,27888,774.0,774.0,77.51937984496124,77.51937984496124,65,59,130.0,118.0,,,-12.0,12.0,10.16949152542373
GDN0021,HoldingBreath,68,68,68,28091,28091,28486,28486,28219,28217,28281,28279,800.0,800.0,75.0,75.0,62,62,124.0,124.0,,,0.0,0.0,0.0
GDN0021,HoldingBreath,69,69,69,28486,28486,28888,28888,28618,28616,28676,28679,806.0,806.0,74.44168734491315,74.44168734491315,58,63,116.0,126.0,,,10.0,10.0,7.936507936507936
GDN0021,HoldingBreath,70,70,70,28888,28888,29296,29296,29022,29019,29086,29078,820.0,820.0,73.17073170731707,73.17073170731707,64,59,128.0,118.0,,,-10.0,10.0,8.47457627118644
GDN0021,HoldingBreath,71,71,71,29296,29296,29697,29697,29433,29430,29491,29481,794.0,794.0,75.56675062972292,75.56675062972292,58,51,116.0,102.0,,,-14.0,14.0,13.725490196078432
GDN0021,TiltUp,0,0,0,237,237,662,662,379,377,444,437,850.0,850.0,70.58823529411765,70.58823529411765,65,60,130.0,120.0,,,-10.0,10.0,8.333333333333332
GDN0021,TiltUp,1,1,1,662,662,1091,1091,804,802,869,872,862.0,862.0,69.60556844547564,69.60556844547564,65,70,130.0,140.0,,,10.0,10.0,7.142857142857142
GDN0021,TiltUp,2,2,2,1091,1091,1522,1522,1235,1232,1292,1307,860.0,860.0,69.76744186046511,69.76744186046511,57,75,114.0,150.0,,,36.0,36.0,24.0
GDN0021,TiltUp,3,3,3,1522,1522,1952,1952,1664,1662,1729,1731,860.0,860.0,69.76744186046511,69.76744186046511,65,69,130.0,138.0,,,8.0,8.0,5.797101449275362
GDN0021,TiltUp,4,4,4,1952,1952,2379,2379,2095,2093,2158,2163,852.0,852.0,70.4225352112676,70.4225352112676,63,70,126.0,140.0,,,14.0,14.0,10.0
GDN0021,TiltUp,5,5,5,2379,2379,2779,2779,2521,2519,2591,2598,772.0,772.0,77.720207253886,77.720207253886,70,79,140.0,158.0,,,18.0,18.0,11.39240506329114
GDN0021,TiltUp,6,6,6,2779,2779,3142,3142,2907,2904,2977,2974,702.0,702.0,85.47008547008548,85.47008547008548,70,70,140.0,140.0,,,0.0,0.0,0.0
GDN0021,TiltUp,7,7,7,3142,3142,3495,3495,3259,3256,3325,3339,708.0,708.0,84.74576271186442,84.74576271186442,66,83,132.0,166.0,,,34.0,34.0,20.481927710843372
GDN0021,TiltUp,8,8,8,3495,3495,3865,3865,3612,3609,3674,3666,756.0,756.0,79.36507936507937,79.36507936507937,62,57,124.0,114.0,,,-10.0,10.0,8.771929824561402
GDN0021,TiltUp,9,9,9,3865,3865,4275,4275,3990,3987,4048,4050,854.0,854.0,70.2576112412178,70.2576112412178,58,63,116.0,126.0,,,10.0,10.0,7.936507936507936
GDN0021,TiltUp,10,10,10,4275,4275,4690,4690,4417,4414,4475,4468,818.0,818.0,73.34963325183375,73.34963325183375,58,54,116.0,108.0,,,-8.0,8.0,7.4074074074074066
GDN0021,TiltUp,11,11,11,4690,4690,5081,5081,4826,4823,4888,4888,764.0,764.0,78.53403141361257,78.53403141361257,62,65,124.0,130.0,,,6.0,6.0,4.615384615384616
GDN0021,TiltUp,12,12,12,5081,5081,5466,5466,5207,5204,5271,5270,772.0,772.0,77.720207253886,77.720207253886,64,66,128.0,132.0,,,4.0,4.0,3.0303030303030303
GDN0021,TiltUp,13,13,13,5466,5466,5850,5850,5594,5591,5653,5652,766.0,766.0,78.32898172323759,78.32898172323759,59,61,118.0,122.0,,,4.0,4.0,3.278688524590164
GDN0021,TiltUp,14,14,14,5850,5850,6229,6229,5977,5974,6039,6032,754.0,754.0,79.57559681697613,79.57559681697613,62,58,124.0,116.0,,,-8.0,8.0,6.896551724137931
GDN0021,TiltUp,15,15,15,6229,6229,6604,6604,6355,6352,6412,6401,748.0,748.0,80.21390374331551,80.21390374331551,57,49,114.0,98.0,,,-16.0,16.0,16.3265306122449
GDN0021,TiltUp,16,16,16,6604,6604,6974,6974,6729,6726,6788,6788,736.0,736.0,81.52173913043478,81.52173913043478,59,62,118.0,124.0,,,6.0,6.0,4.838709677419355
GDN0021,TiltUp,17,17,17,6974,6974,7334,7334,7096,7093,7156,7153,712.0,712.0,84.26966292134831,84.26966292134831,60,60,120.0,120.0,,,0.0,0.0,0.0
GDN0021,TiltUp,18,18,18,7334,7334,7694,7694,7452,7449,7516,7510,722.0,722.0,83.10249307479225,83.10249307479225,64,61,128.0,122.0,,,-6.0,6.0,4.918032786885246
GDN0021,TiltUp,19,19,19,7694,7694,8067,8067,7814,7811,7873,7873,760.0,760.0,78.94736842105263,78.94736842105263,59,62,118.0,124.0,,,6.0,6.0,4.838709677419355
GDN0021,TiltUp,20,20,20,8067,8067,8462,8462,8193,8190,8259,8266,806.0,806.0,74.44168734491315,74.44168734491315,66,76,132.0,152.0,,,20.0,20.0,13.157894736842104
GDN0021,TiltUp,21,21,21,8462,8462,8858,8858,8596,8594,8661,8657,784.0,784.0,76.53061224489795,76.53061224489795,65,63,130.0,126.0,,,-4.0,4.0,3.1746031746031744
GDN0021,TiltUp,22,22,22,8858,8858,9252,9252,8988,8985,9050,9044,790.0,790.0,75.94936708860759,75.94936708860759,62,59,124.0,118.0,,,-6.0,6.0,5.084745762711865
GDN0021,TiltUp,23,23,23,9252,9252,9657,9657,9384,9381,9443,9447,822.0,822.0,72.99270072992701,72.99270072992701,59,66,118.0,132.0,,,14.0,14.0,10.606060606060606
GDN0021,TiltUp,24,24,24,9657,9657,10082,10082,9795,9792,9857,9859,864.0,864.0,69.44444444444444,69.44444444444444,62,67,124.0,134.0,,,10.0,10.0,7.462686567164178
GDN0021,TiltUp,25,25,25,10082,10082,10505,10505,10226,10223,10290,10286,836.0,836.0,71.77033492822967,71.77033492822967,64,63,128.0,126.0,,,-2.0,2.0,1.5873015873015872
GDN0021,TiltUp,26,26,26,10505,10505,10915,10915,10644,10641,10706,10705,812.0,812.0,73.89162561576354,73.89162561576354,62,64,124.0,128.0,,,4.0,4.0,3.125
GDN0021,TiltUp,27,27,27,10915,10915,11325,11325,11050,11047,11111,11108,824.0,824.0,72.81553398058253,72.81553398058253,61,61,122.0,122.0,,,0.0,0.0,0.0
GDN0021,TiltUp,28,28,28,11325,11325,11743,11743,11463,11460,11528,11527,844.0,844.0,71.09004739336493,71.09004739336493,65,67,130.0,134.0,,,4.0,4.0,2.9850746268656714
GDN0021,TiltUp,29,29,29,11743,11743,12159,12159,11884,11881,11944,11948,826.0,826.0,72.63922518159806,72.63922518159806,60,67,120.0,134.0,,,14.0,14.0,10.44776119402985
GDN0021,TiltUp,30,30,30,12159,12159,12575,12575,12297,12294,12361,12354,834.0,834.0,71.94244604316548,71.94244604316548,64,60,128.0,120.0,,,-8.0,8.0,6.666666666666667
GDN0021,TiltUp,31,31,31,12575,12575,13003,13003,12714,12712,12781,12778,868.0,868.0,69.12442396313364,69.12442396313364,67,66,134.0,132.0,,,-2.0,2.0,1.5151515151515151
GDN0021,TiltUp,32,32,32,13003,13003,13444,13444,13148,13146,13214,13214,888.0,888.0,67.56756756756756,67.56756756756756,66,68,132.0,136.0,,,4.0,4.0,2.941176470588235
GDN0021,TiltUp,33,33,33,13444,13444,13882,13882,13593,13590,13654,13645,870.0,870.0,68.96551724137932,68.96551724137932,61,55,122.0,110.0,,,-12.0,12.0,10.909090909090908
GDN0021,TiltUp,34,34,34,13882,13882,14317,14317,14027,14025,14092,14086,872.0,872.0,68.80733944954129,68.80733944954129,65,61,130.0,122.0,,,-8.0,8.0,6.557377049180328
GDN0021,TiltUp,35,35,35,14317,14317,14764,14764,14463,14461,14527,14530,906.0,906.0,66.2251655629139,66.2251655629139,64,69,128.0,138.0,,,10.0,10.0,7.246376811594203
GDN0021,TiltUp,36,36,36,14764,14764,15216,15216,14917,14914,14978,14980,902.0,902.0,66.51884700665188,66.51884700665188,61,66,122.0,132.0,,,10.0,10.0,7.575757575757576
GDN0021,TiltUp,37,37,37,15216,15216,15656,15656,15367,15364,15431,15429,868.0,868.0,69.12442396313364,69.12442396313364,64,65,128.0,130.0,,,2.0,2.0,1.5384615384615385
GDN0021,TiltUp,38,38,38,15656,15656,16089,16089,15801,15798,15861,15858,866.0,866.0,69.28406466512702,69.28406466512702,60,60,120.0,120.0,,,0.0,0.0,0.0
GDN0021,TiltUp,39,39,39,16089,16089,16520,16520,16234,16232,16296,16294,858.0,858.0,69.93006993006993,69.93006993006993,62,62,124.0,124.0,,,0.0,0.0,0.0
GDN0021,TiltUp,40,40,40,16520,16520,16946,16946,16663,16661,16721,16726,850.0,850.0,70.58823529411765,70.58823529411765,58,65,116.0,130.0,,,14.0,14.0,10.76923076923077
GDN0021,TiltUp,41,41,41,16946,16946,17377,17377,17088,17085,17147,17151,868.0,868.0,69.12442396313364,69.12442396313364,59,66,118.0,132.0,,,14.0,14.0,10.606060606060606
GDN0021,TiltUp,42,42,42,17377,17377,17822,17822,17522,17520,17585,17590,900.0,900.0,66.66666666666667,66.66666666666667,63,70,126.0,140.0,,,14.0,14.0,10.0
GDN0021,TiltUp,43,43,43,17822,17822,18264,18264,17972,17970,18034,18010,878.0,878.0,68.3371298405467,68.3371298405467,62,40,124.0,80.0,,,-44.0,44.0,55.00000000000001
GDN0021,TiltUp,44,44,44,18264,18264,18703,18703,18411,18408,18471,18466,878.0,878.0,68.3371298405467,68.3371298405467,60,58,120.0,116.0,,,-4.0,4.0,3.4482758620689653
GDN0021,TiltUp,45,45,45,18703,18703,19145,19145,18850,18847,18907,18907,886.0,886.0,67.72009029345372,67.72009029345372,57,60,114.0,120.0,,,6.0,6.0,5.0
GDN0021,TiltUp,46,46,46,19145,19145,19592,19592,19293,19291,19358,19352,900.0,900.0,66.66666666666667,66.66666666666667,65,61,130.0,122.0,,,-8.0,8.0,6.557377049180328
GDN0021,TiltUp,47,47,47,19592,19592,20039,20039,19743,19741,19808,19806,890.0,890.0,67.41573033707866,67.41573033707866,65,65,130.0,130.0,,,0.0,0.0,0.0
GDN0021,TiltUp,48,48,48,20039,20039,20484,20484,20188,20185,20249,20249,890.0,890.0,67.41573033707866,67.41573033707866,61,64,122.0,128.0,,,6.0,6.0,4.6875
GDN0021,TiltUp,49,49,49,20484,20484,20934,20934,20632,20630,20697,20697,906.0,906.0,66.2251655629139,66.2251655629139,65,67,130.0,134.0,,,4.0,4.0,2.9850746268656714
GDN0021,TiltUp,50,50,50,20934,20934,21392,21392,21086,21084,21145,21145,920.0,920.0,65.21739130434783,65.21739130434783,59,61,118.0,122.0,,,4.0,4.0,3.278688524590164
GDN0021,TiltUp,51,51,51,21392,21392,21855,21855,21546,21544,21610,21604,930.0,930.0,64.51612903225806,64.51612903225806,64,60,128.0,120.0,,,-8.0,8.0,6.666666666666667
GDN0021,TiltUp,52,52,52,21855,21855,22321,22321,22011,22009,22071,22068,932.0,932.0,64.37768240343347,64.37768240343347,60,59,120.0,118.0,,,-2.0,2.0,1.694915254237288
GDN0021,TiltUp,53,53,53,22321,22321,22788,22788,22477,22475,22540,22534,934.0,934.0,64.23982869379014,64.23982869379014,63,59,126.0,118.0,,,-8.0,8.0,6.779661016949152
GDN0021,TiltUp,54,54,54,22788,22788,23247,23247,22944,22942,23006,22998,910.0,910.0,65.93406593406593,65.93406593406593,62,56,124.0,112.0,,,-12.0,12.0,10.714285714285714
GDN0021,TiltUp,55,55,55,23247,23247,23689,23689,23399,23396,23459,23457,872.0,872.0,68.80733944954129,68.80733944954129,60,61,120.0,122.0,,,2.0,2.0,1.639344262295082
GDN0021,TiltUp,56,56,56,23689,23689,24119,24119,23835,23832,23893,23900,852.0,852.0,70.4225352112676,70.4225352112676,58,68,116.0,136.0,,,20.0,20.0,14.705882352941178
GDN0021,TiltUp,57,57,57,24119,24119,24538,24538,24261,24259,24320,24320,832.0,832.0,72.11538461538461,72.11538461538461,59,61,118.0,122.0,,,4.0,4.0,3.278688524590164
GDN0021,TiltUp,58,58,58,24538,24538,24953,24953,24677,24674,24738,24738,828.0,828.0,72.46376811594203,72.46376811594203,61,64,122.0,128.0,,,6.0,6.0,4.6875
GDN0021,TiltUp,59,59,59,24953,24953,25364,25364,25091,25088,25153,25143,820.0,820.0,73.17073170731707,73.17073170731707,62,55,124.0,110.0,,,-14.0,14.0,12.727272727272727
GDN0021,TiltUp,60,60,60,25364,25364,25774,25774,25501,25499,25561,25561,818.0,818.0,73.34963325183375,73.34963325183375,60,62,120.0,124.0,,,4.0,4.0,3.225806451612903
GDN0021,TiltUp,61,61,61,25774,25774,26182,26182,25910,25907,25973,25961,814.0,814.0,73.71007371007371,73.71007371007371,63,54,126.0,108.0,,,-18.0,18.0,16.666666666666664
GDN0021,TiltUp,62,62,62,26182,26182,26580,26580,26317,26315,26379,26380,788.0,788.0,76.14213197969544,76.14213197969544,62,65,124.0,130.0,,,6.0,6.0,4.615384615384616
GDN0021,TiltUp,63,63,63,26580,26580,26979,26979,26711,26709,26767,26773,802.0,802.0,74.81296758104737,74.81296758104737,56,64,112.0,128.0,,,16.0,16.0,12.5
GDN0021,TiltUp,64,64,64,26979,26979,27368,27368,27112,27110,27175,27178,766.0,766.0,78.32898172323759,78.32898172323759,63,68,126.0,136.0,,,10.0,10.0,7.352941176470589
GDN0021,TiltUp,65,65,65,27368,27368,27746,27746,27495,27492,27558,27548,750.0,750.0,80.0,80.0,63,56,126.0,112.0,,,-14.0,14.0,12.5
GDN0021,TiltUp,66,66,66,27746,27746,28099,28099,27870,27867,27927,27932,684.0,684.0,87.71929824561403,87.71929824561403,57,65,114.0,130.0,,,16.0,16.0,12.307692307692308
GDN0021,TiltUp,67,67,67,28099,28099,28435,28435,28212,28209,28274,28276,666.0,666.0,90.09009009009009,90.09009009009009,62,67,124.0,134.0,,,10.0,10.0,7.462686567164178
GDN0021,TiltUp,68,68,68,28435,28435,28780,28780,28545,28542,28612,28609,700.0,700.0,85.71428571428572,85.71428571428572,67,67,134.0,134.0,,,0.0,0.0,0.0
GDN0021,TiltUp,69,69,69,28780,28780,29156,29156,28896,28893,28955,28961,782.0,782.0,76.72634271099744,76.72634271099744,59,68,118.0,136.0,,,18.0,18.0,13.23529411764706
GDN0021,TiltUp,70,70,70,29156,29156,29560,29560,29286,29283,29349,29347,820.0,820.0,73.17073170731707,73.17073170731707,63,64,126.0,128.0,,,2.0,2.0,1.5625
GDN0021,TiltUp,71,71,71,29560,29560,29970,29970,29696,29693,29754,29754,,,,,58,61,116.0,122.0,,,6.0,6.0,4.918032786885246
GDN0021,TiltLevel,0,0,0,344,344,760,760,483,480,547,546,832.0,832.0,72.11538461538461,72.11538461538461,64,66,128.0,132.0,,,4.0,4.0,3.0303030303030303
GDN0021,TiltLevel,1,1,1,760,760,1184,1184,899,897,963,960,856.0,856.0,70.09345794392523,70.09345794392523,64,63,128.0,126.0,,,-2.0,2.0,1.5873015873015872
GDN0021,TiltLevel,2,2,2,1184,1184,1605,1605,1327,1324,1386,1390,834.0,834.0,71.94244604316548,71.94244604316548,59,66,118.0,132.0,,,14.0,14.0,10.606060606060606
GDN0021,TiltLevel,3,3,3,1605,1605,2017,2017,1744,1742,1804,1812,818.0,818.0,73.34963325183375,73.34963325183375,60,70,120.0,140.0,,,20.0,20.0,14.285714285714285
GDN0021,TiltLevel,4,4,4,2017,2017,2432,2432,2153,2150,2213,2211,838.0,838.0,71.59904534606206,71.59904534606206,60,61,120.0,122.0,,,2.0,2.0,1.639344262295082
GDN0021,TiltLevel,5,5,5,2432,2432,2846,2845,2572,2569,2635,2638,820.0,820.0,73.17073170731707,73.17073170731707,63,69,126.0,138.0,,,12.0,12.0,8.695652173913043
GDN0021,TiltLevel,6,6,6,2846,2845,3249,3249,2982,2979,3042,3045,800.0,800.0,75.0,75.0,60,66,120.0,132.0,,,12.0,12.0,9.090909090909092
GDN0021,TiltLevel,7,7,7,3249,3249,3647,3647,3382,3379,3448,3450,794.0,794.0,75.56675062972292,75.56675062972292,66,71,132.0,142.0,,,10.0,10.0,7.042253521126761
GDN0021,TiltLevel,8,8,8,3647,3647,4054,4054,3780,3777,3849,3843,826.0,826.0,72.63922518159806,72.63922518159806,69,66,138.0,132.0,,,-6.0,6.0,4.545454545454546
GDN0021,TiltLevel,9,9,9,4054,4054,4476,4476,4192,4189,4256,4252,852.0,852.0,70.4225352112676,70.4225352112676,64,63,128.0,126.0,,,-2.0,2.0,1.5873015873015872
GDN0021,TiltLevel,10,10,10,4476,4476,4916,4916,4618,4615,4681,4673,896.0,896.0,66.96428571428571,66.96428571428571,63,58,126.0,116.0,,,-10.0,10.0,8.620689655172415
GDN0021,TiltLevel,11,11,11,4916,4916,5361,5361,5066,5064,5130,5133,886.0,886.0,67.72009029345372,67.72009029345372,64,69,128.0,138.0,,,10.0,10.0,7.246376811594203
GDN0021,TiltLevel,12,12,12,5361,5361,5787,5787,5509,5506,5569,5575,834.0,834.0,71.94244604316548,71.94244604316548,60,69,120.0,138.0,,,18.0,18.0,13.043478260869565
GDN0021,TiltLevel,13,13,13,5787,5787,6190,6190,5925,5923,5988,5988,790.0,790.0,75.94936708860759,75.94936708860759,63,65,126.0,130.0,,,4.0,4.0,3.076923076923077
GDN0021,TiltLevel,14,14,14,6190,6190,6575,6575,6321,6318,6385,6383,760.0,760.0,78.94736842105263,78.94736842105263,64,65,128.0,130.0,,,2.0,2.0,1.5384615384615385
GDN0021,TiltLevel,15,15,15,6575,6575,6957,6957,6701,6699,6765,6762,766.0,766.0,78.32898172323759,78.32898172323759,64,63,128.0,126.0,,,-2.0,2.0,1.5873015873015872
GDN0021,TiltLevel,16,16,16,6957,6957,7326,7326,7084,7081,7147,7149,722.0,722.0,83.10249307479225,83.10249307479225,63,68,126.0,136.0,,,10.0,10.0,7.352941176470589
GDN0021,TiltLevel,17,17,17,7326,7326,7671,7671,7446,7443,7509,7507,674.0,674.0,89.02077151335311,89.02077151335311,63,64,126.0,128.0,,,2.0,2.0,1.5625
GDN0021,TiltLevel,18,18,18,7671,7671,8014,8014,7783,7780,7849,7848,692.0,692.0,86.70520231213874,86.70520231213874,66,68,132.0,136.0,,,4.0,4.0,2.941176470588235
GDN0021,TiltLevel,19,19,19,8014,8014,8387,8387,8128,8125,8191,8185,774.0,774.0,77.51937984496124,77.51937984496124,63,60,126.0,120.0,,,-6.0,6.0,5.0
GDN0021,TiltLevel,20,20,20,8387,8387,8822,8822,8515,8513,8573,8575,924.0,924.0,64.93506493506493,64.93506493506493,58,62,116.0,124.0,,,8.0,8.0,6.451612903225806
GDN0021,TiltLevel,21,21,21,8822,8822,9288,9288,8977,8975,9040,9034,936.0,936.0,64.1025641025641,64.1025641025641,63,59,126.0,118.0,,,-8.0,8.0,6.779661016949152
GDN0021,TiltLevel,22,22,22,9288,9288,9744,9744,9445,9442,9505,9500,898.0,898.0,66.81514476614699,66.81514476614699,60,58,120.0,116.0,,,-4.0,4.0,3.4482758620689653
GDN0021,TiltLevel,23,23,23,9744,9744,10188,10188,9894,9891,9956,9948,884.0,884.0,67.87330316742081,67.87330316742081,62,57,124.0,114.0,,,-10.0,10.0,8.771929824561402
GDN0021,TiltLevel,24,24,24,10188,10188,10612,10612,10336,10333,10402,10392,828.0,828.0,72.46376811594203,72.46376811594203,66,59,132.0,118.0,,,-14.0,14.0,11.864406779661017
GDN0021,TiltLevel,25,25,25,10612,10612,11020,11020,10750,10748,10813,10814,808.0,808.0,74.25742574257426,74.25742574257426,63,66,126.0,132.0,,,6.0,6.0,4.545454545454546
GDN0021,TiltLevel,26,26,26,11020,11020,11413,11413,11154,11152,11217,11212,776.0,776.0,77.31958762886597,77.31958762886597,63,60,126.0,120.0,,,-6.0,6.0,5.0
GDN0021,TiltLevel,27,27,27,11413,11413,11814,11814,11542,11539,11605,11603,816.0,816.0,73.52941176470588,73.52941176470588,63,64,126.0,128.0,,,2.0,2.0,1.5625
GDN0021,TiltLevel,28,28,28,11814,11814,12281,12281,11950,11948,12014,12016,998.0,998.0,60.120240480961925,60.120240480961925,64,68,128.0,136.0,,,8.0,8.0,5.88235294117647
GDN0021,TiltLevel,29,29,29,12281,12281,12787,12787,12449,12446,12509,12504,1018.0,1018.0,58.93909626719057,58.93909626719057,60,58,120.0,116.0,,,-4.0,4.0,3.4482758620689653
GDN0021,TiltLevel,30,30,30,12787,12787,13298,13298,12957,12955,13020,13005,1026.0,1026.0,58.47953216374269,58.47953216374269,63,50,126.0,100.0,,,-26.0,26.0,26.0
GDN0021,TiltLevel,31,31,31,13298,13298,13822,13822,13471,13468,13537,13549,1058.0,1058.0,56.71077504725898,56.71077504725898,66,81,132.0,162.0,,,30.0,30.0,18.51851851851852
GDN0021,TiltLevel,32,32,32,13822,13822,14335,14335,14000,13998,14059,14052,1010.0,1010.0,59.40594059405941,59.40594059405941,59,54,118.0,108.0,,,-10.0,10.0,9.25925925925926
GDN0021,TiltLevel,33,33,33,14335,14335,14832,14832,14505,14502,14566,14559,986.0,986.0,60.851926977687626,60.851926977687626,61,57,122.0,114.0,,,-8.0,8.0,7.017543859649122
GDN0021,TiltLevel,34,34,34,14832,14832,15317,15317,14997,14995,15064,15060,960.0,960.0,62.5,62.5,67,65,134.0,130.0,,,-4.0,4.0,3.076923076923077
GDN0021,TiltLevel,35,35,35,15317,15317,15774,15774,15477,15475,15538,15538,890.0,890.0,67.41573033707866,67.41573033707866,61,63,122.0,126.0,,,4.0,4.0,3.1746031746031744
GDN0021,TiltLevel,36,36,36,15774,15774,16215,16215,15923,15920,15983,15993,876.0,876.0,68.4931506849315,68.4931506849315,60,73,120.0,146.0,,,26.0,26.0,17.80821917808219
GDN0021,TiltLevel,37,37,37,16215,16215,16648,16648,16360,16358,16427,16412,862.0,862.0,69.60556844547564,69.60556844547564,67,54,134.0,108.0,,,-26.0,26.0,24.074074074074073
GDN0021,TiltLevel,38,38,38,16648,16648,17081,17081,16792,16790,16854,16844,868.0,868.0,69.12442396313364,69.12442396313364,62,54,124.0,108.0,,,-16.0,16.0,14.814814814814813
GDN0021,TiltLevel,39,39,39,17081,17081,17522,17522,17225,17223,17287,17279,890.0,890.0,67.41573033707866,67.41573033707866,62,56,124.0,112.0,,,-12.0,12.0,10.714285714285714
GDN0021,TiltLevel,40,40,40,17522,17522,17967,17967,17670,17668,17734,17742,888.0,888.0,67.56756756756756,67.56756756756756,64,74,128.0,148.0,,,20.0,20.0,13.513513513513514
GDN0021,TiltLevel,41,41,41,17967,17967,18405,18405,18114,18112,18178,18173,870.0,870.0,68.96551724137932,68.96551724137932,64,61,128.0,122.0,,,-6.0,6.0,4.918032786885246
GDN0021,TiltLevel,42,42,42,18405,18405,18846,18846,18550,18547,18611,18608,890.0,890.0,67.41573033707866,67.41573033707866,61,61,122.0,122.0,,,0.0,0.0,0.0
GDN0021,TiltLevel,43,43,43,18846,18846,19287,19287,18995,18993,19059,19044,878.0,878.0,68.3371298405467,68.3371298405467,64,51,128.0,102.0,,,-26.0,26.0,25.49019607843137
GDN0021,TiltLevel,44,44,44,19287,19287,19715,19715,19433,19431,19496,19496,842.0,842.0,71.25890736342043,71.25890736342043,63,65,126.0,130.0,,,4.0,4.0,3.076923076923077
GDN0021,TiltLevel,45,45,45,19715,19715,20133,20133,19854,19852,19918,19910,834.0,834.0,71.94244604316548,71.94244604316548,64,58,128.0,116.0,,,-12.0,12.0,10.344827586206897
GDN0021,TiltLevel,46,46,46,20133,20133,20556,20556,20271,20269,20336,20340,852.0,852.0,70.4225352112676,70.4225352112676,65,71,130.0,142.0,,,12.0,12.0,8.450704225352112
GDN0021,TiltLevel,47,47,47,20556,20556,20980,20980,20698,20696,20760,20765,846.0,846.0,70.92198581560284,70.92198581560284,62,69,124.0,138.0,,,14.0,14.0,10.144927536231885
GDN0021,TiltLevel,48,48,48,20980,20980,21399,21399,21120,21118,21183,21180,834.0,834.0,71.94244604316548,71.94244604316548,63,62,126.0,124.0,,,-2.0,2.0,1.6129032258064515
GDN0021,TiltLevel,49,49,49,21399,21399,21821,21821,21538,21536,21598,21594,848.0,848.0,70.75471698113208,70.75471698113208,60,58,120.0,116.0,,,-4.0,4.0,3.4482758620689653
GDN0021,TiltLevel,50,50,50,21821,21821,22247,22247,21962,21960,22021,22023,854.0,854.0,70.2576112412178,70.2576112412178,59,63,118.0,126.0,,,8.0,8.0,6.349206349206349
GDN0021,TiltLevel,51,51,51,22247,22247,22679,22679,22389,22387,22447,22451,870.0,870.0,68.96551724137932,68.96551724137932,58,64,116.0,128.0,,,12.0,12.0,9.375
GDN0021,TiltLevel,52,52,52,22679,22679,23110,23110,22824,22821,22887,22879,858.0,858.0,69.93006993006993,69.93006993006993,63,58,126.0,116.0,,,-10.0,10.0,8.620689655172415
GDN0021,TiltLevel,53,53,53,23110,23110,23540,23540,23253,23250,23317,23316,862.0,862.0,69.60556844547564,69.60556844547564,64,66,128.0,132.0,,,4.0,4.0,3.0303030303030303
GDN0021,TiltLevel,54,54,54,23540,23540,23972,23972,23684,23682,23744,23744,866.0,866.0,69.28406466512702,69.28406466512702,60,62,120.0,124.0,,,4.0,4.0,3.225806451612903
GDN0021,TiltLevel,55,55,55,23972,23972,24409,24409,24117,24115,24172,24179,876.0,876.0,68.4931506849315,68.4931506849315,55,64,110.0,128.0,,,18.0,18.0,14.0625
GDN0021,TiltLevel,56,56,56,24409,24409,24845,24845,24555,24553,24619,24613,872.0,872.0,68.80733944954129,68.80733944954129,64,60,128.0,120.0,,,-8.0,8.0,6.666666666666667
GDN0021,TiltLevel,57,57,57,24845,24845,25285,25285,24991,24988,25057,25059,882.0,882.0,68.02721088435374,68.02721088435374,66,71,132.0,142.0,,,10.0,10.0,7.042253521126761
GDN0021,TiltLevel,58,58,58,25285,25285,25722,25722,25432,25429,25492,25496,872.0,872.0,68.80733944954129,68.80733944954129,60,67,120.0,134.0,,,14.0,14.0,10.44776119402985
GDN0021,TiltLevel,59,59,59,25722,25722,26160,26160,25868,25865,25932,25936,876.0,876.0,68.4931506849315,68.4931506849315,64,71,128.0,142.0,,,14.0,14.0,9.859154929577464
GDN0021,TiltLevel,60,60,60,26160,26160,26603,26603,26306,26303,26370,26364,892.0,892.0,67.26457399103138,67.26457399103138,64,61,128.0,122.0,,,-6.0,6.0,4.918032786885246
GDN0021,TiltLevel,61,61,61,26603,26603,27048,27048,26752,26750,26817,26814,890.0,890.0,67.41573033707866,67.41573033707866,65,64,130.0,128.0,,,-2.0,2.0,1.5625
GDN0021,TiltLevel,62,62,62,27048,27048,27487,27487,27197,27195,27256,27260,872.0,872.0,68.80733944954129,68.80733944954129,59,65,118.0,130.0,,,12.0,12.0,9.230769230769232
GDN0021,TiltLevel,63,63,63,27487,27487,27923,27923,27633,27631,27696,27698,872.0,872.0,68.80733944954129,68.80733944954129,63,67,126.0,134.0,,,8.0,8.0,5.970149253731343
GDN0021,TiltLevel,64,64,64,27923,27923,28355,28355,28069,28066,28128,28133,858.0,858.0,69.93006993006993,69.93006993006993,59,67,118.0,134.0,,,16.0,16.0,11.940298507462686
GDN0021,TiltLevel,65,65,65,28355,28355,28781,28781,28497,28495,28562,28560,848.0,848.0,70.75471698113208,70.75471698113208,65,65,130.0,130.0,,,0.0,0.0,0.0
GDN0021,TiltLevel,66,66,66,28781,28781,29205,29205,28922,28919,28984,28988,848.0,848.0,70.75471698113208,70.75471698113208,62,69,124.0,138.0,,,14.0,14.0,10.144927536231885
GDN0021,TiltLevel,67,67,67,29205,29205,29636,29636,29345,29343,29410,29403,872.0,872.0,68.80733944954129,68.80733944954129,65,60,130.0,120.0,,,-10.0,10.0,8.333333333333332
GDN0022,Pause,0,0,0,189,189,708,708,356,352,423,436,1038.0,1038.0,57.80346820809248,57.80346820809248,67,84,134.0,168.0,,,34.0,34.0,20.238095238095237
GDN0022,Pause,1,1,1,708,708,1244,1244,875,871,943,911,1088.0,1088.0,55.147058823529406,55.147058823529406,68,40,136.0,80.0,,,-56.0,56.0,70.0
GDN0022,Pause,2,2,2,1244,1244,1789,1789,1419,1414,1488,1467,1092.0,1092.0,54.94505494505494,54.94505494505494,69,53,138.0,106.0,,,-32.0,32.0,30.18867924528302
GDN0022,Pause,3,3,3,1789,1789,2318,2318,1966,1960,2033,2051,1040.0,1040.0,57.69230769230769,57.69230769230769,67,91,134.0,182.0,,,48.0,48.0,26.373626373626376
GDN0022,Pause,4,4,4,2318,2318,2854,2854,2486,2480,2554,2567,1090.0,1090.0,55.04587155963302,55.04587155963302,68,87,136.0,174.0,,,38.0,38.0,21.839080459770116
GDN0022,Pause,5,5,5,2854,2854,3401,3401,3031,3026,3098,3084,1096.0,1096.0,54.74452554744525,54.74452554744525,67,58,134.0,116.0,,,-18.0,18.0,15.517241379310345
GDN0022,Pause,6,6,6,3401,3401,3938,3938,3579,3574,3649,3663,1062.0,1062.0,56.497175141242934,56.497175141242934,70,89,140.0,178.0,,,38.0,38.0,21.34831460674157
GDN0022,Pause,7,7,7,3938,3938,4465,4465,4111,4106,4175,4174,1050.0,1050.0,57.14285714285714,57.14285714285714,64,68,128.0,136.0,,,8.0,8.0,5.88235294117647
GDN0022,Pause,8,8,8,4465,4465,5001,5001,4635,4630,4701,4680,1084.0,1084.0,55.35055350553505,55.35055350553505,66,50,132.0,100.0,,,-32.0,32.0,32.0
GDN0022,Pause,9,9,9,5001,5001,5548,5548,5177,5172,5247,5242,1098.0,1098.0,54.64480874316939,54.64480874316939,70,70,140.0,140.0,,,0.0,0.0,0.0
GDN0022,Pause,10,10,10,5548,5548,6078,6078,5723,5720,5797,5789,1040.0,1040.0,57.69230769230769,57.69230769230769,74,69,148.0,138.0,,,-10.0,10.0,7.246376811594203
GDN0022,Pause,11,11,11,6078,6078,6612,6612,6247,6241,6315,6287,1082.0,1082.0,55.452865064695004,55.452865064695004,68,46,136.0,92.0,,,-44.0,44.0,47.82608695652174
GDN0022,Pause,12,12,12,6612,6612,7157,7157,6787,6781,6854,6840,1096.0,1096.0,54.74452554744525,54.74452554744525,67,59,134.0,118.0,,,-16.0,16.0,13.559322033898304
GDN0022,Pause,13,13,13,7157,7157,7692,7692,7335,7329,7407,7398,1056.0,1056.0,56.81818181818181,56.81818181818181,72,69,144.0,138.0,,,-6.0,6.0,4.3478260869565215
GDN0022,Pause,14,14,14,7692,7692,8220,8220,7863,7857,7935,7919,1056.0,1056.0,56.81818181818181,56.81818181818181,72,62,144.0,124.0,,,-20.0,20.0,16.129032258064516
GDN0022,Pause,15,15,15,8220,8220,8764,8764,8391,8386,8458,8462,1106.0,1106.0,54.24954792043399,54.24954792043399,67,76,134.0,152.0,,,18.0,18.0,11.842105263157894
GDN0022,Pause,16,16,16,8764,8764,9306,9306,8944,8938,9014,8999,1070.0,1070.0,56.074766355140184,56.074766355140184,70,61,140.0,122.0,,,-18.0,18.0,14.754098360655737
GDN0022,Pause,17,17,17,9306,9306,9834,9834,9479,9474,9546,9513,1048.0,1048.0,57.25190839694656,57.25190839694656,67,39,134.0,78.0,,,-56.0,56.0,71.7948717948718
GDN0022,Pause,18,18,18,9834,9834,10356,10356,10003,9998,10068,10066,1042.0,1042.0,57.58157389635316,57.58157389635316,65,68,130.0,136.0,,,6.0,6.0,4.411764705882353
GDN0022,Pause,19,19,19,10356,10356,10877,10877,10525,10520,10591,10572,1044.0,1044.0,57.47126436781609,57.47126436781609,66,52,132.0,104.0,,,-28.0,28.0,26.923076923076923
GDN0022,Pause,20,20,20,10877,10877,11418,11418,10975,11041,11112,11080,1102.0,1102.0,54.44646098003629,54.44646098003629,137,39,274.0,78.0,,,-196.0,196.0,251.28205128205127
GDN0022,Pause,21,21,21,11418,11418,11970,11970,11600,11593,11673,11667,1104.0,1104.0,54.347826086956516,54.347826086956516,73,74,146.0,148.0,,,2.0,2.0,1.3513513513513513
GDN0022,Pause,22,22,22,11970,11970,12526,12526,12149,12144,12218,12222,1116.0,1116.0,53.76344086021505,53.76344086021505,69,78,138.0,156.0,,,18.0,18.0,11.538461538461538
GDN0022,Pause,23,23,23,12526,12526,13077,13077,12707,12702,12774,12786,1096.0,1096.0,54.74452554744525,54.74452554744525,67,84,134.0,168.0,,,34.0,34.0,20.238095238095237
GDN0022,Pause,24,24,24,13077,13077,13636,13636,13256,13250,13321,13299,1130.0,1130.0,53.09734513274337,53.09734513274337,65,49,130.0,98.0,,,-32.0,32.0,32.6530612244898
GDN0022,Pause,25,25,25,13636,13636,14201,14201,13820,13814,13887,13897,1130.0,1130.0,53.09734513274337,53.09734513274337,67,83,134.0,166.0,,,32.0,32.0,19.27710843373494
GDN0022,Pause,26,26,26,14201,14201,14750,14750,14383,14379,14454,14467,1080.0,1080.0,55.55555555555555,55.55555555555555,71,88,142.0,176.0,,,34.0,34.0,19.318181818181817
GDN0022,Pause,27,27,27,14750,14750,15293,15293,14924,14920,14991,15006,1090.0,1090.0,55.04587155963302,55.04587155963302,67,86,134.0,172.0,,,38.0,38.0,22.093023255813954
GDN0022,Pause,28,28,28,15293,15293,15852,15852,15469,15464,15539,15531,1132.0,1132.0,53.0035335689046,53.0035335689046,70,67,140.0,134.0,,,-6.0,6.0,4.477611940298507
GDN0022,Pause,29,29,29,15852,15852,16415,16415,16036,16030,16103,16105,1124.0,1124.0,53.380782918149464,53.380782918149464,67,75,134.0,150.0,,,16.0,16.0,10.666666666666668
GDN0022,Pause,30,30,30,16415,16415,16962,16962,16598,16593,16665,16676,1076.0,1076.0,55.762081784386616,55.762081784386616,67,83,134.0,166.0,,,32.0,32.0,19.27710843373494
GDN0022,Pause,31,31,31,16962,16962,17517,17517,17137,17132,17205,17214,1128.0,1128.0,53.19148936170213,53.19148936170213,68,82,136.0,164.0,,,28.0,28.0,17.073170731707318
GDN0022,Pause,32,32,32,17517,17517,18084,18084,17700,17694,17768,17770,1140.0,1140.0,52.631578947368425,52.631578947368425,68,76,136.0,152.0,,,16.0,16.0,10.526315789473683
GDN0022,Pause,33,33,33,18084,18084,18653,18653,18270,18264,18341,18337,1134.0,1134.0,52.91005291005291,52.91005291005291,71,73,142.0,146.0,,,4.0,4.0,2.73972602739726
GDN0022,Pause,34,34,34,18653,18653,19220,19220,18836,18832,18906,18879,1136.0,1136.0,52.81690140845071,52.81690140845071,70,47,140.0,94.0,,,-46.0,46.0,48.93617021276596
GDN0022,Pause,35,35,35,19220,19220,19786,19786,19405,19400,19474,19471,1130.0,1130.0,53.09734513274337,53.09734513274337,69,71,138.0,142.0,,,4.0,4.0,2.8169014084507045
GDN0022,Pause,36,36,36,19786,19786,20355,20355,19970,19964,20034,20048,1142.0,1142.0,52.53940455341507,52.53940455341507,64,84,128.0,168.0,,,40.0,40.0,23.809523809523807
GDN0022,Pause,37,37,37,20355,20355,20922,20922,20542,20536,20610,20578,1130.0,1130.0,53.09734513274337,53.09734513274337,68,42,136.0,84.0,,,-52.0,52.0,61.904761904761905
GDN0022,Pause,38,38,38,20922,20922,21478,21477,21106,21100,21175,21153,1102.0,1102.0,54.44646098003629,54.44646098003629,69,53,138.0,106.0,,,-32.0,32.0,30.18867924528302
GDN0022,Pause,39,39,39,21478,21477,22035,22035,21657,21651,21724,21709,1120.0,1120.0,53.57142857142857,53.57142857142857,67,58,134.0,116.0,,,-18.0,18.0,15.517241379310345
GDN0022,Pause,40,40,40,22035,22035,22600,22600,22218,22212,22284,22279,1134.0,1134.0,52.91005291005291,52.91005291005291,66,67,132.0,134.0,,,2.0,2.0,1.4925373134328357
GDN0022,Pause,41,41,41,22600,22600,23164,23164,22784,22779,22853,22850,1126.0,1126.0,53.28596802841919,53.28596802841919,69,71,138.0,142.0,,,4.0,4.0,2.8169014084507045
GDN0022,Pause,42,42,42,23164,23164,23726,23726,23347,23342,23417,23416,1122.0,1122.0,53.475935828877,53.475935828877,70,74,140.0,148.0,,,8.0,8.0,5.405405405405405
GDN0022,Pause,43,43,43,23726,23726,24278,24278,23908,23903,23979,23987,1094.0,1094.0,54.84460694698354,54.84460694698354,71,84,142.0,168.0,,,26.0,26.0,15.476190476190476
GDN0022,Pause,44,44,44,24278,24278,24828,24828,24454,24450,24523,24529,1104.0,1104.0,54.347826086956516,54.347826086956516,69,79,138.0,158.0,,,20.0,20.0,12.658227848101266
GDN0022,Pause,45,45,45,24828,24828,25178,25178,25006,25001,25074,25082,482.0,482.0,124.48132780082987,124.48132780082987,68,81,136.0,162.0,,,26.0,26.0,16.049382716049383
GDN0022,Pause,49,49,49,26497,26497,27047,27047,26676,26672,26748,26742,1096.0,1096.0,54.74452554744525,54.74452554744525,72,70,144.0,140.0,,,-4.0,4.0,2.857142857142857
GDN0022,Pause,50,50,50,27047,27047,27589,27589,27225,27220,27293,27277,1076.0,1076.0,55.762081784386616,55.762081784386616,68,57,136.0,114.0,,,-22.0,22.0,19.298245614035086
GDN0022,Pause,51,51,51,27589,27589,28138,28138,27763,27757,27829,27833,1112.0,1112.0,53.956834532374096,53.956834532374096,66,76,132.0,152.0,,,20.0,20.0,13.157894736842104
GDN0022,Pause,52,52,52,28138,28138,28678,28678,28318,28313,28387,28396,1060.0,1060.0,56.60377358490566,56.60377358490566,69,83,138.0,166.0,,,28.0,28.0,16.867469879518072
GDN0022,Pause,53,53,53,28678,28678,29213,29213,28849,28844,28919,28923,1076.0,1076.0,55.762081784386616,55.762081784386616,70,79,140.0,158.0,,,18.0,18.0,11.39240506329114
GDN0022,Pause,54,54,54,29213,29213,29751,29751,29387,29382,29457,29455,,,,,70,73,140.0,146.0,,,6.0,6.0,4.10958904109589
GDN0022,Valsalva,0,0,0,23,23,535,535,188,182,137,258,1024.0,1024.0,58.59375,58.59375,,76,,152.0,negative_pep,,,,
GDN0022,Valsalva,1,1,1,535,535,1051,1051,700,695,772,775,1038.0,1038.0,57.80346820809248,57.80346820809248,72,80,144.0,160.0,,,16.0,16.0,10.0
GDN0022,Valsalva,2,2,2,1051,1051,1566,1566,1218,1214,1293,1301,1024.0,1024.0,58.59375,58.59375,75,87,150.0,174.0,,,24.0,24.0,13.793103448275861
GDN0022,Valsalva,3,3,3,1566,1566,2065,2065,1729,1726,1801,1808,986.0,986.0,60.851926977687626,60.851926977687626,72,82,144.0,164.0,,,20.0,20.0,12.195121951219512
GDN0022,Valsalva,4,4,4,2065,2065,2556,2556,2226,2220,2293,2287,980.0,980.0,61.224489795918366,61.224489795918366,67,67,134.0,134.0,,,0.0,0.0,0.0
GDN0022,Valsalva,5,5,5,2556,2556,3085,3085,2715,2709,2783,2783,1098.0,1098.0,54.64480874316939,54.64480874316939,68,74,136.0,148.0,,,12.0,12.0,8.108108108108109
GDN0022,Valsalva,6,6,6,3085,3085,3631,3631,3264,3259,3335,3337,1088.0,1088.0,55.147058823529406,55.147058823529406,71,78,142.0,156.0,,,14.0,14.0,8.974358974358974
GDN0022,Valsalva,7,7,7,3631,3631,4180,4180,3808,3803,3879,3887,1104.0,1104.0,54.347826086956516,54.347826086956516,71,84,142.0,168.0,,,26.0,26.0,15.476190476190476
GDN0022,Valsalva,8,8,8,4180,4180,4734,4734,4357,4355,4430,4433,1112.0,1112.0,53.956834532374096,53.956834532374096,73,78,146.0,156.0,,,10.0,10.0,6.41025641025641
GDN0022,Valsalva,9,9,9,4734,4734,5287,5287,4916,4910,4985,4991,1102.0,1102.0,54.44646098003629,54.44646098003629,69,81,138.0,162.0,,,24.0,24.0,14.814814814814813
GDN0022,Valsalva,10,10,10,5287,5287,5821,5821,5467,5462,5535,5540,1050.0,1050.0,57.14285714285714,57.14285714285714,68,78,136.0,156.0,,,20.0,20.0,12.82051282051282
GDN0022,Valsalva,11,11,11,5821,5821,6349,6349,5991,5986,6058,6051,1058.0,1058.0,56.71077504725898,56.71077504725898,67,65,134.0,130.0,,,-4.0,4.0,3.076923076923077
GDN0022,Valsalva,12,12,12,6349,6349,6899,6899,6521,6515,6587,6591,1124.0,1124.0,53.380782918149464,53.380782918149464,66,76,132.0,152.0,,,20.0,20.0,13.157894736842104
GDN0022,Valsalva,13,13,13,6899,6899,7461,7461,7082,7077,7167,7137,1122.0,1122.0,53.475935828877,53.475935828877,85,60,170.0,120.0,,,-50.0,50.0,41.66666666666667
GDN0022,Valsalva,14,14,14,7461,7461,8016,8016,7643,7639,7714,7717,1104.0,1104.0,54.347826086956516,54.347826086956516,71,78,142.0,156.0,,,14.0,14.0,8.974358974358974
GDN0022,Valsalva,15,15,15,8016,8016,8554,8554,8196,8191,8265,8257,1060.0,1060.0,56.60377358490566,56.60377358490566,69,66,138.0,132.0,,,-6.0,6.0,4.545454545454546
GDN0022,Valsalva,16,16,16,8554,8554,9095,9095,8725,8721,8796,8795,1096.0,1096.0,54.74452554744525,54.74452554744525,71,74,142.0,148.0,,,6.0,6.0,4.054054054054054
GDN0022,Valsalva,17,17,17,9095,9095,9435,9435,9274,9266,9339,9344,456.0,456.0,131.57894736842104,131.57894736842104,65,78,130.0,156.0,,,26.0,26.0,16.666666666666664
GDN0022,Valsalva,19,19,19,9726,9726,10221,10221,9826,9817,9895,9917,1176.0,1176.0,51.02040816326531,51.02040816326531,69,100,138.0,200.0,,,62.0,62.0,31.0
GDN0022,Valsalva,20,20,20,10221,10221,10804,10804,10413,10408,10483,10477,1160.0,1160.0,51.724137931034484,51.724137931034484,70,69,140.0,138.0,,,-2.0,2.0,1.4492753623188406
GDN0022,Valsalva,21,21,21,10804,10804,11388,11388,10993,10988,11063,11061,1172.0,1172.0,51.19453924914676,51.19453924914676,70,73,140.0,146.0,,,6.0,6.0,4.10958904109589
GDN0022,Valsalva,22,22,22,11388,11388,11971,11971,11579,11575,11648,11652,1164.0,1164.0,51.54639175257732,51.54639175257732,69,77,138.0,154.0,,,16.0,16.0,10.38961038961039
GDN0022,Valsalva,23,23,23,11971,11971,12535,12535,12161,12156,12229,12226,1108.0,1108.0,54.15162454873646,54.15162454873646,68,70,136.0,140.0,,,4.0,4.0,2.857142857142857
GDN0022,Valsalva,24,24,24,12535,12535,13103,13103,12716,12711,12781,12778,1150.0,1150.0,52.173913043478265,52.173913043478265,65,67,130.0,134.0,,,4.0,4.0,2.9850746268656714
GDN0022,Valsalva,25,25,25,13103,13103,13693,13693,13290,13285,13357,13362,1198.0,1198.0,50.08347245409015,50.08347245409015,67,77,134.0,154.0,,,20.0,20.0,12.987012987012985
GDN0022,Valsalva,26,26,26,13693,13693,14292,14292,13890,13884,13958,13954,1196.0,1196.0,50.16722408026756,50.16722408026756,68,70,136.0,140.0,,,4.0,4.0,2.857142857142857
GDN0022,Valsalva,27,27,27,14292,14292,14886,14886,14487,14482,14556,14557,1184.0,1184.0,50.67567567567568,50.67567567567568,69,75,138.0,150.0,,,12.0,12.0,8.0
GDN0022,Valsalva,28,28,28,14886,14886,15484,15484,15079,15074,15149,15156,1202.0,1202.0,49.91680532445923,49.91680532445923,70,82,140.0,164.0,,,24.0,24.0,14.634146341463413
GDN0022,Valsalva,29,29,29,15484,15484,16076,16076,15680,15676,15750,15749,1174.0,1174.0,51.107325383304946,51.107325383304946,70,73,140.0,146.0,,,6.0,6.0,4.10958904109589
GDN0022,Valsalva,30,30,30,16076,16076,16659,16659,16266,16262,16333,16337,1164.0,1164.0,51.54639175257732,51.54639175257732,67,75,134.0,150.0,,,16.0,16.0,10.666666666666668
GDN0022,Valsalva,31,31,31,16659,16659,17250,17250,16848,16843,16915,16911,1192.0,1192.0,50.33557046979866,50.33557046979866,67,68,134.0,136.0,,,2.0,2.0,1.4705882352941175
GDN0022,Valsalva,32,32,32,17250,17250,17851,17851,17445,17440,17514,17517,1206.0,1206.0,49.75124378109453,49.75124378109453,69,77,138.0,154.0,,,16.0,16.0,10.38961038961039
GDN0022,Valsalva,33,33,33,17851,17851,18452,18452,18047,18043,18118,18126,1200.0,1200.0,50.0,50.0,71,83,142.0,166.0,,,24.0,24.0,14.457831325301203
GDN0022,Valsalva,34,34,34,18452,18452,19035,19035,18647,18642,18713,18691,1148.0,1148.0,52.264808362369344,52.264808362369344,66,49,132.0,98.0,,,-34.0,34.0,34.69387755102041
GDN0022,Valsalva,35,35,35,19035,19035,19623,19623,19223,19217,19291,19293,1190.0,1190.0,50.420168067226896,50.420168067226896,68,76,136.0,152.0,,,16.0,16.0,10.526315789473683
GDN0022,Valsalva,36,36,36,19623,19623,20220,20220,19816,19811,19886,19884,1198.0,1198.0,50.08347245409015,50.08347245409015,70,73,140.0,146.0,,,6.0,6.0,4.10958904109589
GDN0022,Valsalva,37,37,37,20220,20220,20815,20815,20416,20411,20485,20492,1186.0,1186.0,50.59021922428331,50.59021922428331,69,81,138.0,162.0,,,24.0,24.0,14.814814814814813
GDN0022,Valsalva,38,38,38,20815,20815,21399,21399,21009,21004,21077,21080,1156.0,1156.0,51.90311418685121,51.90311418685121,68,76,136.0,152.0,,,16.0,16.0,10.526315789473683
GDN0022,Valsalva,39,39,39,21399,21399,21979,21979,21586,21582,21655,21651,1164.0,1164.0,51.54639175257732,51.54639175257732,69,69,138.0,138.0,,,0.0,0.0,0.0
GDN0022,Valsalva,40,40,40,21979,21979,22564,22564,22168,22164,22238,22244,1172.0,1172.0,51.19453924914676,51.19453924914676,70,80,140.0,160.0,,,20.0,20.0,12.5
GDN0022,Valsalva,41,41,41,22564,22564,23135,23135,22755,22750,22825,22821,1126.0,1126.0,53.28596802841919,53.28596802841919,70,71,140.0,142.0,,,2.0,2.0,1.4084507042253522
GDN0022,Valsalva,42,42,42,23135,23135,23482,23482,23318,23313,23382,23378,462.0,462.0,129.87012987012986,129.87012987012986,64,65,128.0,130.0,,,2.0,2.0,1.5384615384615385
GDN0022,Valsalva,44,44,44,23775,23775,24258,24258,23875,23870,23943,23939,1136.0,1136.0,52.81690140845071,52.81690140845071,68,69,136.0,138.0,,,2.0,2.0,1.4492753623188406
GDN0022,Valsalva,45,45,45,24258,24258,24824,24824,24443,24438,24510,24517,1130.0,1130.0,53.09734513274337,53.09734513274337,67,79,134.0,158.0,,,24.0,24.0,15.18987341772152
GDN0022,Valsalva,46,46,46,24824,24824,25383,25383,25008,25002,25077,25083,1110.0,1110.0,54.05405405405405,54.05405405405405,69,81,138.0,162.0,,,24.0,24.0,14.814814814814813
GDN0022,Valsalva,47,47,47,25383,25383,25936,25936,25563,25558,25628,25631,1106.0,1106.0,54.24954792043399,54.24954792043399,65,73,130.0,146.0,,,16.0,16.0,10.95890410958904
GDN0022,Valsalva,48,48,48,25936,25936,26482,26482,26116,26111,26186,26188,1082.0,1082.0,55.452865064695004,55.452865064695004,70,77,140.0,154.0,,,14.0,14.0,9.090909090909092
GDN0022,Valsalva,49,49,49,26482,26482,27029,27029,26658,26652,26727,26732,1102.0,1102.0,54.44646098003629,54.44646098003629,69,80,138.0,160.0,,,22.0,22.0,13.750000000000002
GDN0022,Valsalva,50,50,50,27029,27029,27592,27592,27208,27203,27275,27273,1138.0,1138.0,52.72407732864675,52.72407732864675,67,70,134.0,140.0,,,6.0,6.0,4.285714285714286
GDN0022,Valsalva,51,51,51,27592,27592,28160,28160,27777,27772,27845,27850,1136.0,1136.0,52.81690140845071,52.81690140845071,68,78,136.0,156.0,,,20.0,20.0,12.82051282051282
GDN0022,Valsalva,52,52,52,28160,28160,28731,28731,28345,28340,28414,28415,1146.0,1146.0,52.35602094240838,52.35602094240838,69,75,138.0,150.0,,,12.0,12.0,8.0
GDN0022,Valsalva,53,53,53,28731,28731,29305,29305,28919,28914,28987,28989,1148.0,1148.0,52.264808362369344,52.264808362369344,68,75,136.0,150.0,,,14.0,14.0,9.333333333333334
GDN0022,Valsalva,54,54,54,29305,29305,29879,29879,29492,29487,29561,29554,,,,,69,67,138.0,134.0,,,-4.0,4.0,2.9850746268656714
GDN0022,HoldingBreath,0,0,0,282,282,729,729,425,420,502,502,894.0,894.0,67.11409395973155,67.11409395973155,77,82,154.0,164.0,,,10.0,10.0,6.097560975609756
GDN0022,HoldingBreath,1,1,1,729,729,1170,1170,873,868,941,960,878.0,878.0,68.3371298405467,68.3371298405467,68,92,136.0,184.0,,,48.0,48.0,26.08695652173913
GDN0022,HoldingBreath,2,2,2,1170,1170,1616,1616,1312,1306,1387,1396,900.0,900.0,66.66666666666667,66.66666666666667,75,90,150.0,180.0,,,30.0,30.0,16.666666666666664
GDN0022,HoldingBreath,3,3,3,1616,1616,2066,2066,1762,1754,1831,1850,900.0,900.0,66.66666666666667,66.66666666666667,69,96,138.0,192.0,,,54.0,54.0,28.125
GDN0022,HoldingBreath,4,4,4,2066,2066,2515,2515,2212,2208,2285,2286,894.0,894.0,67.11409395973155,67.11409395973155,73,78,146.0,156.0,,,10.0,10.0,6.41025641025641
GDN0022,HoldingBreath,5,5,5,2515,2515,2958,2958,2659,2655,2726,2747,882.0,882.0,68.02721088435374,68.02721088435374,67,92,134.0,184.0,,,50.0,50.0,27.173913043478258
GDN0022,HoldingBreath,6,6,6,2958,2958,3393,3393,3099,3091,3173,3184,866.0,866.0,69.28406466512702,69.28406466512702,74,93,148.0,186.0,,,38.0,38.0,20.43010752688172
GDN0022,HoldingBreath,7,7,7,3393,3393,3827,3827,3533,3526,3607,3614,868.0,868.0,69.12442396313364,69.12442396313364,74,88,148.0,176.0,,,28.0,28.0,15.909090909090908
GDN0022,HoldingBreath,8,8,8,3827,3827,4264,4264,3967,3962,4041,4043,876.0,876.0,68.4931506849315,68.4931506849315,74,81,148.0,162.0,,,14.0,14.0,8.641975308641975
GDN0022,HoldingBreath,9,9,9,4264,4264,4706,4706,4405,4400,4478,4498,888.0,888.0,67.56756756756756,67.56756756756756,73,98,146.0,196.0,,,50.0,50.0,25.510204081632654
GDN0022,HoldingBreath,10,10,10,4706,4706,5150,5150,4849,4844,4928,4938,890.0,890.0,67.41573033707866,67.41573033707866,79,94,158.0,188.0,,,30.0,30.0,15.957446808510639
GDN0022,HoldingBreath,11,11,11,5150,5150,5591,5591,5294,5288,5368,5374,878.0,878.0,68.3371298405467,68.3371298405467,74,86,148.0,172.0,,,24.0,24.0,13.953488372093023
GDN0022,HoldingBreath,12,12,12,5591,5591,6028,6028,5732,5726,5806,5809,872.0,872.0,68.80733944954129,68.80733944954129,74,83,148.0,166.0,,,18.0,18.0,10.843373493975903
GDN0022,HoldingBreath,13,13,13,6028,6028,6468,6468,6168,6161,6245,6248,882.0,882.0,68.02721088435374,68.02721088435374,77,87,154.0,174.0,,,20.0,20.0,11.494252873563218
GDN0022,HoldingBreath,14,14,14,6468,6468,6906,6906,6610,6605,6681,6682,874.0,874.0,68.64988558352402,68.64988558352402,71,77,142.0,154.0,,,12.0,12.0,7.792207792207792
GDN0022,HoldingBreath,15,15,15,6906,6906,7342,7342,7047,7041,7121,7116,870.0,870.0,68.96551724137932,68.96551724137932,74,75,148.0,150.0,,,2.0,2.0,1.3333333333333335
GDN0022,HoldingBreath,16,16,16,7342,7342,7774,7774,7482,7478,7555,7576,862.0,862.0,69.60556844547564,69.60556844547564,73,98,146.0,196.0,,,50.0,50.0,25.510204081632654
GDN0022,HoldingBreath,17,17,17,7774,7774,8210,8210,7914,7908,7986,7997,876.0,876.0,68.4931506849315,68.4931506849315,72,89,144.0,178.0,,,34.0,34.0,19.101123595505616
GDN0022,HoldingBreath,18,18,18,8210,8210,8648,8648,8350,8344,8430,8430,878.0,878.0,68.3371298405467,68.3371298405467,80,86,160.0,172.0,,,12.0,12.0,6.976744186046512
GDN0022,HoldingBreath,19,19,19,8648,8648,9089,9089,8789,8783,8868,8876,884.0,884.0,67.87330316742081,67.87330316742081,79,93,158.0,186.0,,,28.0,28.0,15.053763440860216
GDN0022,HoldingBreath,20,20,20,9089,9089,9527,9527,9232,9220,9307,9320,872.0,872.0,68.80733944954129,68.80733944954129,75,100,150.0,200.0,,,50.0,50.0,25.0
GDN0022,HoldingBreath,21,21,21,9527,9527,9960,9960,9668,9661,9739,9760,860.0,860.0,69.76744186046511,69.76744186046511,71,99,142.0,198.0,,,56.0,56.0,28.28282828282828
GDN0022,HoldingBreath,22,22,22,9960,9960,10392,10392,10098,10082,10172,10197,868.0,868.0,69.12442396313364,69.12442396313364,74,115,148.0,230.0,,,82.0,82.0,35.65217391304348
GDN0022,HoldingBreath,23,23,23,10392,10392,10833,10833,10533,10526,10608,10615,890.0,890.0,67.41573033707866,67.41573033707866,75,89,150.0,178.0,,,28.0,28.0,15.730337078651685
GDN0022,HoldingBreath,24,24,24,10833,10833,11279,11279,10976,10971,11053,11057,892.0,892.0,67.26457399103138,67.26457399103138,77,86,154.0,172.0,,,18.0,18.0,10.465116279069768
GDN0022,HoldingBreath,25,25,25,11279,11279,11728,11728,11423,11418,11496,11525,900.0,900.0,66.66666666666667,66.66666666666667,73,107,146.0,214.0,,,68.0,68.0,31.775700934579437
GDN0022,HoldingBreath,26,26,26,11728,11728,12172,12172,11872,11861,11947,11967,882.0,882.0,68.02721088435374,68.02721088435374,75,106,150.0,212.0,,,62.0,62.0,29.245283018867923
GDN0022,HoldingBreath,27,27,27,12172,12172,12612,12612,12313,12307,12389,12395,880.0,880.0,68.18181818181819,68.18181818181819,76,88,152.0,176.0,,,24.0,24.0,13.636363636363635
GDN0022,HoldingBreath,28,28,28,12612,12612,13055,13055,12754,12747,12824,12840,888.0,888.0,67.56756756756756,67.56756756756756,70,93,140.0,186.0,,,46.0,46.0,24.731182795698924
GDN0022,HoldingBreath,29,29,29,13055,13055,13500,13500,13199,13192,13269,13287,892.0,892.0,67.26457399103138,67.26457399103138,70,95,140.0,190.0,,,50.0,50.0,26.31578947368421
GDN0022,HoldingBreath,30,30,30,13500,13500,13945,13945,13644,13640,13715,13738,888.0,888.0,67.56756756756756,67.56756756756756,71,98,142.0,196.0,,,54.0,54.0,27.55102040816326
GDN0022,HoldingBreath,31,31,31,13945,13945,14384,14384,14087,14081,14162,14186,874.0,874.0,68.64988558352402,68.64988558352402,75,105,150.0,210.0,,,60.0,60.0,28.57142857142857
GDN0022,HoldingBreath,32,32,32,14384,14384,14822,14822,14525,14520,14598,14609,878.0,878.0,68.3371298405467,68.3371298405467,73,89,146.0,178.0,,,32.0,32.0,17.97752808988764
GDN0022,HoldingBreath,33,33,33,14822,14822,15262,15262,14963,14958,15035,15056,880.0,880.0,68.18181818181819,68.18181818181819,72,98,144.0,196.0,,,52.0,52.0,26.53061224489796
GDN0022,HoldingBreath,34,34,34,15262,15262,15701,15701,15403,15396,15481,15512,878.0,878.0,68.3371298405467,68.3371298405467,78,116,156.0,232.0,,,76.0,76.0,32.758620689655174
GDN0022,HoldingBreath,35,35,35,15701,15701,16134,16134,15839,15837,15914,15936,860.0,860.0,69.76744186046511,69.76744186046511,75,99,150.0,198.0,,,48.0,48.0,24.242424242424242
GDN0022,HoldingBreath,36,36,36,16134,16134,16567,16567,16272,16266,16345,16361,868.0,868.0,69.12442396313364,69.12442396313364,73,95,146.0,190.0,,,44.0,44.0,23.157894736842106
GDN0022,HoldingBreath,37,37,37,16567,16567,17001,17001,16707,16703,16784,16787,868.0,868.0,69.12442396313364,69.12442396313364,77,84,154.0,168.0,,,14.0,14.0,8.333333333333332
GDN0022,HoldingBreath,38,38,38,17001,17001,17433,17433,17141,17135,17215,17237,862.0,862.0,69.60556844547564,69.60556844547564,74,102,148.0,204.0,,,56.0,56.0,27.450980392156865
GDN0022,HoldingBreath,39,39,39,17433,17433,17863,17863,17572,17565,17643,17667,858.0,858.0,69.93006993006993,69.93006993006993,71,102,142.0,204.0,,,62.0,62.0,30.392156862745097
GDN0022,HoldingBreath,40,40,40,17863,17863,18289,18289,18001,17997,18072,18092,850.0,850.0,70.58823529411765,70.58823529411765,71,95,142.0,190.0,,,48.0,48.0,25.263157894736842
GDN0022,HoldingBreath,41,41,41,18289,18289,18710,18710,18425,18419,18497,18517,838.0,838.0,71.59904534606206,71.59904534606206,72,98,144.0,196.0,,,52.0,52.0,26.53061224489796
GDN0022,HoldingBreath,42,42,42,18710,18710,19128,19128,18845,18838,18920,18949,834.0,834.0,71.94244604316548,71.94244604316548,75,111,150.0,222.0,,,72.0,72.0,32.432432432432435
GDN0022,HoldingBreath,43,43,43,19128,19128,19542,19542,19262,19256,19338,19347,826.0,826.0,72.63922518159806,72.63922518159806,76,91,152.0,182.0,,,30.0,30.0,16.483516483516482
GDN0022,HoldingBreath,44,44,44,19542,19542,19961,19961,19676,19660,19747,19758,842.0,842.0,71.25890736342043,71.25890736342043,71,98,142.0,196.0,,,54.0,54.0,27.55102040816326
GDN0022,HoldingBreath,45,45,45,19961,19961,20384,20384,20097,20092,20172,20174,850.0,850.0,70.58823529411765,70.58823529411765,75,82,150.0,164.0,,,14.0,14.0,8.536585365853659
GDN0022,HoldingBreath,46,46,46,20384,20384,20809,20809,20521,20516,20599,20598,848.0,848.0,70.75471698113208,70.75471698113208,78,82,156.0,164.0,,,8.0,8.0,4.878048780487805
GDN0022,HoldingBreath,47,47,47,20809,20809,21232,21232,20946,20942,21024,21032,846.0,846.0,70.92198581560284,70.92198581560284,78,90,156.0,180.0,,,24.0,24.0,13.333333333333334
GDN0022,HoldingBreath,48,48,48,21232,21232,21650,21650,21368,21354,21439,21461,830.0,830.0,72.28915662650603,72.28915662650603,71,107,142.0,214.0,,,72.0,72.0,33.64485981308411
GDN0022,HoldingBreath,49,49,49,21650,21650,22071,22071,21783,21777,21853,21864,850.0,850.0,70.58823529411765,70.58823529411765,70,87,140.0,174.0,,,34.0,34.0,19.54022988505747
GDN0022,HoldingBreath,50,50,50,22071,22071,22500,22500,22208,22202,22277,22295,862.0,862.0,69.60556844547564,69.60556844547564,69,93,138.0,186.0,,,48.0,48.0,25.806451612903224
GDN0022,HoldingBreath,51,51,51,22500,22500,22934,22934,22640,22633,22710,22731,870.0,870.0,68.96551724137932,68.96551724137932,70,98,140.0,196.0,,,56.0,56.0,28.57142857142857
GDN0022,HoldingBreath,52,52,52,22934,22934,23363,23363,23074,23066,23147,23172,852.0,852.0,70.4225352112676,70.4225352112676,73,106,146.0,212.0,,,66.0,66.0,31.132075471698112
GDN0022,HoldingBreath,53,53,53,23363,23363,23787,23787,23499,23493,23574,23587,846.0,846.0,70.92198581560284,70.92198581560284,75,94,150.0,188.0,,,38.0,38.0,20.212765957446805
GDN0022,HoldingBreath,54,54,54,23787,23787,24216,24216,23923,23916,23994,24012,866.0,866.0,69.28406466512702,69.28406466512702,71,96,142.0,192.0,,,50.0,50.0,26.041666666666668
GDN0022,HoldingBreath,55,55,55,24216,24216,24652,24652,24356,24349,24430,24438,874.0,874.0,68.64988558352402,68.64988558352402,74,89,148.0,178.0,,,30.0,30.0,16.853932584269664
GDN0022,HoldingBreath,56,56,56,24652,24652,25092,25092,24793,24788,24861,24879,882.0,882.0,68.02721088435374,68.02721088435374,68,91,136.0,182.0,,,46.0,46.0,25.274725274725274
GDN0022,HoldingBreath,57,57,57,25092,25092,25527,25527,25234,25228,25306,25326,866.0,866.0,69.28406466512702,69.28406466512702,72,98,144.0,196.0,,,52.0,52.0,26.53061224489796
GDN0022,HoldingBreath,59,59,59,25958,25958,26398,26398,26097,26087,26168,26185,888.0,888.0,67.56756756756756,67.56756756756756,71,98,142.0,196.0,,,54.0,54.0,27.55102040816326
GDN0022,HoldingBreath,60,60,60,26398,26398,26842,26842,26539,26535,26612,26637,890.0,890.0,67.41573033707866,67.41573033707866,73,102,146.0,204.0,,,58.0,58.0,28.431372549019606
GDN0022,HoldingBreath,61,61,61,26842,26842,27285,27285,26985,26979,27061,27091,884.0,884.0,67.87330316742081,67.87330316742081,76,112,152.0,224.0,,,72.0,72.0,32.142857142857146
GDN0022,HoldingBreath,62,62,62,27285,27285,27723,27723,27428,27423,27497,27513,872.0,872.0,68.80733944954129,68.80733944954129,69,90,138.0,180.0,,,42.0,42.0,23.333333333333332
GDN0022,HoldingBreath,63,63,63,27723,27723,28165,28165,27864,27859,27937,27957,890.0,890.0,67.41573033707866,67.41573033707866,73,98,146.0,196.0,,,50.0,50.0,25.510204081632654
GDN0022,HoldingBreath,64,64,64,28165,28165,28612,28612,28308,28304,28385,28389,896.0,896.0,66.96428571428571,66.96428571428571,77,85,154.0,170.0,,,16.0,16.0,9.411764705882353
GDN0022,HoldingBreath,65,65,65,28612,28612,29058,29058,28756,28741,28824,28842,890.0,890.0,67.41573033707866,67.41573033707866,68,101,136.0,202.0,,,66.0,66.0,32.67326732673268
GDN0022,HoldingBreath,66,66,66,29058,29058,29496,29496,29202,29196,29273,29296,868.0,868.0,69.12442396313364,69.12442396313364,71,100,142.0,200.0,,,58.0,58.0,28.999999999999996
GDN0022,HoldingBreath,67,67,67,29496,29496,29930,29930,29635,29630,29712,29721,,,,,77,91,154.0,182.0,,,28.0,28.0,15.384615384615385
GDN0022,TiltLevel,0,0,0,443,443,1004,1004,624,620,690,676,1122.0,1122.0,53.475935828877,53.475935828877,66,56,132.0,112.0,,,-20.0,20.0,17.857142857142858
GDN0022,TiltLevel,1,1,1,1004,1004,1573,1573,1187,1181,1251,1253,1148.0,1148.0,52.264808362369344,52.264808362369344,64,72,128.0,144.0,,,16.0,16.0,11.11111111111111
GDN0022,TiltLevel,2,2,2,1573,1573,2143,2143,1760,1754,1826,1807,1136.0,1136.0,52.81690140845071,52.81690140845071,66,53,132.0,106.0,,,-26.0,26.0,24.528301886792452
GDN0022,TiltLevel,3,3,3,2143,2143,2714,2714,2328,2323,2393,2390,1146.0,1146.0,52.35602094240838,52.35602094240838,65,67,130.0,134.0,,,4.0,4.0,2.9850746268656714
GDN0022,TiltLevel,4,4,4,2714,2714,3278,3278,2901,2896,2967,2947,1118.0,1118.0,53.66726296958855,53.66726296958855,66,51,132.0,102.0,,,-30.0,30.0,29.411764705882355
GDN0022,TiltLevel,5,5,5,3278,3278,3852,3852,3460,3454,3526,3522,1162.0,1162.0,51.63511187607573,51.63511187607573,66,68,132.0,136.0,,,4.0,4.0,2.941176470588235
GDN0022,TiltLevel,6,6,6,3852,3852,4426,4426,4041,4035,4107,4088,1140.0,1140.0,52.631578947368425,52.631578947368425,66,53,132.0,106.0,,,-26.0,26.0,24.528301886792452
GDN0022,TiltLevel,7,7,7,4426,4426,4978,4978,4612,4606,4676,4676,1086.0,1086.0,55.248618784530386,55.248618784530386,64,70,128.0,140.0,,,12.0,12.0,8.571428571428571
GDN0022,TiltLevel,8,8,8,4978,4978,5542,5542,5154,5149,5220,5207,1152.0,1152.0,52.083333333333336,52.083333333333336,66,58,132.0,116.0,,,-16.0,16.0,13.793103448275861
GDN0022,TiltLevel,9,9,9,5542,5542,6111,6111,5730,5724,5797,5800,1130.0,1130.0,53.09734513274337,53.09734513274337,67,76,134.0,152.0,,,18.0,18.0,11.842105263157894
GDN0022,TiltLevel,10,10,10,6111,6111,6653,6653,6295,6290,6361,6347,1058.0,1058.0,56.71077504725898,56.71077504725898,66,57,132.0,114.0,,,-18.0,18.0,15.789473684210526
GDN0022,TiltLevel,12,12,12,7186,7186,7714,7714,7359,7354,7424,7422,1050.0,1050.0,57.14285714285714,57.14285714285714,65,68,130.0,136.0,,,6.0,6.0,4.411764705882353
GDN0022,TiltLevel,13,13,13,7714,7714,8241,8241,7884,7880,7949,7941,1054.0,1054.0,56.92599620493358,56.92599620493358,65,61,130.0,122.0,,,-8.0,8.0,6.557377049180328
GDN0022,TiltLevel,14,14,14,8241,8241,8786,8786,8412,8406,8477,8480,1110.0,1110.0,54.05405405405405,54.05405405405405,65,74,130.0,148.0,,,18.0,18.0,12.162162162162163
GDN0022,TiltLevel,15,15,15,8786,8786,9134,9134,8965,8961,9032,9023,474.0,474.0,126.58227848101266,126.58227848101266,67,62,134.0,124.0,,,-10.0,10.0,8.064516129032258
GDN0022,TiltLevel,17,17,17,9417,9417,9873,9873,9512,9506,9577,9578,1070.0,1070.0,56.074766355140184,56.074766355140184,65,72,130.0,144.0,,,14.0,14.0,9.722222222222223
GDN0022,TiltLevel,18,18,18,9873,9873,10405,10405,10047,10042,10111,10114,1062.0,1062.0,56.497175141242934,56.497175141242934,64,72,128.0,144.0,,,16.0,16.0,11.11111111111111
GDN0022,TiltLevel,19,19,19,10405,10405,10951,10951,10578,10572,10641,10622,1108.0,1108.0,54.15162454873646,54.15162454873646,63,50,126.0,100.0,,,-26.0,26.0,26.0
GDN0022,TiltLevel,20,20,20,10951,10951,11504,11504,11131,11126,11197,11195,1104.0,1104.0,54.347826086956516,54.347826086956516,66,69,132.0,138.0,,,6.0,6.0,4.3478260869565215
GDN0022,TiltLevel,21,21,21,11504,11504,12052,12052,11682,11678,11750,11746,1092.0,1092.0,54.94505494505494,54.94505494505494,68,68,136.0,136.0,,,0.0,0.0,0.0
GDN0022,TiltLevel,22,22,22,12052,12052,12599,12599,12229,12224,12294,12285,1094.0,1094.0,54.84460694698354,54.84460694698354,65,61,130.0,122.0,,,-8.0,8.0,6.557377049180328
GDN0022,TiltLevel,23,23,23,12599,12599,13151,13151,12776,12771,12841,12821,1110.0,1110.0,54.05405405405405,54.05405405405405,65,50,130.0,100.0,,,-30.0,30.0,30.0
GDN0022,TiltLevel,24,24,24,13151,13151,13705,13705,13331,13326,13395,13388,1108.0,1108.0,54.15162454873646,54.15162454873646,64,62,128.0,124.0,,,-4.0,4.0,3.225806451612903
GDN0022,TiltLevel,25,25,25,13705,13705,14259,14259,13885,13880,13950,13941,1108.0,1108.0,54.15162454873646,54.15162454873646,65,61,130.0,122.0,,,-8.0,8.0,6.557377049180328
GDN0022,TiltLevel,26,26,26,14259,14259,14814,14814,14439,14433,14503,14511,1110.0,1110.0,54.05405405405405,54.05405405405405,64,78,128.0,156.0,,,28.0,28.0,17.94871794871795
GDN0022,TiltLevel,27,27,27,14814,14814,15367,15367,14994,14989,15060,15052,1104.0,1104.0,54.347826086956516,54.347826086956516,66,63,132.0,126.0,,,-6.0,6.0,4.761904761904762
GDN0022,TiltLevel,28,28,28,15367,15367,15906,15906,15546,15540,15609,15603,1066.0,1066.0,56.28517823639775,56.28517823639775,63,63,126.0,126.0,,,0.0,0.0,0.0
GDN0022,TiltLevel,29,29,29,15906,15906,16458,16458,16079,16074,16143,16114,1122.0,1122.0,53.475935828877,53.475935828877,64,40,128.0,80.0,,,-48.0,48.0,60.0
GDN0022,TiltLevel,30,30,30,16458,16458,17013,17013,16640,16634,16705,16705,1106.0,1106.0,54.24954792043399,54.24954792043399,65,71,130.0,142.0,,,12.0,12.0,8.450704225352112
GDN0022,TiltLevel,31,31,31,17013,17013,17557,17557,17193,17187,17258,17251,1076.0,1076.0,55.762081784386616,55.762081784386616,65,64,130.0,128.0,,,-2.0,2.0,1.5625
GDN0022,TiltLevel,32,32,32,17557,17557,18096,18096,17731,17725,17795,17777,1080.0,1080.0,55.55555555555555,55.55555555555555,64,52,128.0,104.0,,,-24.0,24.0,23.076923076923077
GDN0022,TiltLevel,33,33,33,18096,18096,18647,18647,18271,18265,18333,18318,1114.0,1114.0,53.85996409335726,53.85996409335726,62,53,124.0,106.0,,,-18.0,18.0,16.9811320754717
GDN0022,TiltLevel,34,34,34,18647,18647,19200,19200,18828,18821,18893,18887,1102.0,1102.0,54.44646098003629,54.44646098003629,65,66,130.0,132.0,,,2.0,2.0,1.5151515151515151
GDN0022,TiltLevel,35,35,35,19200,19200,19744,19744,19379,19373,19445,19441,1080.0,1080.0,55.55555555555555,55.55555555555555,66,68,132.0,136.0,,,4.0,4.0,2.941176470588235
GDN0022,TiltLevel,36,36,36,19744,19744,20276,20276,19918,19913,19985,19966,1056.0,1056.0,56.81818181818181,56.81818181818181,67,53,134.0,106.0,,,-28.0,28.0,26.41509433962264
GDN0022,TiltLevel,37,37,37,20276,20276,20813,20813,20447,20441,20511,20489,1084.0,1084.0,55.35055350553505,55.35055350553505,64,48,128.0,96.0,,,-32.0,32.0,33.33333333333333
GDN0022,TiltLevel,38,38,38,20813,20813,21353,21353,20989,20984,21056,21034,1078.0,1078.0,55.65862708719851,55.65862708719851,67,50,134.0,100.0,,,-34.0,34.0,34.0
GDN0022,TiltLevel,39,39,39,21353,21353,21692,21692,21528,21522,21594,21597,462.0,462.0,129.87012987012986,129.87012987012986,66,75,132.0,150.0,,,18.0,18.0,12.0
GDN0022,TiltLevel,41,41,41,21964,21964,22406,22406,22053,22047,22119,22137,1044.0,1044.0,57.47126436781609,57.47126436781609,66,90,132.0,180.0,,,48.0,48.0,26.666666666666668
GDN0022,TiltLevel,42,42,42,22406,22406,22936,22936,22576,22570,22642,22627,1068.0,1068.0,56.17977528089887,56.17977528089887,66,57,132.0,114.0,,,-18.0,18.0,15.789473684210526
GDN0022,TiltLevel,43,43,43,22936,22936,23464,23464,23109,23104,23175,23174,1050.0,1050.0,57.14285714285714,57.14285714285714,66,70,132.0,140.0,,,8.0,8.0,5.714285714285714
GDN0022,TiltLevel,44,44,44,23464,23464,23985,23985,23634,23629,23698,23696,1038.0,1038.0,57.80346820809248,57.80346820809248,64,67,128.0,134.0,,,6.0,6.0,4.477611940298507
GDN0022,TiltLevel,45,45,45,23985,23985,24505,24505,24153,24147,24218,24224,1040.0,1040.0,57.69230769230769,57.69230769230769,65,77,130.0,154.0,,,24.0,24.0,15.584415584415584
GDN0022,TiltLevel,46,46,46,24505,24505,25034,25034,24672,24667,24737,24719,1068.0,1068.0,56.17977528089887,56.17977528089887,65,52,130.0,104.0,,,-26.0,26.0,25.0
GDN0022,TiltLevel,47,47,47,25034,25034,25568,25568,25206,25201,25273,25258,1068.0,1068.0,56.17977528089887,56.17977528089887,67,57,134.0,114.0,,,-20.0,20.0,17.543859649122805
GDN0022,TiltLevel,48,48,48,25568,25568,25905,25905,25740,25735,25807,25787,462.0,462.0,129.87012987012986,129.87012987012986,67,52,134.0,104.0,,,-30.0,30.0,28.846153846153843
GDN0022,TiltLevel,50,50,50,26180,26180,26635,26635,26271,26265,26336,26324,1078.0,1078.0,55.65862708719851,55.65862708719851,65,59,130.0,118.0,,,-12.0,12.0,10.16949152542373
GDN0022,TiltLevel,51,51,51,26635,26635,26992,26992,26809,26804,26875,26865,518.0,518.0,115.83011583011583,115.83011583011583,66,61,132.0,122.0,,,-10.0,10.0,8.19672131147541
GDN0022,TiltLevel,53,53,53,27504,27504,28109,28109,27717,27712,27776,27761,1164.0,1164.0,51.54639175257732,51.54639175257732,59,49,118.0,98.0,,,-20.0,20.0,20.408163265306122
GDN0022,TiltLevel,54,54,54,28109,28109,28678,28678,28299,28294,28361,28361,1124.0,1124.0,53.380782918149464,53.380782918149464,62,67,124.0,134.0,,,10.0,10.0,7.462686567164178
GDN0022,TiltLevel,55,55,55,28678,28678,29232,29232,28861,28856,28927,28927,1100.0,1100.0,54.54545454545454,54.54545454545454,66,71,132.0,142.0,,,10.0,10.0,7.042253521126761
GDN0022,TiltLevel,56,56,56,29232,29232,29782,29782,29410,29406,29477,29460,,,,,67,54,134.0,108.0,,,-26.0,26.0,24.074074074074073
GDN0023,Pause,0,0,0,349,349,821,821,500,495,574,561,944.0,944.0,63.55932203389831,63.55932203389831,74,66,148.0,132.0,,,-16.0,16.0,12.121212121212121
GDN0023,Pause,1,1,1,821,821,1282,1282,973,968,1044,1036,912.0,912.0,65.78947368421052,65.78947368421052,71,68,142.0,136.0,,,-6.0,6.0,4.411764705882353
GDN0023,Pause,2,2,2,1282,1282,1785,1785,1429,1425,1501,1499,1054.0,1054.0,56.92599620493358,56.92599620493358,72,74,144.0,148.0,,,4.0,4.0,2.7027027027027026
GDN0023,Pause,3,3,3,1785,1785,2288,2288,1956,1951,2028,2021,980.0,980.0,61.224489795918366,61.224489795918366,72,70,144.0,140.0,,,-4.0,4.0,2.857142857142857
GDN0023,Pause,4,4,4,2288,2288,2778,2778,2446,2441,2518,2510,982.0,982.0,61.09979633401222,61.09979633401222,72,69,144.0,138.0,,,-6.0,6.0,4.3478260869565215
GDN0023,Pause,5,5,5,2778,2778,3283,3283,2937,2933,3008,3002,1026.0,1026.0,58.47953216374269,58.47953216374269,71,69,142.0,138.0,,,-4.0,4.0,2.898550724637681
GDN0023,Pause,6,6,6,3283,3283,3842,3842,3449,3445,3522,3509,1166.0,1166.0,51.45797598627787,51.45797598627787,73,64,146.0,128.0,,,-18.0,18.0,14.0625
GDN0023,Pause,7,7,7,3842,3842,4422,4422,4032,4028,4105,4096,1158.0,1158.0,51.81347150259068,51.81347150259068,73,68,146.0,136.0,,,-10.0,10.0,7.352941176470589
GDN0023,Pause,8,8,8,4422,4422,5014,5014,4612,4607,4685,4685,1196.0,1196.0,50.16722408026756,50.16722408026756,73,78,146.0,156.0,,,10.0,10.0,6.41025641025641
GDN0023,Pause,9,9,9,5014,5014,5597,5597,5210,5205,5280,5275,1150.0,1150.0,52.173913043478265,52.173913043478265,70,70,140.0,140.0,,,0.0,0.0,0.0
GDN0023,Pause,10,10,10,5597,5597,6186,6186,5785,5780,5854,5849,1194.0,1194.0,50.25125628140704,50.25125628140704,69,69,138.0,138.0,,,0.0,0.0,0.0
GDN0023,Pause,11,11,11,6186,6186,6766,6766,6382,6378,6456,6441,1140.0,1140.0,52.631578947368425,52.631578947368425,74,63,148.0,126.0,,,-22.0,22.0,17.46031746031746
GDN0023,Pause,12,12,12,6766,6766,7310,7310,6952,6947,7025,7011,1062.0,1062.0,56.497175141242934,56.497175141242934,73,64,146.0,128.0,,,-18.0,18.0,14.0625
GDN0023,Pause,13,13,13,7310,7310,7822,7822,7482,7478,7554,7541,1004.0,1004.0,59.7609561752988,59.7609561752988,72,63,144.0,126.0,,,-18.0,18.0,14.285714285714285
GDN0023,Pause,14,14,14,7822,7822,8326,8326,7984,7979,8055,8049,1010.0,1010.0,59.40594059405941,59.40594059405941,71,70,142.0,140.0,,,-2.0,2.0,1.4285714285714286
GDN0023,Pause,15,15,15,8326,8326,8827,8827,8490,8485,8561,8553,998.0,998.0,60.120240480961925,60.120240480961925,71,68,142.0,136.0,,,-6.0,6.0,4.411764705882353
GDN0023,Pause,16,16,16,8827,8827,9405,9405,8988,8984,9060,9060,1240.0,1240.0,48.38709677419355,48.38709677419355,72,76,144.0,152.0,,,8.0,8.0,5.263157894736842
GDN0023,Pause,17,17,17,9405,9405,10017,10017,9609,9604,9683,9664,1216.0,1216.0,49.3421052631579,49.3421052631579,74,60,148.0,120.0,,,-28.0,28.0,23.333333333333332
GDN0023,Pause,18,18,18,10017,10017,10609,10609,10217,10212,10291,10291,1166.0,1166.0,51.45797598627787,51.45797598627787,74,79,148.0,158.0,,,10.0,10.0,6.329113924050633
GDN0023,Pause,19,19,19,10609,10609,11176,11176,10800,10795,10875,10870,1116.0,1116.0,53.76344086021505,53.76344086021505,75,75,150.0,150.0,,,0.0,0.0,0.0
GDN0023,Pause,20,20,20,11176,11176,11708,11708,11358,11353,11432,11422,1036.0,1036.0,57.915057915057915,57.915057915057915,74,69,148.0,138.0,,,-10.0,10.0,7.246376811594203
GDN0023,Pause,21,21,21,11708,11708,12211,12211,11876,11871,11948,11940,990.0,990.0,60.60606060606061,60.60606060606061,72,69,144.0,138.0,,,-6.0,6.0,4.3478260869565215
GDN0023,Pause,22,22,22,12211,12211,12706,12706,12371,12366,12443,12437,990.0,990.0,60.60606060606061,60.60606060606061,72,71,144.0,142.0,,,-2.0,2.0,1.4084507042253522
GDN0023,Pause,23,23,23,12706,12706,13244,13244,12866,12861,12939,12929,1122.0,1122.0,53.475935828877,53.475935828877,73,68,146.0,136.0,,,-10.0,10.0,7.352941176470589
GDN0023,Pause,24,24,24,13244,13244,13808,13808,13426,13422,13502,13491,1132.0,1132.0,53.0035335689046,53.0035335689046,76,69,152.0,138.0,,,-14.0,14.0,10.144927536231885
GDN0023,Pause,25,25,25,13808,13808,14366,14366,13992,13988,14068,14052,1108.0,1108.0,54.15162454873646,54.15162454873646,76,64,152.0,128.0,,,-24.0,24.0,18.75
GDN0023,Pause,26,26,26,14366,14366,14913,14913,14547,14542,14621,14604,1086.0,1086.0,55.248618784530386,55.248618784530386,74,62,148.0,124.0,,,-24.0,24.0,19.35483870967742
GDN0023,Pause,27,27,27,14913,14913,15440,15440,15090,15085,15162,15151,1038.0,1038.0,57.80346820809248,57.80346820809248,72,66,144.0,132.0,,,-12.0,12.0,9.090909090909092
GDN0023,Pause,28,28,28,15440,15440,15966,15966,15608,15604,15681,15677,1058.0,1058.0,56.71077504725898,56.71077504725898,73,73,146.0,146.0,,,0.0,0.0,0.0
GDN0023,Pause,29,29,29,15966,15966,16503,16503,16137,16133,16210,16204,1082.0,1082.0,55.452865064695004,55.452865064695004,73,71,146.0,142.0,,,-4.0,4.0,2.8169014084507045
GDN0023,Pause,30,30,30,16503,16503,17064,17064,16678,16674,16753,16744,1144.0,1144.0,52.447552447552454,52.447552447552454,75,70,150.0,140.0,,,-10.0,10.0,7.142857142857142
GDN0023,Pause,31,31,31,17064,17064,17640,17640,17250,17246,17325,17309,1156.0,1156.0,51.90311418685121,51.90311418685121,75,63,150.0,126.0,,,-24.0,24.0,19.047619047619047
GDN0023,Pause,32,32,32,17640,17640,18194,18194,17829,17824,17902,17893,1084.0,1084.0,55.35055350553505,55.35055350553505,73,69,146.0,138.0,,,-8.0,8.0,5.797101449275362
GDN0023,Pause,33,33,33,18194,18194,18709,18709,18371,18366,18443,18436,1000.0,1000.0,60.0,60.0,72,70,144.0,140.0,,,-4.0,4.0,2.857142857142857
GDN0023,Pause,34,34,34,18709,18709,19203,19203,18870,18866,18943,18931,982.0,982.0,61.09979633401222,61.09979633401222,73,65,146.0,130.0,,,-16.0,16.0,12.307692307692308
GDN0023,Pause,35,35,35,19203,19203,19721,19721,19361,19357,19431,19423,1064.0,1064.0,56.39097744360902,56.39097744360902,70,66,140.0,132.0,,,-8.0,8.0,6.0606060606060606
GDN0023,Pause,36,36,36,19721,19721,20260,20260,19893,19889,19965,19953,1086.0,1086.0,55.248618784530386,55.248618784530386,72,64,144.0,128.0,,,-16.0,16.0,12.5
GDN0023,Pause,37,37,37,20260,20260,20812,20812,20437,20433,20511,20508,1114.0,1114.0,53.85996409335726,53.85996409335726,74,75,148.0,150.0,,,2.0,2.0,1.3333333333333335
GDN0023,Pause,38,38,38,20812,20812,21354,21354,20993,20989,21066,21058,1068.0,1068.0,56.17977528089887,56.17977528089887,73,69,146.0,138.0,,,-8.0,8.0,5.797101449275362
GDN0023,Pause,39,39,39,21354,21354,21869,21869,21528,21523,21598,21594,1010.0,1010.0,59.40594059405941,59.40594059405941,70,71,140.0,142.0,,,2.0,2.0,1.4084507042253522
GDN0023,Pause,40,40,40,21869,21869,22366,22366,22032,22028,22104,22097,986.0,986.0,60.851926977687626,60.851926977687626,72,69,144.0,138.0,,,-6.0,6.0,4.3478260869565215
GDN0023,Pause,41,41,41,22366,22366,22870,22870,22526,22521,22597,22589,1018.0,1018.0,58.93909626719057,58.93909626719057,71,68,142.0,136.0,,,-6.0,6.0,4.411764705882353
GDN0023,Pause,42,42,42,22870,22870,23413,23413,23034,23030,23106,23096,1122.0,1122.0,53.475935828877,53.475935828877,72,66,144.0,132.0,,,-12.0,12.0,9.090909090909092
GDN0023,Pause,43,43,43,23413,23413,23984,23984,23596,23591,23666,23656,1154.0,1154.0,51.99306759098787,51.99306759098787,70,65,140.0,130.0,,,-10.0,10.0,7.6923076923076925
GDN0023,Pause,44,44,44,23984,23984,24564,24564,24173,24168,24247,24231,1164.0,1164.0,51.54639175257732,51.54639175257732,74,63,148.0,126.0,,,-22.0,22.0,17.46031746031746
GDN0023,Pause,45,45,45,24564,24564,25111,25111,24755,24750,24829,24814,1056.0,1056.0,56.81818181818181,56.81818181818181,74,64,148.0,128.0,,,-20.0,20.0,15.625
GDN0023,Pause,46,46,46,25111,25111,25611,25611,25282,25278,25355,25347,968.0,968.0,61.98347107438017,61.98347107438017,73,69,146.0,138.0,,,-8.0,8.0,5.797101449275362
GDN0023,Pause,47,47,47,25611,25611,26092,26092,25766,25762,25839,25834,960.0,960.0,62.5,62.5,73,72,146.0,144.0,,,-2.0,2.0,1.3888888888888888
GDN0023,Pause,48,48,48,26092,26092,26589,26589,26247,26242,26317,26310,1012.0,1012.0,59.28853754940712,59.28853754940712,70,68,140.0,136.0,,,-4.0,4.0,2.941176470588235
GDN0023,Pause,49,49,49,26589,26589,27194,27194,26752,26748,26823,26824,1316.0,1316.0,45.59270516717325,45.59270516717325,71,76,142.0,152.0,,,10.0,10.0,6.578947368421052
GDN0023,Pause,50,50,50,27194,27194,27819,27819,27411,27406,27481,27469,1214.0,1214.0,49.423393739703464,49.423393739703464,70,63,140.0,126.0,,,-14.0,14.0,11.11111111111111
GDN0023,Pause,51,51,51,27819,27819,28414,28414,28018,28013,28092,28079,1180.0,1180.0,50.847457627118644,50.847457627118644,74,66,148.0,132.0,,,-16.0,16.0,12.121212121212121
GDN0023,Pause,52,52,52,28414,28414,28978,28978,28607,28603,28679,28668,1098.0,1098.0,54.64480874316939,54.64480874316939,72,65,144.0,130.0,,,-14.0,14.0,10.76923076923077
GDN0023,Pause,53,53,53,28978,28978,29513,29513,29157,29152,29228,29224,1054.0,1054.0,56.92599620493358,56.92599620493358,71,72,142.0,144.0,,,2.0,2.0,1.3888888888888888
GDN0023,Valsalva,0,0,0,393,393,944,944,572,568,644,634,1102.0,1102.0,54.44646098003629,54.44646098003629,72,66,144.0,132.0,,,-12.0,12.0,9.090909090909092
GDN0023,Valsalva,1,1,1,944,944,1474,1474,1124,1119,1196,1186,1036.0,1036.0,57.915057915057915,57.915057915057915,72,67,144.0,134.0,,,-10.0,10.0,7.462686567164178
GDN0023,Valsalva,2,2,2,1474,1474,1971,1971,1642,1637,1713,1701,972.0,972.0,61.7283950617284,61.7283950617284,71,64,142.0,128.0,,,-14.0,14.0,10.9375
GDN0023,Valsalva,3,3,3,1971,1971,2490,2490,2127,2122,2199,2189,1074.0,1074.0,55.865921787709496,55.865921787709496,72,67,144.0,134.0,,,-10.0,10.0,7.462686567164178
GDN0023,Valsalva,4,4,4,2490,2490,3104,3104,2663,2659,2739,2731,1310.0,1310.0,45.80152671755725,45.80152671755725,76,72,152.0,144.0,,,-8.0,8.0,5.555555555555555
GDN0023,Valsalva,5,5,5,3104,3104,3728,3728,3319,3315,3392,3383,1214.0,1214.0,49.423393739703464,49.423393739703464,73,68,146.0,136.0,,,-10.0,10.0,7.352941176470589
GDN0023,Valsalva,6,6,6,3728,3728,4318,4318,3925,3921,4001,3987,1162.0,1162.0,51.63511187607573,51.63511187607573,76,66,152.0,132.0,,,-20.0,20.0,15.151515151515152
GDN0023,Valsalva,7,7,7,4318,4318,4855,4855,4507,4502,4581,4569,1028.0,1028.0,58.36575875486381,58.36575875486381,74,67,148.0,134.0,,,-14.0,14.0,10.44776119402985
GDN0023,Valsalva,8,8,8,4855,4855,5353,5353,5020,5016,5093,5084,978.0,978.0,61.34969325153374,61.34969325153374,73,68,146.0,136.0,,,-10.0,10.0,7.352941176470589
GDN0023,Valsalva,9,9,9,5353,5353,5852,5852,5510,5505,5582,5574,1010.0,1010.0,59.40594059405941,59.40594059405941,72,69,144.0,138.0,,,-6.0,6.0,4.3478260869565215
GDN0023,Valsalva,10,10,10,5852,5852,6397,6397,6014,6009,6087,6076,1132.0,1132.0,53.0035335689046,53.0035335689046,73,67,146.0,134.0,,,-12.0,12.0,8.955223880597014
GDN0023,Valsalva,11,11,11,6397,6397,6981,6981,6581,6576,6654,6638,1188.0,1188.0,50.505050505050505,50.505050505050505,73,62,146.0,124.0,,,-22.0,22.0,17.741935483870968
GDN0023,Valsalva,12,12,12,6981,6981,7568,7568,7174,7170,7250,7241,1166.0,1166.0,51.45797598627787,51.45797598627787,76,71,152.0,142.0,,,-10.0,10.0,7.042253521126761
GDN0023,Valsalva,13,13,13,7568,7568,8140,8140,7758,7754,7832,7817,1132.0,1132.0,53.0035335689046,53.0035335689046,74,63,148.0,126.0,,,-22.0,22.0,17.46031746031746
GDN0023,Valsalva,14,14,14,8140,8140,8676,8676,8324,8320,8396,8384,1040.0,1040.0,57.69230769230769,57.69230769230769,72,64,144.0,128.0,,,-16.0,16.0,12.5
GDN0023,Valsalva,15,15,15,8676,8676,9165,9165,8844,8839,8916,8906,946.0,946.0,63.42494714587738,63.42494714587738,72,67,144.0,134.0,,,-10.0,10.0,7.462686567164178
GDN0023,Valsalva,16,16,16,9165,9165,9653,9653,9317,9313,9389,9379,992.0,992.0,60.483870967741936,60.483870967741936,72,66,144.0,132.0,,,-12.0,12.0,9.090909090909092
GDN0023,Valsalva,17,17,17,9653,9653,10197,10197,9812,9808,9885,9880,1138.0,1138.0,52.72407732864675,52.72407732864675,73,72,146.0,144.0,,,-2.0,2.0,1.3888888888888888
GDN0023,Valsalva,18,18,18,10197,10197,10774,10774,10383,10378,10456,10443,1162.0,1162.0,51.63511187607573,51.63511187607573,73,65,146.0,130.0,,,-16.0,16.0,12.307692307692308
GDN0023,Valsalva,19,19,19,10774,10774,11351,11351,10963,10959,11036,11028,1150.0,1150.0,52.173913043478265,52.173913043478265,73,69,146.0,138.0,,,-8.0,8.0,5.797101449275362
GDN0023,Valsalva,20,20,20,11351,11351,11910,11910,11539,11534,11611,11602,1102.0,1102.0,54.44646098003629,54.44646098003629,72,68,144.0,136.0,,,-8.0,8.0,5.88235294117647
GDN0023,Valsalva,21,21,21,11910,11910,12446,12446,12089,12084,12160,12149,1054.0,1054.0,56.92599620493358,56.92599620493358,71,65,142.0,130.0,,,-12.0,12.0,9.230769230769232
GDN0023,Valsalva,22,22,22,12446,12446,12984,12984,12616,12611,12688,12677,1090.0,1090.0,55.04587155963302,55.04587155963302,72,66,144.0,132.0,,,-12.0,12.0,9.090909090909092
GDN0023,Valsalva,23,23,23,12984,12984,13545,13545,13161,13156,13234,13220,1138.0,1138.0,52.72407732864675,52.72407732864675,73,64,146.0,128.0,,,-18.0,18.0,14.0625
GDN0023,Valsalva,24,24,24,13545,13545,14107,14107,13731,13726,13804,13788,1116.0,1116.0,53.76344086021505,53.76344086021505,73,62,146.0,124.0,,,-22.0,22.0,17.741935483870968
GDN0023,Valsalva,25,25,25,14107,14107,14662,14662,14289,14284,14362,14349,1108.0,1108.0,54.15162454873646,54.15162454873646,73,65,146.0,130.0,,,-16.0,16.0,12.307692307692308
GDN0023,Valsalva,26,26,26,14662,14662,15198,15198,14843,14838,14917,14905,1052.0,1052.0,57.03422053231939,57.03422053231939,74,67,148.0,134.0,,,-14.0,14.0,10.44776119402985
GDN0023,Valsalva,27,27,27,15198,15198,15715,15715,15369,15364,15440,15435,1024.0,1024.0,58.59375,58.59375,71,71,142.0,142.0,,,0.0,0.0,0.0
GDN0023,Valsalva,28,28,28,15715,15715,16255,16255,15880,15875,15952,15946,1110.0,1110.0,54.05405405405405,54.05405405405405,72,71,144.0,142.0,,,-2.0,2.0,1.4084507042253522
GDN0023,Valsalva,29,29,29,16255,16255,16855,16855,16435,16430,16508,16502,1250.0,1250.0,48.0,48.0,73,72,146.0,144.0,,,-2.0,2.0,1.3888888888888888
GDN0023,Valsalva,30,30,30,16855,16855,17471,17471,17060,17055,17135,17125,1222.0,1222.0,49.09983633387889,49.09983633387889,75,70,150.0,140.0,,,-10.0,10.0,7.142857142857142
GDN0023,Valsalva,31,31,31,17471,17471,18075,18075,17671,17667,17746,17732,1200.0,1200.0,50.0,50.0,75,65,150.0,130.0,,,-20.0,20.0,15.384615384615385
GDN0023,Valsalva,32,32,32,18075,18075,18652,18652,18272,18267,18345,18335,1128.0,1128.0,53.19148936170213,53.19148936170213,73,68,146.0,136.0,,,-10.0,10.0,7.352941176470589
GDN0023,Valsalva,33,33,33,18652,18652,19208,19208,18836,18831,18908,18896,1106.0,1106.0,54.24954792043399,54.24954792043399,72,65,144.0,130.0,,,-14.0,14.0,10.76923076923077
GDN0023,Valsalva,34,34,34,19208,19208,19770,19770,19388,19383,19461,19449,1132.0,1132.0,53.0035335689046,53.0035335689046,73,66,146.0,132.0,,,-14.0,14.0,10.606060606060606
GDN0023,Valsalva,35,35,35,19770,19770,20376,20376,19955,19950,20034,20018,1254.0,1254.0,47.84688995215311,47.84688995215311,79,68,158.0,136.0,,,-22.0,22.0,16.176470588235293
GDN0023,Valsalva,36,36,36,20376,20376,20999,20998,20582,20576,20655,20643,1244.0,1244.0,48.231511254019296,48.231511254019296,73,67,146.0,134.0,,,-12.0,12.0,8.955223880597014
GDN0023,Valsalva,37,37,37,20999,20998,21609,21609,21203,21198,21278,21262,1206.0,1206.0,49.75124378109453,49.75124378109453,75,64,150.0,128.0,,,-22.0,22.0,17.1875
GDN0023,Valsalva,38,38,38,21609,21609,22203,22203,21807,21801,21882,21869,1178.0,1178.0,50.93378607809847,50.93378607809847,75,68,150.0,136.0,,,-14.0,14.0,10.294117647058822
GDN0023,Valsalva,39,39,39,22203,22203,22770,22770,22396,22391,22471,22462,1112.0,1112.0,53.956834532374096,53.956834532374096,75,71,150.0,142.0,,,-8.0,8.0,5.633802816901409
GDN0023,Valsalva,40,40,40,22770,22770,23305,23305,22951,22947,23022,23016,1046.0,1046.0,57.36137667304015,57.36137667304015,71,69,142.0,138.0,,,-4.0,4.0,2.898550724637681
GDN0023,Valsalva,41,41,41,23305,23305,23852,23852,23475,23470,23547,23532,1120.0,1120.0,53.57142857142857,53.57142857142857,72,62,144.0,124.0,,,-20.0,20.0,16.129032258064516
GDN0023,Valsalva,42,42,42,23852,23852,24447,24447,24034,24029,24107,24097,1228.0,1228.0,48.8599348534202,48.8599348534202,73,68,146.0,136.0,,,-10.0,10.0,7.352941176470589
GDN0023,Valsalva,43,43,43,24447,24447,25053,25053,24648,24643,24723,24710,1204.0,1204.0,49.83388704318937,49.83388704318937,75,67,150.0,134.0,,,-16.0,16.0,11.940298507462686
GDN0023,Valsalva,44,44,44,25053,25053,25653,25653,25250,25245,25326,25316,1196.0,1196.0,50.16722408026756,50.16722408026756,76,71,152.0,142.0,,,-10.0,10.0,7.042253521126761
GDN0023,Valsalva,45,45,45,25653,25653,26246,26246,25848,25844,25923,25908,1182.0,1182.0,50.76142131979696,50.76142131979696,75,64,150.0,128.0,,,-22.0,22.0,17.1875
GDN0023,Valsalva,46,46,46,26246,26246,26804,26804,26440,26435,26512,26502,1080.0,1080.0,55.55555555555555,55.55555555555555,72,67,144.0,134.0,,,-10.0,10.0,7.462686567164178
GDN0023,Valsalva,47,47,47,26804,26804,27344,27344,26980,26976,27051,27043,1080.0,1080.0,55.55555555555555,55.55555555555555,71,67,142.0,134.0,,,-8.0,8.0,5.970149253731343
GDN0023,Valsalva,48,48,48,27344,27344,27912,27912,27520,27515,27591,27578,1166.0,1166.0,51.45797598627787,51.45797598627787,71,63,142.0,126.0,,,-16.0,16.0,12.698412698412698
GDN0023,Valsalva,49,49,49,27912,27912,28522,28522,28102,28098,28177,28167,1250.0,1250.0,48.0,48.0,75,69,150.0,138.0,,,-12.0,12.0,8.695652173913043
GDN0023,Valsalva,50,50,50,28522,28522,29113,29113,28728,28723,28801,28789,1146.0,1146.0,52.35602094240838,52.35602094240838,73,66,146.0,132.0,,,-14.0,14.0,10.606060606060606
GDN0023,Valsalva,51,51,51,29113,29113,29648,29648,29301,29296,29374,29360,1028.0,1028.0,58.36575875486381,58.36575875486381,73,64,146.0,128.0,,,-18.0,18.0,14.0625
GDN0023,HoldingBreath,0,0,0,96,96,566,566,247,243,319,310,940.0,940.0,63.829787234042556,63.829787234042556,72,67,144.0,134.0,,,-10.0,10.0,7.462686567164178
GDN0023,HoldingBreath,1,1,1,566,566,1085,1085,718,714,791,784,1090.0,1090.0,55.04587155963302,55.04587155963302,73,70,146.0,140.0,,,-6.0,6.0,4.285714285714286
GDN0023,HoldingBreath,2,2,2,1085,1085,1630,1630,1262,1258,1339,1329,1088.0,1088.0,55.147058823529406,55.147058823529406,77,71,154.0,142.0,,,-12.0,12.0,8.450704225352112
GDN0023,HoldingBreath,3,3,3,1630,1630,2180,2180,1806,1802,1882,1868,1108.0,1108.0,54.15162454873646,54.15162454873646,76,66,152.0,132.0,,,-20.0,20.0,15.151515151515152
GDN0023,HoldingBreath,4,4,4,2180,2180,2721,2721,2361,2356,2435,2427,1068.0,1068.0,56.17977528089887,56.17977528089887,74,71,148.0,142.0,,,-6.0,6.0,4.225352112676056
GDN0023,HoldingBreath,5,5,5,2721,2721,3241,3241,2893,2889,2966,2957,1024.0,1024.0,58.59375,58.59375,73,68,146.0,136.0,,,-10.0,10.0,7.352941176470589
GDN0023,HoldingBreath,6,6,6,3241,3241,3777,3777,3406,3402,3479,3479,1098.0,1098.0,54.64480874316939,54.64480874316939,73,77,146.0,154.0,,,8.0,8.0,5.194805194805195
GDN0023,HoldingBreath,7,7,7,3777,3777,4335,4335,3956,3951,4031,4029,1126.0,1126.0,53.28596802841919,53.28596802841919,75,78,150.0,156.0,,,6.0,6.0,3.8461538461538463
GDN0023,HoldingBreath,8,8,8,4335,4335,4858,4858,4518,4514,4594,4582,1002.0,1002.0,59.880239520958085,59.880239520958085,76,68,152.0,136.0,,,-16.0,16.0,11.76470588235294
GDN0023,HoldingBreath,9,9,9,4858,4858,5309,5309,5019,5014,5089,5087,850.0,850.0,70.58823529411765,70.58823529411765,70,73,140.0,146.0,,,6.0,6.0,4.10958904109589
GDN0023,HoldingBreath,10,10,10,5309,5309,5700,5700,5446,5441,5516,5513,744.0,744.0,80.64516129032258,80.64516129032258,70,72,140.0,144.0,,,4.0,4.0,2.7777777777777777
GDN0023,HoldingBreath,11,11,11,5700,5700,6058,6058,5818,5812,5887,5872,702.0,702.0,85.47008547008548,85.47008547008548,69,60,138.0,120.0,,,-18.0,18.0,15.0
GDN0023,HoldingBreath,12,12,12,6058,6058,6414,6414,6168,6162,6241,6230,718.0,718.0,83.56545961002786,83.56545961002786,73,68,146.0,136.0,,,-10.0,10.0,7.352941176470589
GDN0023,HoldingBreath,13,13,13,6414,6414,6818,6818,6526,6520,6594,6586,854.0,854.0,70.2576112412178,70.2576112412178,68,66,136.0,132.0,,,-4.0,4.0,3.0303030303030303
GDN0023,HoldingBreath,14,14,14,6818,6818,7380,7380,6952,6946,7020,7020,1272.0,1272.0,47.16981132075472,47.16981132075472,68,74,136.0,148.0,,,12.0,12.0,8.108108108108109
GDN0023,HoldingBreath,15,15,15,7380,7380,7987,7987,7588,7582,7651,7663,1182.0,1182.0,50.76142131979696,50.76142131979696,63,81,126.0,162.0,,,36.0,36.0,22.22222222222222
GDN0023,HoldingBreath,16,16,16,7987,7987,8563,8563,8179,8171,8242,8231,1136.0,1136.0,52.81690140845071,52.81690140845071,63,60,126.0,120.0,,,-6.0,6.0,5.0
GDN0023,HoldingBreath,17,17,17,8563,8563,9135,9135,8747,8739,8816,8807,1148.0,1148.0,52.264808362369344,52.264808362369344,69,68,138.0,136.0,,,-2.0,2.0,1.4705882352941175
GDN0023,HoldingBreath,18,18,18,9135,9135,9725,9725,9320,9312,9389,9381,1198.0,1198.0,50.08347245409015,50.08347245409015,69,69,138.0,138.0,,,0.0,0.0,0.0
GDN0023,HoldingBreath,19,19,19,9725,9725,10332,10332,9919,9913,9986,9966,1220.0,1220.0,49.18032786885246,49.18032786885246,67,53,134.0,106.0,,,-28.0,28.0,26.41509433962264
GDN0023,HoldingBreath,20,20,20,10332,10332,10936,10936,10531,10524,10596,10585,1202.0,1202.0,49.91680532445923,49.91680532445923,65,61,130.0,122.0,,,-8.0,8.0,6.557377049180328
GDN0023,HoldingBreath,21,21,21,10936,10936,11531,11531,11129,11123,11198,11190,1184.0,1184.0,50.67567567567568,50.67567567567568,69,67,138.0,134.0,,,-4.0,4.0,2.9850746268656714
GDN0023,HoldingBreath,22,22,22,11531,11531,12130,12130,11722,11715,11790,11769,1206.0,1206.0,49.75124378109453,49.75124378109453,68,54,136.0,108.0,,,-28.0,28.0,25.925925925925924
GDN0023,HoldingBreath,23,23,23,12130,12130,12663,12663,12324,12318,12393,12393,992.0,992.0,60.483870967741936,60.483870967741936,69,75,138.0,150.0,,,12.0,12.0,8.0
GDN0023,HoldingBreath,24,24,24,12663,12663,13236,13236,12821,12815,12890,12896,1228.0,1228.0,48.8599348534202,48.8599348534202,69,81,138.0,162.0,,,24.0,24.0,14.814814814814813
GDN0023,HoldingBreath,25,25,25,13236,13236,13850,13850,13434,13429,13504,13490,1228.0,1228.0,48.8599348534202,48.8599348534202,70,61,140.0,122.0,,,-18.0,18.0,14.754098360655737
GDN0023,HoldingBreath,26,26,26,13850,13850,14482,14482,14047,14042,14116,14110,1282.0,1282.0,46.80187207488299,46.80187207488299,69,68,138.0,136.0,,,-2.0,2.0,1.4705882352941175
GDN0023,HoldingBreath,27,27,27,14482,14482,15129,15129,14689,14684,14759,14748,1302.0,1302.0,46.08294930875576,46.08294930875576,70,64,140.0,128.0,,,-12.0,12.0,9.375
GDN0023,HoldingBreath,28,28,28,15129,15129,15791,15791,15340,15331,15407,15408,1336.0,1336.0,44.91017964071856,44.91017964071856,67,77,134.0,154.0,,,20.0,20.0,12.987012987012985
GDN0023,HoldingBreath,29,29,29,15791,15791,16447,16447,16008,16003,16077,16078,1298.0,1298.0,46.22496147919877,46.22496147919877,69,75,138.0,150.0,,,12.0,12.0,8.0
GDN0023,HoldingBreath,30,30,30,16447,16447,17092,17092,16657,16651,16726,16714,1286.0,1286.0,46.65629860031104,46.65629860031104,69,63,138.0,126.0,,,-12.0,12.0,9.523809523809524
GDN0023,HoldingBreath,31,31,31,17092,17092,17744,17744,17300,17294,17372,17355,1314.0,1314.0,45.662100456621005,45.662100456621005,72,61,144.0,122.0,,,-22.0,22.0,18.0327868852459
GDN0023,HoldingBreath,32,32,32,17744,17744,18395,18395,17957,17950,18026,18010,1296.0,1296.0,46.2962962962963,46.2962962962963,69,60,138.0,120.0,,,-18.0,18.0,15.0
GDN0023,HoldingBreath,33,33,33,18395,18395,19040,19040,18605,18599,18677,18677,1286.0,1286.0,46.65629860031104,46.65629860031104,72,78,144.0,156.0,,,12.0,12.0,7.6923076923076925
GDN0023,HoldingBreath,34,34,34,19040,19040,19701,19701,19249,19243,19318,19305,1342.0,1342.0,44.70938897168405,44.70938897168405,69,62,138.0,124.0,,,-14.0,14.0,11.29032258064516
GDN0023,HoldingBreath,35,35,35,19701,19701,20372,20372,19919,19914,19991,19977,1342.0,1342.0,44.70938897168405,44.70938897168405,72,63,144.0,126.0,,,-18.0,18.0,14.285714285714285
GDN0023,HoldingBreath,36,36,36,20372,20372,21013,21013,20590,20584,20660,20650,1248.0,1248.0,48.07692307692308,48.07692307692308,70,66,140.0,132.0,,,-8.0,8.0,6.0606060606060606
GDN0023,HoldingBreath,37,37,37,21013,21013,21642,21642,21214,21208,21283,21256,1264.0,1264.0,47.46835443037975,47.46835443037975,69,48,138.0,96.0,,,-42.0,42.0,43.75
GDN0023,HoldingBreath,38,38,38,21642,21642,22268,22268,21846,21840,21915,21912,1246.0,1246.0,48.154093097913325,48.154093097913325,69,72,138.0,144.0,,,6.0,6.0,4.166666666666666
GDN0023,HoldingBreath,39,39,39,22268,22268,22883,22883,22468,22460,22541,22519,1222.0,1222.0,49.09983633387889,49.09983633387889,73,59,146.0,118.0,,,-28.0,28.0,23.728813559322035
GDN0023,HoldingBreath,40,40,40,22883,22883,23486,23486,23080,23072,23153,23128,1196.0,1196.0,50.16722408026756,50.16722408026756,73,56,146.0,112.0,,,-34.0,34.0,30.357142857142854
GDN0023,HoldingBreath,41,41,41,23486,23486,24094,24094,23677,23669,23750,23753,1228.0,1228.0,48.8599348534202,48.8599348534202,73,84,146.0,168.0,,,22.0,22.0,13.095238095238097
GDN0023,HoldingBreath,42,42,42,24094,24094,24706,24706,24292,24286,24362,24365,1220.0,1220.0,49.18032786885246,49.18032786885246,70,79,140.0,158.0,,,18.0,18.0,11.39240506329114
GDN0023,HoldingBreath,43,43,43,24706,24706,25312,25312,24901,24887,24971,24974,1210.0,1210.0,49.586776859504134,49.586776859504134,70,87,140.0,174.0,,,34.0,34.0,19.54022988505747
GDN0023,HoldingBreath,44,44,44,25312,25312,25896,25896,25507,25501,25580,25578,1146.0,1146.0,52.35602094240838,52.35602094240838,73,77,146.0,154.0,,,8.0,8.0,5.194805194805195
GDN0023,HoldingBreath,45,45,45,25896,25896,26461,26461,26079,26073,26151,26152,1120.0,1120.0,53.57142857142857,53.57142857142857,72,79,144.0,158.0,,,14.0,14.0,8.860759493670885
GDN0023,HoldingBreath,46,46,46,26461,26461,27020,27020,26639,26632,26712,26715,1118.0,1118.0,53.66726296958855,53.66726296958855,73,83,146.0,166.0,,,20.0,20.0,12.048192771084338
GDN0023,HoldingBreath,47,47,47,27020,27020,27589,27589,27198,27190,27272,27266,1148.0,1148.0,52.264808362369344,52.264808362369344,74,76,148.0,152.0,,,4.0,4.0,2.631578947368421
GDN0023,HoldingBreath,48,48,48,27589,27589,28170,28170,27773,27766,27847,27847,1170.0,1170.0,51.282051282051285,51.282051282051285,74,81,148.0,162.0,,,14.0,14.0,8.641975308641975
GDN0023,HoldingBreath,49,49,49,28170,28170,28763,28763,28358,28352,28433,28432,1194.0,1194.0,50.25125628140704,50.25125628140704,75,80,150.0,160.0,,,10.0,10.0,6.25
GDN0023,HoldingBreath,50,50,50,28763,28763,29352,29352,28955,28945,29028,29025,1168.0,1168.0,51.369863013698634,51.369863013698634,73,80,146.0,160.0,,,14.0,14.0,8.75
GDN0023,HoldingBreath,51,51,51,29352,29352,29936,29936,29538,29531,29612,29608,,,,,74,77,148.0,154.0,,,6.0,6.0,3.896103896103896
GDN0023,TiltUp,0,0,0,88,88,478,478,213,208,285,284,780.0,780.0,76.92307692307692,76.92307692307692,72,76,144.0,152.0,,,8.0,8.0,5.263157894736842
GDN0023,TiltUp,1,1,1,478,478,862,862,602,596,675,675,762.0,762.0,78.74015748031496,78.74015748031496,73,79,146.0,158.0,,,12.0,12.0,7.59493670886076
GDN0023,TiltUp,2,2,2,862,862,1236,1236,984,979,1056,1055,742.0,742.0,80.86253369272237,80.86253369272237,72,76,144.0,152.0,,,8.0,8.0,5.263157894736842
GDN0023,TiltUp,3,3,3,1236,1236,1599,1599,1355,1348,1424,1431,716.0,716.0,83.79888268156425,83.79888268156425,69,83,138.0,166.0,,,28.0,28.0,16.867469879518072
GDN0023,TiltUp,4,4,4,1599,1599,1950,1950,1713,1706,1782,1782,694.0,694.0,86.45533141210375,86.45533141210375,69,76,138.0,152.0,,,14.0,14.0,9.210526315789473
GDN0023,TiltUp,5,5,5,1950,1950,2297,2297,2061,2055,2129,2135,696.0,696.0,86.20689655172414,86.20689655172414,68,80,136.0,160.0,,,24.0,24.0,15.0
GDN0023,TiltUp,6,6,6,2297,2297,2650,2650,2408,2401,2478,2479,712.0,712.0,84.26966292134831,84.26966292134831,70,78,140.0,156.0,,,16.0,16.0,10.256410256410255
GDN0023,TiltUp,7,7,7,2650,2650,3015,3015,2765,2759,2835,2836,738.0,738.0,81.30081300813008,81.30081300813008,70,77,140.0,154.0,,,14.0,14.0,9.090909090909092
GDN0023,TiltUp,8,8,8,3015,3015,3395,3395,3133,3127,3205,3210,772.0,772.0,77.720207253886,77.720207253886,72,83,144.0,166.0,,,22.0,22.0,13.253012048192772
GDN0023,TiltUp,9,9,9,3395,3395,3784,3784,3519,3513,3589,3595,780.0,780.0,76.92307692307692,76.92307692307692,70,82,140.0,164.0,,,24.0,24.0,14.634146341463413
GDN0023,TiltUp,10,10,10,3784,3784,4175,4175,3910,3903,3981,3983,786.0,786.0,76.33587786259541,76.33587786259541,71,80,142.0,160.0,,,18.0,18.0,11.25
GDN0023,TiltUp,11,11,11,4175,4175,4576,4576,4302,4296,4373,4369,810.0,810.0,74.07407407407408,74.07407407407408,71,73,142.0,146.0,,,4.0,4.0,2.73972602739726
GDN0023,TiltUp,12,12,12,4576,4576,4968,4968,4708,4700,4778,4780,768.0,768.0,78.125,78.125,70,80,140.0,160.0,,,20.0,20.0,12.5
GDN0023,TiltUp,13,13,13,4968,4968,5353,5353,5093,5086,5162,5169,772.0,772.0,77.720207253886,77.720207253886,69,83,138.0,166.0,,,28.0,28.0,16.867469879518072
GDN0023,TiltUp,14,14,14,5353,5353,5745,5745,5478,5471,5548,5553,792.0,792.0,75.75757575757575,75.75757575757575,70,82,140.0,164.0,,,24.0,24.0,14.634146341463413
GDN0023,TiltUp,15,15,15,5745,5745,6137,6137,5873,5867,5943,5943,778.0,778.0,77.12082262210797,77.12082262210797,70,76,140.0,152.0,,,12.0,12.0,7.894736842105263
GDN0023,TiltUp,16,16,16,6137,6137,6530,6530,6263,6257,6334,6338,792.0,792.0,75.75757575757575,75.75757575757575,71,81,142.0,162.0,,,20.0,20.0,12.345679012345679
GDN0023,TiltUp,17,17,17,6530,6530,6917,6917,6658,6651,6729,6731,762.0,762.0,78.74015748031496,78.74015748031496,71,80,142.0,160.0,,,18.0,18.0,11.25
GDN0023,TiltUp,18,18,18,6917,6917,7293,7293,7039,7033,7110,7118,748.0,748.0,80.21390374331551,80.21390374331551,71,85,142.0,170.0,,,28.0,28.0,16.470588235294116
GDN0023,TiltUp,19,19,19,7293,7293,7663,7663,7413,7407,7484,7490,734.0,734.0,81.74386920980926,81.74386920980926,71,83,142.0,166.0,,,24.0,24.0,14.457831325301203
GDN0023,TiltUp,20,20,20,7663,7663,8032,8032,7781,7772,7850,7853,740.0,740.0,81.08108108108108,81.08108108108108,69,81,138.0,162.0,,,24.0,24.0,14.814814814814813
GDN0023,TiltUp,21,21,21,8032,8032,8414,8414,8150,8144,8219,8228,778.0,778.0,77.12082262210797,77.12082262210797,69,84,138.0,168.0,,,30.0,30.0,17.857142857142858
GDN0023,TiltUp,22,22,22,8414,8414,8820,8820,8539,8532,8608,8612,832.0,832.0,72.11538461538461,72.11538461538461,69,80,138.0,160.0,,,22.0,22.0,13.750000000000002
GDN0023,TiltUp,23,23,23,8820,8820,9246,9246,8956,8948,9024,9032,862.0,862.0,69.60556844547564,69.60556844547564,68,84,136.0,168.0,,,32.0,32.0,19.047619047619047
GDN0023,TiltUp,24,24,24,9246,9246,9675,9675,9385,9380,9459,9457,854.0,854.0,70.2576112412178,70.2576112412178,74,77,148.0,154.0,,,6.0,6.0,3.896103896103896
GDN0023,TiltUp,25,25,25,9675,9675,10091,10091,9812,9808,9885,9878,822.0,822.0,72.99270072992701,72.99270072992701,73,70,146.0,140.0,,,-6.0,6.0,4.285714285714286
GDN0023,TiltUp,26,26,26,10091,10091,10492,10492,10224,10218,10297,10302,790.0,790.0,75.94936708860759,75.94936708860759,73,84,146.0,168.0,,,22.0,22.0,13.095238095238097
GDN0023,TiltUp,27,27,27,10492,10492,10878,10878,10618,10612,10692,10693,762.0,762.0,78.74015748031496,78.74015748031496,74,81,148.0,162.0,,,14.0,14.0,8.641975308641975
GDN0023,TiltUp,28,28,28,10878,10878,11246,11246,11000,10994,11070,11070,724.0,724.0,82.87292817679558,82.87292817679558,70,76,140.0,152.0,,,12.0,12.0,7.894736842105263
GDN0023,TiltUp,29,29,29,11246,11246,11600,11600,11363,11357,11435,11432,698.0,698.0,85.9598853868195,85.9598853868195,72,75,144.0,150.0,,,6.0,6.0,4.0
GDN0023,TiltUp,30,30,30,11600,11600,11942,11942,11711,11705,11779,11790,678.0,678.0,88.49557522123894,88.49557522123894,68,85,136.0,170.0,,,34.0,34.0,20.0
GDN0023,TiltUp,31,31,31,11942,11942,12281,12281,12049,12044,12122,12127,678.0,678.0,88.49557522123894,88.49557522123894,73,83,146.0,166.0,,,20.0,20.0,12.048192771084338
GDN0023,TiltUp,32,32,32,12281,12281,12628,12628,12391,12384,12459,12466,702.0,702.0,85.47008547008548,85.47008547008548,68,82,136.0,164.0,,,28.0,28.0,17.073170731707318
GDN0023,TiltUp,33,33,33,12628,12628,12997,12997,12740,12735,12812,12820,756.0,756.0,79.36507936507937,79.36507936507937,72,85,144.0,170.0,,,26.0,26.0,15.294117647058824
GDN0023,TiltUp,34,34,34,12997,12997,13384,13384,13119,13114,13191,13186,786.0,786.0,76.33587786259541,76.33587786259541,72,72,144.0,144.0,,,0.0,0.0,0.0
GDN0023,TiltUp,35,35,35,13384,13384,13780,13780,13512,13504,13583,13592,794.0,794.0,75.56675062972292,75.56675062972292,71,88,142.0,176.0,,,34.0,34.0,19.318181818181817
GDN0023,TiltUp,36,36,36,13780,13780,14172,14172,13907,13902,13979,13985,780.0,780.0,76.92307692307692,76.92307692307692,72,83,144.0,166.0,,,22.0,22.0,13.253012048192772
GDN0023,TiltUp,37,37,37,14172,14172,14559,14559,14298,14292,14371,14370,768.0,768.0,78.125,78.125,73,78,146.0,156.0,,,10.0,10.0,6.41025641025641
GDN0023,TiltUp,38,38,38,14559,14559,14936,14936,14682,14676,14757,14760,748.0,748.0,80.21390374331551,80.21390374331551,75,84,150.0,168.0,,,18.0,18.0,10.714285714285714
GDN0023,TiltUp,39,39,39,14936,14936,15309,15309,15056,15048,15126,15131,746.0,746.0,80.4289544235925,80.4289544235925,70,83,140.0,166.0,,,26.0,26.0,15.66265060240964
GDN0023,TiltUp,40,40,40,15309,15309,15681,15681,15428,15422,15500,15503,742.0,742.0,80.86253369272237,80.86253369272237,72,81,144.0,162.0,,,18.0,18.0,11.11111111111111
GDN0023,TiltUp,41,41,41,15681,15681,16052,16052,15801,15795,15872,15873,740.0,740.0,81.08108108108108,81.08108108108108,71,78,142.0,156.0,,,14.0,14.0,8.974358974358974
GDN0023,TiltUp,42,42,42,16052,16052,16418,16418,16170,16164,16242,16249,728.0,728.0,82.41758241758242,82.41758241758242,72,85,144.0,170.0,,,26.0,26.0,15.294117647058824
GDN0023,TiltUp,43,43,43,16418,16418,16775,16775,16534,16527,16607,16610,708.0,708.0,84.74576271186442,84.74576271186442,73,83,146.0,166.0,,,20.0,20.0,12.048192771084338
GDN0023,TiltUp,44,44,44,16775,16775,17126,17126,16888,16882,16962,16967,698.0,698.0,85.9598853868195,85.9598853868195,74,85,148.0,170.0,,,22.0,22.0,12.941176470588237
GDN0023,TiltUp,45,45,45,17126,17126,17474,17474,17238,17233,17308,17310,696.0,696.0,86.20689655172414,86.20689655172414,70,77,140.0,154.0,,,14.0,14.0,9.090909090909092
GDN0023,TiltUp,46,46,46,17474,17474,17822,17822,17585,17578,17656,17661,694.0,694.0,86.45533141210375,86.45533141210375,71,83,142.0,166.0,,,24.0,24.0,14.457831325301203
GDN0023,TiltUp,47,47,47,17822,17822,18170,18170,17932,17926,18001,18006,700.0,700.0,85.71428571428572,85.71428571428572,69,80,138.0,160.0,,,22.0,22.0,13.750000000000002
GDN0023,TiltUp,48,48,48,18170,18170,18530,18530,18283,18276,18352,18358,728.0,728.0,82.41758241758242,82.41758241758242,69,82,138.0,164.0,,,26.0,26.0,15.853658536585366
GDN0023,TiltUp,49,49,49,18530,18530,18905,18905,18647,18640,18717,18723,764.0,764.0,78.53403141361257,78.53403141361257,70,83,140.0,166.0,,,26.0,26.0,15.66265060240964
GDN0023,TiltUp,50,50,50,18905,18905,19286,19286,19029,19021,19096,19109,760.0,760.0,78.94736842105263,78.94736842105263,67,88,134.0,176.0,,,42.0,42.0,23.863636363636363
GDN0023,TiltUp,51,51,51,19286,19286,19665,19665,19408,19401,19481,19491,758.0,758.0,79.15567282321899,79.15567282321899,73,90,146.0,180.0,,,34.0,34.0,18.88888888888889
GDN0023,TiltUp,52,52,52,19665,19665,20040,20040,19787,19782,19860,19869,744.0,744.0,80.64516129032258,80.64516129032258,73,87,146.0,174.0,,,28.0,28.0,16.091954022988507
GDN0023,TiltUp,53,53,53,20040,20040,20402,20402,20159,20153,20236,20238,714.0,714.0,84.03361344537815,84.03361344537815,77,85,154.0,170.0,,,16.0,16.0,9.411764705882353
GDN0023,TiltUp,54,54,54,20402,20402,20747,20747,20516,20510,20584,20587,676.0,676.0,88.75739644970413,88.75739644970413,68,77,136.0,154.0,,,18.0,18.0,11.688311688311687
GDN0023,TiltUp,55,55,55,20747,20747,21077,21077,20853,20847,20924,20919,652.0,652.0,92.02453987730061,92.02453987730061,71,72,142.0,144.0,,,2.0,2.0,1.3888888888888888
GDN0023,TiltUp,56,56,56,21077,21077,21404,21404,21181,21174,21253,21241,656.0,656.0,91.46341463414633,91.46341463414633,72,67,144.0,134.0,,,-10.0,10.0,7.462686567164178
GDN0023,TiltUp,57,57,57,21404,21404,21735,21735,21509,21502,21572,21576,664.0,664.0,90.36144578313252,90.36144578313252,63,74,126.0,148.0,,,22.0,22.0,14.864864864864865
GDN0023,TiltUp,58,58,58,21735,21735,22066,22066,21840,21833,21912,21905,660.0,660.0,90.9090909090909,90.9090909090909,72,72,144.0,144.0,,,0.0,0.0,0.0
GDN0023,TiltUp,59,59,59,22066,22066,22394,22394,22171,22165,22245,22251,656.0,656.0,91.46341463414633,91.46341463414633,74,86,148.0,172.0,,,24.0,24.0,13.953488372093023
GDN0023,TiltUp,60,60,60,22394,22394,22718,22718,22499,22494,22570,22575,642.0,642.0,93.45794392523364,93.45794392523364,71,81,142.0,162.0,,,20.0,20.0,12.345679012345679
GDN0023,TiltUp,61,61,61,22718,22718,23034,23034,22819,22812,22893,22903,628.0,628.0,95.54140127388536,95.54140127388536,74,91,148.0,182.0,,,34.0,34.0,18.681318681318682
GDN0023,TiltUp,62,62,62,23034,23034,23344,23344,23133,23127,23208,23215,616.0,616.0,97.40259740259741,97.40259740259741,75,88,150.0,176.0,,,26.0,26.0,14.772727272727273
GDN0023,TiltUp,63,63,63,23344,23344,23648,23648,23441,23435,23511,23507,604.0,604.0,99.33774834437087,99.33774834437087,70,72,140.0,144.0,,,4.0,4.0,2.7777777777777777
GDN0023,TiltUp,64,64,64,23648,23648,23947,23947,23743,23738,23811,23814,594.0,594.0,101.01010101010101,101.01010101010101,68,76,136.0,152.0,,,16.0,16.0,10.526315789473683
GDN0023,TiltUp,65,65,65,23947,23947,24244,24244,24040,24034,24108,24116,594.0,594.0,101.01010101010101,101.01010101010101,68,82,136.0,164.0,,,28.0,28.0,17.073170731707318
GDN0023,TiltUp,66,66,66,24244,24244,24558,24558,24338,24331,24407,24416,646.0,646.0,92.87925696594426,92.87925696594426,69,85,138.0,170.0,,,32.0,32.0,18.823529411764707
GDN0023,TiltUp,67,67,67,24558,24558,24921,24921,24661,24655,24729,24739,768.0,768.0,78.125,78.125,68,84,136.0,168.0,,,32.0,32.0,19.047619047619047
GDN0023,TiltUp,68,68,68,24921,24921,25314,25314,25044,25038,25113,25118,798.0,798.0,75.18796992481202,75.18796992481202,69,80,138.0,160.0,,,22.0,22.0,13.750000000000002
GDN0023,TiltUp,69,69,69,25314,25314,25709,25709,25444,25440,25512,25496,784.0,784.0,76.53061224489795,76.53061224489795,68,56,136.0,112.0,,,-24.0,24.0,21.428571428571427
GDN0023,TiltUp,70,70,70,25709,25709,26090,26090,25836,25832,25907,25908,752.0,752.0,79.7872340425532,79.7872340425532,71,76,142.0,152.0,,,10.0,10.0,6.578947368421052
GDN0023,TiltUp,71,71,71,26090,26090,26460,26460,26212,26207,26283,26288,732.0,732.0,81.9672131147541,81.9672131147541,71,81,142.0,162.0,,,20.0,20.0,12.345679012345679
GDN0023,TiltUp,72,72,72,26460,26460,26819,26819,26578,26572,26650,26654,710.0,710.0,84.50704225352113,84.50704225352113,72,82,144.0,164.0,,,20.0,20.0,12.195121951219512
GDN0023,TiltUp,73,73,73,26819,26819,27167,27167,26933,26928,27004,27010,688.0,688.0,87.2093023255814,87.2093023255814,71,82,142.0,164.0,,,22.0,22.0,13.414634146341465
GDN0023,TiltUp,74,74,74,27167,27167,27504,27504,27275,27269,27344,27340,668.0,668.0,89.82035928143712,89.82035928143712,69,71,138.0,142.0,,,4.0,4.0,2.8169014084507045
GDN0023,TiltUp,75,75,75,27504,27504,27839,27839,27610,27603,27675,27684,670.0,670.0,89.55223880597015,89.55223880597015,65,81,130.0,162.0,,,32.0,32.0,19.753086419753085
GDN0023,TiltUp,76,76,76,27839,27839,28187,28187,27947,27938,28014,28023,710.0,710.0,84.50704225352113,84.50704225352113,67,85,134.0,170.0,,,36.0,36.0,21.176470588235293
GDN0023,TiltUp,77,77,77,28187,28187,28540,28540,28300,28295,28373,28381,706.0,706.0,84.98583569405099,84.98583569405099,73,86,146.0,172.0,,,26.0,26.0,15.11627906976744
GDN0023,TiltUp,78,78,78,28540,28540,28890,28890,28654,28648,28723,28740,694.0,694.0,86.45533141210375,86.45533141210375,69,92,138.0,184.0,,,46.0,46.0,25.0
GDN0023,TiltUp,79,79,79,28890,28890,29232,29232,29001,28994,29071,29078,680.0,680.0,88.23529411764706,88.23529411764706,70,84,140.0,168.0,,,28.0,28.0,16.666666666666664
GDN0023,TiltUp,80,80,80,29232,29232,29567,29567,29341,29333,29412,29412,664.0,664.0,90.36144578313252,90.36144578313252,71,79,142.0,158.0,,,16.0,16.0,10.126582278481013
GDN0023,TiltUp,81,81,81,29567,29567,29899,29899,29672,29667,29743,29745,,,,,71,78,142.0,156.0,,,14.0,14.0,8.974358974358974
GDN0023,TiltLevel,0,0,0,233,233,594,594,346,341,422,431,722.0,722.0,83.10249307479225,83.10249307479225,76,90,152.0,180.0,,,28.0,28.0,15.555555555555555
GDN0023,TiltLevel,1,1,1,594,594,946,946,708,703,785,789,696.0,696.0,86.20689655172414,86.20689655172414,77,86,154.0,172.0,,,18.0,18.0,10.465116279069768
GDN0023,TiltLevel,2,2,2,946,946,1293,1293,1056,1052,1130,1127,692.0,692.0,86.70520231213874,86.70520231213874,74,75,148.0,150.0,,,2.0,2.0,1.3333333333333335
GDN0023,TiltLevel,3,3,3,1293,1293,1651,1651,1403,1398,1472,1487,730.0,730.0,82.19178082191782,82.19178082191782,69,89,138.0,178.0,,,40.0,40.0,22.47191011235955
GDN0023,TiltLevel,4,4,4,1651,1651,2038,2038,1767,1761,1838,1853,798.0,798.0,75.18796992481202,75.18796992481202,71,92,142.0,184.0,,,42.0,42.0,22.82608695652174
GDN0023,TiltLevel,5,5,5,2038,2038,2472,2472,2167,2154,2238,2244,906.0,906.0,66.2251655629139,66.2251655629139,71,90,142.0,180.0,,,38.0,38.0,21.11111111111111
GDN0023,TiltLevel,6,6,6,2472,2472,2930,2930,2617,2610,2690,2698,920.0,920.0,65.21739130434783,65.21739130434783,73,88,146.0,176.0,,,30.0,30.0,17.045454545454543
GDN0023,TiltLevel,7,7,7,2930,2930,3376,3376,3078,3072,3150,3154,876.0,876.0,68.4931506849315,68.4931506849315,72,82,144.0,164.0,,,20.0,20.0,12.195121951219512
GDN0023,TiltLevel,8,8,8,3376,3376,3801,3801,3516,3509,3591,3592,836.0,836.0,71.77033492822967,71.77033492822967,75,83,150.0,166.0,,,16.0,16.0,9.63855421686747
GDN0023,TiltLevel,9,9,9,3801,3801,4208,4208,3935,3931,4008,4011,804.0,804.0,74.62686567164178,74.62686567164178,73,80,146.0,160.0,,,14.0,14.0,8.75
GDN0023,TiltLevel,10,10,10,4208,4208,4604,4604,4337,4330,4406,4409,784.0,784.0,76.53061224489795,76.53061224489795,69,79,138.0,158.0,,,20.0,20.0,12.658227848101266
GDN0023,TiltLevel,11,11,11,4604,4604,4996,4996,4728,4723,4800,4804,786.0,786.0,76.33587786259541,76.33587786259541,72,81,144.0,162.0,,,18.0,18.0,11.11111111111111
GDN0023,TiltLevel,12,12,12,4996,4996,5383,5383,5122,5117,5193,5201,766.0,766.0,78.32898172323759,78.32898172323759,71,84,142.0,168.0,,,26.0,26.0,15.476190476190476
GDN0023,TiltLevel,13,13,13,5383,5383,5757,5757,5505,5501,5579,5583,738.0,738.0,81.30081300813008,81.30081300813008,74,82,148.0,164.0,,,16.0,16.0,9.75609756097561
GDN0023,TiltLevel,14,14,14,5757,5757,6118,6118,5874,5869,5952,5949,714.0,714.0,84.03361344537815,84.03361344537815,78,80,156.0,160.0,,,4.0,4.0,2.5
GDN0023,TiltLevel,15,15,15,6118,6118,6467,6467,6232,6226,6304,6308,690.0,690.0,86.95652173913044,86.95652173913044,72,82,144.0,164.0,,,20.0,20.0,12.195121951219512
GDN0023,TiltLevel,16,16,16,6467,6467,6811,6811,6577,6570,6648,6646,686.0,686.0,87.46355685131195,87.46355685131195,71,76,142.0,152.0,,,10.0,10.0,6.578947368421052
GDN0023,TiltLevel,17,17,17,6811,6811,7153,7153,6920,6914,6990,6997,684.0,684.0,87.71929824561403,87.71929824561403,70,83,140.0,166.0,,,26.0,26.0,15.66265060240964
GDN0023,TiltLevel,18,18,18,7153,7153,7506,7506,7263,7258,7336,7346,716.0,716.0,83.79888268156425,83.79888268156425,73,88,146.0,176.0,,,30.0,30.0,17.045454545454543
GDN0023,TiltLevel,19,19,19,7506,7506,7861,7861,7618,7614,7692,7698,708.0,708.0,84.74576271186442,84.74576271186442,74,84,148.0,168.0,,,20.0,20.0,11.904761904761903
GDN0023,TiltLevel,20,20,20,7861,7861,8224,8224,7975,7970,8049,8050,736.0,736.0,81.52173913043478,81.52173913043478,74,80,148.0,160.0,,,12.0,12.0,7.5
GDN0023,TiltLevel,21,21,21,8224,8224,8593,8593,8340,8336,8414,8418,738.0,738.0,81.30081300813008,81.30081300813008,74,82,148.0,164.0,,,16.0,16.0,9.75609756097561
GDN0023,TiltLevel,22,22,22,8593,8593,8956,8956,8710,8706,8781,8784,720.0,720.0,83.33333333333334,83.33333333333334,71,78,142.0,156.0,,,14.0,14.0,8.974358974358974
GDN0023,TiltLevel,23,23,23,8956,8956,9310,9310,9070,9064,9144,9150,700.0,700.0,85.71428571428572,85.71428571428572,74,86,148.0,172.0,,,24.0,24.0,13.953488372093023
GDN0023,TiltLevel,24,24,24,9310,9310,9658,9658,9419,9414,9491,9497,694.0,694.0,86.45533141210375,86.45533141210375,72,83,144.0,166.0,,,22.0,22.0,13.253012048192772
GDN0023,TiltLevel,25,25,25,9658,9658,10018,10018,9768,9762,9836,9844,736.0,736.0,81.52173913043478,81.52173913043478,68,82,136.0,164.0,,,28.0,28.0,17.073170731707318
GDN0023,TiltLevel,26,26,26,10018,10018,10398,10398,10135,10129,10204,10210,772.0,772.0,77.720207253886,77.720207253886,69,81,138.0,162.0,,,24.0,24.0,14.814814814814813
GDN0023,TiltLevel,27,27,27,10398,10398,10781,10781,10521,10516,10590,10587,762.0,762.0,78.74015748031496,78.74015748031496,69,71,138.0,142.0,,,4.0,4.0,2.8169014084507045
GDN0023,TiltLevel,28,28,28,10781,10781,11158,11158,10904,10895,10976,10983,752.0,752.0,79.7872340425532,79.7872340425532,72,88,144.0,176.0,,,32.0,32.0,18.181818181818183
GDN0023,TiltLevel,29,29,29,11158,11158,11526,11526,11278,11274,11351,11354,726.0,726.0,82.64462809917356,82.64462809917356,73,80,146.0,160.0,,,14.0,14.0,8.75
GDN0023,TiltLevel,30,30,30,11526,11526,11877,11877,11641,11636,11714,11721,690.0,690.0,86.95652173913044,86.95652173913044,73,85,146.0,170.0,,,24.0,24.0,14.117647058823529
GDN0023,TiltLevel,31,31,31,11877,11877,12220,12220,11986,11980,12057,12062,682.0,682.0,87.97653958944281,87.97653958944281,71,82,142.0,164.0,,,22.0,22.0,13.414634146341465
GDN0023,TiltLevel,32,32,32,12220,12220,12559,12559,12328,12324,12396,12392,678.0,678.0,88.49557522123894,88.49557522123894,68,68,136.0,136.0,,,0.0,0.0,0.0
GDN0023,TiltLevel,33,33,33,12559,12559,12909,12909,12667,12660,12736,12733,712.0,712.0,84.26966292134831,84.26966292134831,69,73,138.0,146.0,,,8.0,8.0,5.47945205479452
GDN0023,TiltLevel,34,34,34,12909,12909,13267,13267,13023,13018,13092,13096,716.0,716.0,83.79888268156425,83.79888268156425,69,78,138.0,156.0,,,18.0,18.0,11.538461538461538
GDN0023,TiltLevel,35,35,35,13267,13267,13624,13624,13380,13375,13452,13456,714.0,714.0,84.03361344537815,84.03361344537815,72,81,144.0,162.0,,,18.0,18.0,11.11111111111111
GDN0023,TiltLevel,36,36,36,13624,13624,13975,13975,13736,13730,13805,13792,696.0,696.0,86.20689655172414,86.20689655172414,69,62,138.0,124.0,,,-14.0,14.0,11.29032258064516
GDN0023,TiltLevel,37,37,37,13975,13975,14323,14323,14084,14080,14158,14166,696.0,696.0,86.20689655172414,86.20689655172414,74,86,148.0,172.0,,,24.0,24.0,13.953488372093023
GDN0023,TiltLevel,38,38,38,14323,14323,14692,14692,14434,14424,14504,14509,760.0,760.0,78.94736842105263,78.94736842105263,70,85,140.0,170.0,,,30.0,30.0,17.647058823529413
GDN0023,TiltLevel,39,39,39,14692,14692,15100,15100,14813,14807,14881,14888,846.0,846.0,70.92198581560284,70.92198581560284,68,81,136.0,162.0,,,26.0,26.0,16.049382716049383
GDN0023,TiltLevel,40,40,40,15100,15100,15553,15553,15236,15231,15306,15310,938.0,938.0,63.965884861407254,63.965884861407254,70,79,140.0,158.0,,,18.0,18.0,11.39240506329114
GDN0023,TiltLevel,41,41,41,15553,15553,16037,16037,15706,15700,15774,15772,986.0,986.0,60.851926977687626,60.851926977687626,68,72,136.0,144.0,,,8.0,8.0,5.555555555555555
GDN0023,TiltLevel,42,42,42,16037,16037,16520,16520,16197,16193,16267,16265,954.0,954.0,62.89308176100629,62.89308176100629,70,72,140.0,144.0,,,4.0,4.0,2.7777777777777777
GDN0023,TiltLevel,43,43,43,16520,16520,17013,17013,16675,16671,16743,16743,1004.0,1004.0,59.7609561752988,59.7609561752988,68,72,136.0,144.0,,,8.0,8.0,5.555555555555555
GDN0023,TiltLevel,44,44,44,17013,17013,17517,17517,17175,17169,17250,17244,1010.0,1010.0,59.40594059405941,59.40594059405941,75,75,150.0,150.0,,,0.0,0.0,0.0
GDN0023,TiltLevel,45,45,45,17517,17517,18016,18016,17680,17674,17743,17738,990.0,990.0,60.60606060606061,60.60606060606061,63,64,126.0,128.0,,,2.0,2.0,1.5625
GDN0023,TiltLevel,46,46,46,18016,18016,18506,18506,18176,18172,18245,18245,974.0,974.0,61.601642710472284,61.601642710472284,69,73,138.0,146.0,,,8.0,8.0,5.47945205479452
GDN0023,TiltLevel,47,47,47,18506,18506,18967,18967,18662,18659,18729,18721,894.0,894.0,67.11409395973155,67.11409395973155,67,62,134.0,124.0,,,-10.0,10.0,8.064516129032258
GDN0023,TiltLevel,48,48,48,18967,18967,19408,19408,19108,19105,19176,19181,876.0,876.0,68.4931506849315,68.4931506849315,68,76,136.0,152.0,,,16.0,16.0,10.526315789473683
GDN0023,TiltLevel,49,49,49,19408,19408,19865,19865,19546,19542,19612,19607,936.0,936.0,64.1025641025641,64.1025641025641,66,65,132.0,130.0,,,-2.0,2.0,1.5384615384615385
GDN0023,TiltLevel,50,50,50,19865,19865,20347,20347,20015,20011,20086,20072,978.0,978.0,61.34969325153374,61.34969325153374,71,61,142.0,122.0,,,-20.0,20.0,16.39344262295082
GDN0023,TiltLevel,51,51,51,20347,20347,20806,20806,20505,20499,20573,20568,886.0,886.0,67.72009029345372,67.72009029345372,68,69,136.0,138.0,,,2.0,2.0,1.4492753623188406
GDN0023,TiltLevel,52,52,52,20806,20806,21236,21236,20947,20942,21013,21008,846.0,846.0,70.92198581560284,70.92198581560284,66,66,132.0,132.0,,,0.0,0.0,0.0
GDN0023,TiltLevel,53,53,53,21236,21236,21673,21673,21370,21366,21440,21424,890.0,890.0,67.41573033707866,67.41573033707866,70,58,140.0,116.0,,,-24.0,24.0,20.689655172413794
GDN0023,TiltLevel,54,54,54,21673,21673,22158,22158,21815,21811,21886,21879,1012.0,1012.0,59.28853754940712,59.28853754940712,71,68,142.0,136.0,,,-6.0,6.0,4.411764705882353
GDN0023,TiltLevel,55,55,55,22158,22158,22660,22660,22320,22316,22392,22378,1000.0,1000.0,60.0,60.0,72,62,144.0,124.0,,,-20.0,20.0,16.129032258064516
GDN0023,TiltLevel,56,56,56,22660,22660,23155,23155,22820,22816,22891,22883,984.0,984.0,60.97560975609756,60.97560975609756,71,67,142.0,134.0,,,-8.0,8.0,5.970149253731343
GDN0023,TiltLevel,57,57,57,23155,23155,23636,23636,23312,23307,23384,23374,950.0,950.0,63.15789473684211,63.15789473684211,72,67,144.0,134.0,,,-10.0,10.0,7.462686567164178
GDN0023,TiltLevel,58,58,58,23636,23636,24147,24147,23787,23782,23857,23850,1062.0,1062.0,56.497175141242934,56.497175141242934,70,68,140.0,136.0,,,-4.0,4.0,2.941176470588235
GDN0023,TiltLevel,59,59,59,24147,24147,24689,24689,24318,24314,24389,24377,1096.0,1096.0,54.74452554744525,54.74452554744525,71,63,142.0,126.0,,,-16.0,16.0,12.698412698412698
GDN0023,TiltLevel,60,60,60,24689,24689,25221,25221,24867,24862,24941,24932,1046.0,1046.0,57.36137667304015,57.36137667304015,74,70,148.0,140.0,,,-8.0,8.0,5.714285714285714
GDN0023,TiltLevel,61,61,61,25221,25221,25718,25718,25390,25386,25460,25450,966.0,966.0,62.11180124223603,62.11180124223603,70,64,140.0,128.0,,,-12.0,12.0,9.375
GDN0023,TiltLevel,62,62,62,25718,25718,26186,26186,25872,25868,25945,25940,920.0,920.0,65.21739130434783,65.21739130434783,73,72,146.0,144.0,,,-2.0,2.0,1.3888888888888888
GDN0023,TiltLevel,63,63,63,26186,26186,26640,26640,26333,26328,26404,26399,900.0,900.0,66.66666666666667,66.66666666666667,71,71,142.0,142.0,,,0.0,0.0,0.0
GDN0023,TiltLevel,64,64,64,26640,26640,27090,27090,26782,26778,26855,26845,902.0,902.0,66.51884700665188,66.51884700665188,73,67,146.0,134.0,,,-12.0,12.0,8.955223880597014
GDN0023,TiltLevel,65,65,65,27090,27090,27557,27557,27233,27229,27304,27295,952.0,952.0,63.02521008403362,63.02521008403362,71,66,142.0,132.0,,,-10.0,10.0,7.575757575757576
GDN0023,TiltLevel,66,66,66,27557,27557,28070,28070,27709,27705,27782,27764,1066.0,1066.0,56.28517823639775,56.28517823639775,73,59,146.0,118.0,,,-28.0,28.0,23.728813559322035
GDN0023,TiltLevel,67,67,67,28070,28070,28600,28600,28242,28237,28312,28321,1054.0,1054.0,56.92599620493358,56.92599620493358,70,84,140.0,168.0,,,28.0,28.0,16.666666666666664
GDN0023,TiltLevel,68,68,68,28600,28600,29081,29081,28769,28765,28841,28825,914.0,914.0,65.64551422319475,65.64551422319475,72,60,144.0,120.0,,,-24.0,24.0,20.0
GDN0023,TiltLevel,69,69,69,29081,29081,29562,29562,29226,29222,29299,29291,988.0,988.0,60.72874493927126,60.72874493927126,73,69,146.0,138.0,,,-8.0,8.0,5.797101449275362
GDN0024,Pause,0,0,0,91,91,500,500,224,218,283,272,818.0,818.0,73.34963325183375,73.34963325183375,59,54,118.0,108.0,,,-10.0,10.0,9.25925925925926
GDN0024,Pause,1,1,1,500,500,908,908,632,626,693,695,814.0,814.0,73.71007371007371,73.71007371007371,61,69,122.0,138.0,,,16.0,16.0,11.594202898550725
GDN0024,Pause,2,2,2,908,908,1318,1318,1040,1034,1105,1105,826.0,826.0,72.63922518159806,72.63922518159806,65,71,130.0,142.0,,,12.0,12.0,8.450704225352112
GDN0024,Pause,3,3,3,1318,1318,1732,1732,1453,1447,1516,1512,828.0,828.0,72.46376811594203,72.46376811594203,63,65,126.0,130.0,,,4.0,4.0,3.076923076923077
GDN0024,Pause,4,4,4,1732,1732,2147,2147,1866,1860,1930,1926,830.0,830.0,72.28915662650603,72.28915662650603,64,66,128.0,132.0,,,4.0,4.0,3.0303030303030303
GDN0024,Pause,5,5,5,2147,2147,2550,2550,2281,2275,2343,2345,794.0,794.0,75.56675062972292,75.56675062972292,62,70,124.0,140.0,,,16.0,16.0,11.428571428571429
GDN0024,Pause,6,6,6,2550,2550,2938,2938,2679,2673,2739,2732,766.0,766.0,78.32898172323759,78.32898172323759,60,59,120.0,118.0,,,-2.0,2.0,1.694915254237288
GDN0024,Pause,7,7,7,2938,2938,3323,3323,3061,3055,3121,3121,772.0,772.0,77.720207253886,77.720207253886,60,66,120.0,132.0,,,12.0,12.0,9.090909090909092
GDN0024,Pause,8,8,8,3323,3323,3728,3728,3447,3441,3509,3511,832.0,832.0,72.11538461538461,72.11538461538461,62,70,124.0,140.0,,,16.0,16.0,11.428571428571429
GDN0024,Pause,9,9,9,3728,3728,4152,4152,3864,3857,3930,3931,856.0,856.0,70.09345794392523,70.09345794392523,66,74,132.0,148.0,,,16.0,16.0,10.81081081081081
GDN0024,Pause,10,10,10,4152,4152,4589,4589,4292,4286,4355,4360,884.0,884.0,67.87330316742081,67.87330316742081,63,74,126.0,148.0,,,22.0,22.0,14.864864864864865
GDN0024,Pause,11,11,11,4589,4589,5024,5024,4733,4728,4796,4794,860.0,860.0,69.76744186046511,69.76744186046511,63,66,126.0,132.0,,,6.0,6.0,4.545454545454546
GDN0024,Pause,12,12,12,5024,5024,5439,5439,5164,5158,5225,5213,814.0,814.0,73.71007371007371,73.71007371007371,61,55,122.0,110.0,,,-12.0,12.0,10.909090909090908
GDN0024,Pause,13,13,13,5439,5439,5848,5848,5571,5565,5632,5635,820.0,820.0,73.17073170731707,73.17073170731707,61,70,122.0,140.0,,,18.0,18.0,12.857142857142856
GDN0024,Pause,14,14,14,5848,5848,6276,6276,5980,5974,6042,6045,878.0,878.0,68.3371298405467,68.3371298405467,62,71,124.0,142.0,,,18.0,18.0,12.676056338028168
GDN0024,Pause,15,15,15,6276,6276,6711,6711,6419,6413,6483,6484,864.0,864.0,69.44444444444444,69.44444444444444,64,71,128.0,142.0,,,14.0,14.0,9.859154929577464
GDN0024,Pause,16,16,16,6711,6711,7139,7139,6851,6845,6914,6914,852.0,852.0,70.4225352112676,70.4225352112676,63,69,126.0,138.0,,,12.0,12.0,8.695652173913043
GDN0024,Pause,17,17,17,7139,7139,7551,7551,7277,7271,7337,7337,808.0,808.0,74.25742574257426,74.25742574257426,60,66,120.0,132.0,,,12.0,12.0,9.090909090909092
GDN0024,Pause,18,18,18,7551,7551,7957,7957,7682,7676,7743,7743,814.0,814.0,73.71007371007371,73.71007371007371,61,67,122.0,134.0,,,12.0,12.0,8.955223880597014
GDN0024,Pause,19,19,19,7957,7957,8373,8373,8088,8082,8152,8154,842.0,842.0,71.25890736342043,71.25890736342043,64,72,128.0,144.0,,,16.0,16.0,11.11111111111111
GDN0024,Pause,20,20,20,8373,8373,8807,8807,8509,8503,8574,8578,884.0,884.0,67.87330316742081,67.87330316742081,65,75,130.0,150.0,,,20.0,20.0,13.333333333333334
GDN0024,Pause,21,21,21,8807,8807,9248,9248,8952,8946,9014,9021,880.0,880.0,68.18181818181819,68.18181818181819,62,75,124.0,150.0,,,26.0,26.0,17.333333333333336
GDN0024,Pause,22,22,22,9248,9248,9668,9668,9392,9386,9452,9457,818.0,818.0,73.34963325183375,73.34963325183375,60,71,120.0,142.0,,,22.0,22.0,15.492957746478872
GDN0024,Pause,23,23,23,9668,9668,10064,10064,9800,9794,9861,9864,778.0,778.0,77.12082262210797,77.12082262210797,61,70,122.0,140.0,,,18.0,18.0,12.857142857142856
GDN0024,Pause,24,24,24,10064,10064,10467,10467,10189,10183,10249,10254,822.0,822.0,72.99270072992701,72.99270072992701,60,71,120.0,142.0,,,22.0,22.0,15.492957746478872
GDN0024,Pause,25,25,25,10467,10467,10893,10893,10600,10592,10668,10668,868.0,868.0,69.12442396313364,69.12442396313364,68,76,136.0,152.0,,,16.0,16.0,10.526315789473683
GDN0024,Pause,26,26,26,10893,10893,11341,11341,11034,11028,11100,11103,912.0,912.0,65.78947368421052,65.78947368421052,66,75,132.0,150.0,,,18.0,18.0,12.0
GDN0024,Pause,27,27,27,11341,11341,11797,11797,11490,11485,11554,11564,912.0,912.0,65.78947368421052,65.78947368421052,64,79,128.0,158.0,,,30.0,30.0,18.9873417721519
GDN0024,Pause,28,28,28,11797,11797,12243,12243,11946,11940,12008,11994,880.0,880.0,68.18181818181819,68.18181818181819,62,54,124.0,108.0,,,-16.0,16.0,14.814814814814813
GDN0024,Pause,29,29,29,12243,12243,12696,12696,12386,12380,12448,12450,920.0,920.0,65.21739130434783,65.21739130434783,62,70,124.0,140.0,,,16.0,16.0,11.428571428571429
GDN0024,Pause,30,30,30,12696,12696,13163,13163,12846,12840,12914,12915,942.0,942.0,63.69426751592357,63.69426751592357,68,75,136.0,150.0,,,14.0,14.0,9.333333333333334
GDN0024,Pause,31,31,31,13163,13163,13630,13630,13317,13311,13382,13385,928.0,928.0,64.6551724137931,64.6551724137931,65,74,130.0,148.0,,,18.0,18.0,12.162162162162163
GDN0024,Pause,32,32,32,13630,13630,14077,14077,13781,13775,13845,13849,876.0,876.0,68.4931506849315,68.4931506849315,64,74,128.0,148.0,,,20.0,20.0,13.513513513513514
GDN0024,Pause,33,33,33,14077,14077,14508,14508,14219,14213,14280,14283,854.0,854.0,70.2576112412178,70.2576112412178,61,70,122.0,140.0,,,18.0,18.0,12.857142857142856
GDN0024,Pause,34,34,34,14508,14508,14941,14941,14646,14641,14710,14716,874.0,874.0,68.64988558352402,68.64988558352402,64,75,128.0,150.0,,,22.0,22.0,14.666666666666666
GDN0024,Pause,35,35,35,14941,14941,15377,15377,15084,15078,15148,15146,872.0,872.0,68.80733944954129,68.80733944954129,64,68,128.0,136.0,,,8.0,8.0,5.88235294117647
GDN0024,Pause,36,36,36,15377,15377,15816,15816,15519,15513,15582,15562,880.0,880.0,68.18181818181819,68.18181818181819,63,49,126.0,98.0,,,-28.0,28.0,28.57142857142857
GDN0024,Pause,37,37,37,15816,15816,16244,16244,15960,15954,16022,16022,844.0,844.0,71.09004739336493,71.09004739336493,62,68,124.0,136.0,,,12.0,12.0,8.823529411764707
GDN0024,Pause,38,38,38,16244,16244,16662,16662,16381,16375,16443,16432,832.0,832.0,72.11538461538461,72.11538461538461,62,57,124.0,114.0,,,-10.0,10.0,8.771929824561402
GDN0024,Pause,39,39,39,16662,16662,17104,17104,16797,16791,16859,16861,910.0,910.0,65.93406593406593,65.93406593406593,62,70,124.0,140.0,,,16.0,16.0,11.428571428571429
GDN0024,Pause,40,40,40,17104,17104,17572,17572,17251,17246,17320,17324,950.0,950.0,63.15789473684211,63.15789473684211,69,78,138.0,156.0,,,18.0,18.0,11.538461538461538
GDN0024,Pause,41,41,41,17572,17572,18044,18044,17728,17722,17793,17791,940.0,940.0,63.829787234042556,63.829787234042556,65,69,130.0,138.0,,,8.0,8.0,5.797101449275362
GDN0024,Pause,42,42,42,18044,18044,18492,18492,18197,18192,18260,18266,874.0,874.0,68.64988558352402,68.64988558352402,63,74,126.0,148.0,,,22.0,22.0,14.864864864864865
GDN0024,Pause,43,43,43,18492,18492,18909,18909,18635,18629,18697,18687,812.0,812.0,73.89162561576354,73.89162561576354,62,58,124.0,116.0,,,-8.0,8.0,6.896551724137931
GDN0024,Pause,44,44,44,18909,18909,19314,19314,19040,19034,19103,19096,808.0,808.0,74.25742574257426,74.25742574257426,63,62,126.0,124.0,,,-2.0,2.0,1.6129032258064515
GDN0024,Pause,45,45,45,19314,19314,19731,19731,19445,19439,19509,19508,848.0,848.0,70.75471698113208,70.75471698113208,64,69,128.0,138.0,,,10.0,10.0,7.246376811594203
GDN0024,Pause,46,46,46,19731,19731,20160,20160,19868,19862,19934,19936,866.0,866.0,69.28406466512702,69.28406466512702,66,74,132.0,148.0,,,16.0,16.0,10.81081081081081
GDN0024,Pause,47,47,47,20160,20160,20590,20590,20302,20296,20367,20368,854.0,854.0,70.2576112412178,70.2576112412178,65,72,130.0,144.0,,,14.0,14.0,9.722222222222223
GDN0024,Pause,48,48,48,20590,20590,21006,21006,20729,20723,20790,20791,820.0,820.0,73.17073170731707,73.17073170731707,61,68,122.0,136.0,,,14.0,14.0,10.294117647058822
GDN0024,Pause,49,49,49,21006,21006,21428,21428,21138,21132,21200,21204,860.0,860.0,69.76744186046511,69.76744186046511,62,72,124.0,144.0,,,20.0,20.0,13.88888888888889
GDN0024,Pause,50,50,50,21428,21428,21874,21874,21568,21562,21634,21633,908.0,908.0,66.07929515418502,66.07929515418502,66,71,132.0,142.0,,,10.0,10.0,7.042253521126761
GDN0024,Pause,51,51,51,21874,21874,22327,22327,22022,22017,22087,22092,904.0,904.0,66.3716814159292,66.3716814159292,65,75,130.0,150.0,,,20.0,20.0,13.333333333333334
GDN0024,Pause,52,52,52,22327,22327,22767,22767,22475,22469,22538,22544,868.0,868.0,69.12442396313364,69.12442396313364,63,75,126.0,150.0,,,24.0,24.0,16.0
GDN0024,Pause,53,53,53,22767,22767,23184,23184,22908,22903,22970,22976,816.0,816.0,73.52941176470588,73.52941176470588,62,73,124.0,146.0,,,22.0,22.0,15.068493150684931
GDN0024,Pause,54,54,54,23184,23184,23601,23601,23317,23311,23379,23385,842.0,842.0,71.25890736342043,71.25890736342043,62,74,124.0,148.0,,,24.0,24.0,16.216216216216218
GDN0024,Pause,55,55,55,23601,23601,24024,24024,23737,23731,23803,23803,848.0,848.0,70.75471698113208,70.75471698113208,66,72,132.0,144.0,,,12.0,12.0,8.333333333333332
GDN0024,Pause,56,56,56,24024,24024,24454,24454,24161,24155,24225,24226,868.0,868.0,69.12442396313364,69.12442396313364,64,71,128.0,142.0,,,14.0,14.0,9.859154929577464
GDN0024,Pause,57,57,57,24454,24454,24897,24897,24596,24590,24659,24661,896.0,896.0,66.96428571428571,66.96428571428571,63,71,126.0,142.0,,,16.0,16.0,11.267605633802818
GDN0024,Pause,58,58,58,24897,24897,25343,25343,25043,25037,25107,25093,890.0,890.0,67.41573033707866,67.41573033707866,64,56,128.0,112.0,,,-16.0,16.0,14.285714285714285
GDN0024,Pause,59,59,59,25343,25343,25765,25765,25488,25482,25551,25549,818.0,818.0,73.34963325183375,73.34963325183375,63,67,126.0,134.0,,,8.0,8.0,5.970149253731343
GDN0024,Pause,60,60,60,25765,25765,26165,26165,25898,25892,25960,25956,792.0,792.0,75.75757575757575,75.75757575757575,62,64,124.0,128.0,,,4.0,4.0,3.125
GDN0024,Pause,61,61,61,26165,26165,26584,26584,26294,26288,26359,26361,862.0,862.0,69.60556844547564,69.60556844547564,65,73,130.0,146.0,,,16.0,16.0,10.95890410958904
GDN0024,Pause,62,62,62,26584,26584,27034,27034,26724,26718,26792,26797,920.0,920.0,65.21739130434783,65.21739130434783,68,79,136.0,158.0,,,22.0,22.0,13.924050632911392
GDN0024,Pause,63,63,63,27034,27034,27496,27496,27185,27179,27250,27255,926.0,926.0,64.79481641468682,64.79481641468682,65,76,130.0,152.0,,,22.0,22.0,14.473684210526317
GDN0024,Pause,64,64,64,27496,27496,27943,27943,27648,27642,27712,27715,876.0,876.0,68.4931506849315,68.4931506849315,64,73,128.0,146.0,,,18.0,18.0,12.32876712328767
GDN0024,Pause,65,65,65,27943,27943,28364,28364,28086,28080,28147,28140,824.0,824.0,72.81553398058253,72.81553398058253,61,60,122.0,120.0,,,-2.0,2.0,1.6666666666666667
GDN0024,Pause,66,66,66,28364,28364,28789,28789,28497,28492,28559,28562,866.0,866.0,69.28406466512702,69.28406466512702,62,70,124.0,140.0,,,16.0,16.0,11.428571428571429
GDN0024,Pause,67,67,67,28789,28789,29235,29235,28930,28925,28997,29004,904.0,904.0,66.3716814159292,66.3716814159292,67,79,134.0,158.0,,,24.0,24.0,15.18987341772152
GDN0024,Pause,68,68,68,29235,29235,29685,29685,29382,29377,29448,29452,898.0,898.0,66.81514476614699,66.81514476614699,66,75,132.0,150.0,,,18.0,18.0,12.0
GDN0024,Valsalva,0,0,0,131,131,566,566,272,266,336,338,870.0,870.0,68.96551724137932,68.96551724137932,64,72,128.0,144.0,,,16.0,16.0,11.11111111111111
GDN0024,Valsalva,1,1,1,566,566,996,996,707,701,770,768,856.0,856.0,70.09345794392523,70.09345794392523,63,67,126.0,134.0,,,8.0,8.0,5.970149253731343
GDN0024,Valsalva,2,2,2,996,996,1420,1420,1135,1130,1201,1201,844.0,844.0,71.09004739336493,71.09004739336493,66,71,132.0,142.0,,,10.0,10.0,7.042253521126761
GDN0024,Valsalva,3,3,3,1420,1420,1844,1844,1557,1551,1623,1626,850.0,850.0,70.58823529411765,70.58823529411765,66,75,132.0,150.0,,,18.0,18.0,12.0
GDN0024,Valsalva,4,4,4,1844,1844,2268,2268,1982,1977,2045,2050,846.0,846.0,70.92198581560284,70.92198581560284,63,73,126.0,146.0,,,20.0,20.0,13.698630136986301
GDN0024,Valsalva,5,5,5,2268,2268,2681,2681,2406,2400,2467,2467,816.0,816.0,73.52941176470588,73.52941176470588,61,67,122.0,134.0,,,12.0,12.0,8.955223880597014
GDN0024,Valsalva,6,6,6,2681,2681,3100,3100,2813,2808,2876,2881,850.0,850.0,70.58823529411765,70.58823529411765,63,73,126.0,146.0,,,20.0,20.0,13.698630136986301
GDN0024,Valsalva,7,7,7,3100,3100,3527,3527,3239,3233,3304,3308,856.0,856.0,70.09345794392523,70.09345794392523,65,75,130.0,150.0,,,20.0,20.0,13.333333333333334
GDN0024,Valsalva,8,8,8,3527,3527,3956,3956,3666,3660,3731,3733,858.0,858.0,69.93006993006993,69.93006993006993,65,73,130.0,146.0,,,16.0,16.0,10.95890410958904
GDN0024,Valsalva,9,9,9,3956,3956,4377,4377,4096,4089,4157,4149,834.0,834.0,71.94244604316548,71.94244604316548,61,60,122.0,120.0,,,-2.0,2.0,1.6666666666666667
GDN0024,Valsalva,10,10,10,4377,4377,4798,4798,4512,4507,4577,4577,846.0,846.0,70.92198581560284,70.92198581560284,65,70,130.0,140.0,,,10.0,10.0,7.142857142857142
GDN0024,Valsalva,11,11,11,4798,4798,5226,5226,4935,4929,5001,5006,862.0,862.0,69.60556844547564,69.60556844547564,66,77,132.0,154.0,,,22.0,22.0,14.285714285714285
GDN0024,Valsalva,12,12,12,5226,5226,5658,5658,5366,5361,5429,5434,866.0,866.0,69.28406466512702,69.28406466512702,63,73,126.0,146.0,,,20.0,20.0,13.698630136986301
GDN0024,Valsalva,13,13,13,5658,5658,6077,6077,5800,5794,5861,5852,822.0,822.0,72.99270072992701,72.99270072992701,61,58,122.0,116.0,,,-6.0,6.0,5.172413793103448
GDN0024,Valsalva,14,14,14,6077,6077,6494,6494,6210,6204,6273,6275,840.0,840.0,71.42857142857143,71.42857142857143,63,71,126.0,142.0,,,16.0,16.0,11.267605633802818
GDN0024,Valsalva,15,15,15,6494,6494,6920,6920,6630,6624,6695,6698,860.0,860.0,69.76744186046511,69.76744186046511,65,74,130.0,148.0,,,18.0,18.0,12.162162162162163
GDN0024,Valsalva,16,16,16,6920,6920,7348,7348,7060,7054,7124,7127,852.0,852.0,70.4225352112676,70.4225352112676,64,73,128.0,146.0,,,18.0,18.0,12.32876712328767
GDN0024,Valsalva,17,17,17,7348,7348,7762,7762,7486,7481,7549,7552,816.0,816.0,73.52941176470588,73.52941176470588,63,71,126.0,142.0,,,16.0,16.0,11.267605633802818
GDN0024,Valsalva,18,18,18,7762,7762,8181,8181,7894,7889,7957,7958,850.0,850.0,70.58823529411765,70.58823529411765,63,69,126.0,138.0,,,12.0,12.0,8.695652173913043
GDN0024,Valsalva,19,19,19,8181,8181,8604,8604,8320,8314,8385,8387,844.0,844.0,71.09004739336493,71.09004739336493,65,73,130.0,146.0,,,16.0,16.0,10.95890410958904
GDN0024,Valsalva,20,20,20,8604,8604,9035,9035,8741,8736,8805,8804,870.0,870.0,68.96551724137932,68.96551724137932,64,68,128.0,136.0,,,8.0,8.0,5.88235294117647
GDN0024,Valsalva,21,21,21,9035,9035,9456,9456,9176,9170,9238,9241,828.0,828.0,72.46376811594203,72.46376811594203,62,71,124.0,142.0,,,18.0,18.0,12.676056338028168
GDN0024,Valsalva,22,22,22,9456,9456,9877,9877,9590,9584,9652,9647,850.0,850.0,70.58823529411765,70.58823529411765,62,63,124.0,126.0,,,2.0,2.0,1.5873015873015872
GDN0024,Valsalva,23,23,23,9877,9877,10295,10295,10015,10009,10081,10087,828.0,828.0,72.46376811594203,72.46376811594203,66,78,132.0,156.0,,,24.0,24.0,15.384615384615385
GDN0024,Valsalva,24,24,24,10295,10295,10699,10699,10429,10423,10493,10493,796.0,796.0,75.37688442211055,75.37688442211055,64,70,128.0,140.0,,,12.0,12.0,8.571428571428571
GDN0024,Valsalva,25,25,25,10699,10699,11083,11082,10827,10820,10890,10895,754.0,754.0,79.57559681697613,79.57559681697613,63,75,126.0,150.0,,,24.0,24.0,16.0
GDN0024,Valsalva,26,26,26,11083,11082,11447,11447,11204,11198,11266,11253,714.0,714.0,84.03361344537815,84.03361344537815,62,55,124.0,110.0,,,-14.0,14.0,12.727272727272727
GDN0024,Valsalva,27,27,27,11447,11447,11822,11822,11561,11555,11624,11626,770.0,770.0,77.92207792207792,77.92207792207792,63,71,126.0,142.0,,,16.0,16.0,11.267605633802818
GDN0024,Valsalva,28,28,28,11822,11822,12246,12246,11946,11939,12010,12009,888.0,888.0,67.56756756756756,67.56756756756756,64,70,128.0,140.0,,,12.0,12.0,8.571428571428571
GDN0024,Valsalva,29,29,29,12246,12246,12682,12682,12391,12384,12453,12447,866.0,866.0,69.28406466512702,69.28406466512702,62,63,124.0,126.0,,,2.0,2.0,1.5873015873015872
GDN0024,Valsalva,30,30,30,12682,12682,13097,13097,12823,12817,12884,12877,810.0,810.0,74.07407407407408,74.07407407407408,61,60,122.0,120.0,,,-2.0,2.0,1.6666666666666667
GDN0024,Valsalva,31,31,31,13097,13097,13513,13513,13228,13222,13291,13277,844.0,844.0,71.09004739336493,71.09004739336493,63,55,126.0,110.0,,,-16.0,16.0,14.545454545454545
GDN0024,Valsalva,32,32,32,13513,13513,13942,13942,13650,13644,13717,13720,866.0,866.0,69.28406466512702,69.28406466512702,67,76,134.0,152.0,,,18.0,18.0,11.842105263157894
GDN0024,Valsalva,33,33,33,13942,13942,14384,14384,14083,14077,14149,14151,892.0,892.0,67.26457399103138,67.26457399103138,66,74,132.0,148.0,,,16.0,16.0,10.81081081081081
GDN0024,Valsalva,34,34,34,14384,14384,14812,14812,14529,14523,14592,14590,838.0,838.0,71.59904534606206,71.59904534606206,63,67,126.0,134.0,,,8.0,8.0,5.970149253731343
GDN0024,Valsalva,35,35,35,14812,14812,15212,15212,14949,14942,15010,14999,780.0,780.0,76.92307692307692,76.92307692307692,61,57,122.0,114.0,,,-8.0,8.0,7.017543859649122
GDN0024,Valsalva,36,36,36,15212,15212,15612,15612,15339,15333,15400,15405,810.0,810.0,74.07407407407408,74.07407407407408,61,72,122.0,144.0,,,22.0,22.0,15.277777777777779
GDN0024,Valsalva,37,37,37,15612,15612,16026,16026,15743,15737,15811,15814,838.0,838.0,71.59904534606206,71.59904534606206,68,77,136.0,154.0,,,18.0,18.0,11.688311688311687
GDN0024,Valsalva,38,38,38,16026,16026,16460,16460,16162,16156,16227,16231,884.0,884.0,67.87330316742081,67.87330316742081,65,75,130.0,150.0,,,20.0,20.0,13.333333333333334
GDN0024,Valsalva,39,39,39,16460,16460,16900,16900,16604,16598,16669,16667,878.0,878.0,68.3371298405467,68.3371298405467,65,69,130.0,138.0,,,8.0,8.0,5.797101449275362
GDN0024,Valsalva,40,40,40,16900,16900,17325,17325,17044,17038,17104,17099,834.0,834.0,71.94244604316548,71.94244604316548,60,61,120.0,122.0,,,2.0,2.0,1.639344262295082
GDN0024,Valsalva,41,41,41,17325,17325,17751,17751,17460,17454,17523,17513,862.0,862.0,69.60556844547564,69.60556844547564,63,59,126.0,118.0,,,-8.0,8.0,6.779661016949152
GDN0024,Valsalva,42,42,42,17751,17751,18189,18189,17892,17886,17958,17964,882.0,882.0,68.02721088435374,68.02721088435374,66,78,132.0,156.0,,,24.0,24.0,15.384615384615385
GDN0024,Valsalva,43,43,43,18189,18189,18637,18637,18332,18326,18398,18399,904.0,904.0,66.3716814159292,66.3716814159292,66,73,132.0,146.0,,,14.0,14.0,9.58904109589041
GDN0024,Valsalva,44,44,44,18637,18637,19086,19086,18784,18778,18849,18850,894.0,894.0,67.11409395973155,67.11409395973155,65,72,130.0,144.0,,,14.0,14.0,9.722222222222223
GDN0024,Valsalva,45,45,45,19086,19086,19520,19520,19231,19226,19294,19298,854.0,854.0,70.2576112412178,70.2576112412178,63,72,126.0,144.0,,,18.0,18.0,12.5
GDN0024,Valsalva,46,46,46,19520,19520,19936,19936,19658,19652,19721,19718,820.0,820.0,73.17073170731707,73.17073170731707,63,66,126.0,132.0,,,6.0,6.0,4.545454545454546
GDN0024,Valsalva,47,47,47,19936,19936,20362,20362,20069,20063,20132,20136,870.0,870.0,68.96551724137932,68.96551724137932,63,73,126.0,146.0,,,20.0,20.0,13.698630136986301
GDN0024,Valsalva,48,48,48,20362,20362,20807,20807,20503,20498,20569,20575,902.0,902.0,66.51884700665188,66.51884700665188,66,77,132.0,154.0,,,22.0,22.0,14.285714285714285
GDN0024,Valsalva,49,49,49,20807,20807,21257,21257,20954,20949,21020,21021,898.0,898.0,66.81514476614699,66.81514476614699,66,72,132.0,144.0,,,12.0,12.0,8.333333333333332
GDN0024,Valsalva,50,50,50,21257,21257,21695,21695,21403,21397,21466,21472,864.0,864.0,69.44444444444444,69.44444444444444,63,75,126.0,150.0,,,24.0,24.0,16.0
GDN0024,Valsalva,51,51,51,21695,21695,22111,22111,21835,21829,21897,21898,816.0,816.0,73.52941176470588,73.52941176470588,62,69,124.0,138.0,,,14.0,14.0,10.144927536231885
GDN0024,Valsalva,52,52,52,22111,22111,22534,22534,22244,22238,22309,22311,860.0,860.0,69.76744186046511,69.76744186046511,65,73,130.0,146.0,,,16.0,16.0,10.95890410958904
GDN0024,Valsalva,53,53,53,22534,22534,22965,22965,22673,22667,22739,22742,866.0,866.0,69.28406466512702,69.28406466512702,66,75,132.0,150.0,,,18.0,18.0,12.0
GDN0024,Valsalva,54,54,54,22965,22965,23408,23408,23106,23101,23172,23176,894.0,894.0,67.11409395973155,67.11409395973155,66,75,132.0,150.0,,,18.0,18.0,12.0
GDN0024,Valsalva,55,55,55,23408,23408,23847,23847,23554,23548,23617,23619,870.0,870.0,68.96551724137932,68.96551724137932,63,71,126.0,142.0,,,16.0,16.0,11.267605633802818
GDN0024,Valsalva,56,56,56,23847,23847,24277,24277,23988,23982,24051,24045,856.0,856.0,70.09345794392523,70.09345794392523,63,63,126.0,126.0,,,0.0,0.0,0.0
GDN0024,Valsalva,57,57,57,24277,24277,24712,24712,24416,24410,24482,24489,876.0,876.0,68.4931506849315,68.4931506849315,66,79,132.0,158.0,,,26.0,26.0,16.455696202531644
GDN0024,Valsalva,58,58,58,24712,24712,25154,25154,24854,24849,24920,24923,888.0,888.0,67.56756756756756,67.56756756756756,66,74,132.0,148.0,,,16.0,16.0,10.81081081081081
GDN0024,Valsalva,59,59,59,25154,25154,25592,25592,25298,25292,25362,25364,872.0,872.0,68.80733944954129,68.80733944954129,64,72,128.0,144.0,,,16.0,16.0,11.11111111111111
GDN0024,Valsalva,60,60,60,25592,25592,26017,26017,25734,25729,25797,25798,836.0,836.0,71.77033492822967,71.77033492822967,63,69,126.0,138.0,,,12.0,12.0,8.695652173913043
GDN0024,Valsalva,61,61,61,26017,26017,26425,26425,26153,26147,26215,26219,806.0,806.0,74.44168734491315,74.44168734491315,62,72,124.0,144.0,,,20.0,20.0,13.88888888888889
GDN0024,Valsalva,62,62,62,26425,26425,26838,26838,26555,26549,26618,26616,838.0,838.0,71.59904534606206,71.59904534606206,63,67,126.0,134.0,,,8.0,8.0,5.970149253731343
GDN0024,Valsalva,63,63,63,26838,26838,27270,27270,26974,26968,27039,27046,876.0,876.0,68.4931506849315,68.4931506849315,65,78,130.0,156.0,,,26.0,26.0,16.666666666666664
GDN0024,Valsalva,64,64,64,27270,27270,27706,27706,27412,27406,27477,27476,870.0,870.0,68.96551724137932,68.96551724137932,65,70,130.0,140.0,,,10.0,10.0,7.142857142857142
GDN0024,Valsalva,65,65,65,27706,27706,28131,28131,27847,27842,27910,27912,840.0,840.0,71.42857142857143,71.42857142857143,63,70,126.0,140.0,,,14.0,14.0,10.0
GDN0024,Valsalva,66,66,66,28131,28131,28547,28547,28267,28261,28328,28332,828.0,828.0,72.46376811594203,72.46376811594203,61,71,122.0,142.0,,,20.0,20.0,14.084507042253522
GDN0024,Valsalva,67,67,67,28547,28547,28969,28969,28681,28675,28747,28750,852.0,852.0,70.4225352112676,70.4225352112676,66,75,132.0,150.0,,,18.0,18.0,12.0
GDN0024,Valsalva,68,68,68,28969,28969,29399,29399,29107,29101,29173,29178,866.0,866.0,69.28406466512702,69.28406466512702,66,77,132.0,154.0,,,22.0,22.0,14.285714285714285
GDN0024,Valsalva,69,69,69,29399,29399,29832,29832,29540,29534,29603,29609,,,,,63,75,126.0,150.0,,,24.0,24.0,16.0
GDN0024,HoldingBreath,0,0,0,311,311,749,749,453,446,517,518,876.0,876.0,68.4931506849315,68.4931506849315,64,72,128.0,144.0,,,16.0,16.0,11.11111111111111
GDN0024,HoldingBreath,1,1,1,749,749,1182,1182,891,886,952,954,862.0,862.0,69.60556844547564,69.60556844547564,61,68,122.0,136.0,,,14.0,14.0,10.294117647058822
GDN0024,HoldingBreath,2,2,2,1182,1182,1601,1601,1323,1317,1381,1379,826.0,826.0,72.63922518159806,72.63922518159806,58,62,116.0,124.0,,,8.0,8.0,6.451612903225806
GDN0024,HoldingBreath,3,3,3,1601,1601,2027,2027,1735,1729,1797,1799,866.0,866.0,69.28406466512702,69.28406466512702,62,70,124.0,140.0,,,16.0,16.0,11.428571428571429
GDN0024,HoldingBreath,4,4,4,2027,2027,2460,2460,2167,2162,2232,2237,864.0,864.0,69.44444444444444,69.44444444444444,65,75,130.0,150.0,,,20.0,20.0,13.333333333333334
GDN0024,HoldingBreath,6,6,6,2879,2879,3285,3285,3013,3007,3073,3067,802.0,802.0,74.81296758104737,74.81296758104737,60,60,120.0,120.0,,,0.0,0.0,0.0
GDN0024,HoldingBreath,7,7,7,3285,3285,3694,3694,3414,3408,3476,3480,828.0,828.0,72.46376811594203,72.46376811594203,62,72,124.0,144.0,,,20.0,20.0,13.88888888888889
GDN0024,HoldingBreath,8,8,8,3694,3694,4105,4105,3828,3822,3891,3893,818.0,818.0,73.34963325183375,73.34963325183375,63,71,126.0,142.0,,,16.0,16.0,11.267605633802818
GDN0024,HoldingBreath,9,9,9,4105,4105,4487,4487,4237,4231,4300,4299,736.0,736.0,81.52173913043478,81.52173913043478,63,68,126.0,136.0,,,10.0,10.0,7.352941176470589
GDN0024,HoldingBreath,10,10,10,4487,4487,4847,4847,4605,4599,4666,4671,712.0,712.0,84.26966292134831,84.26966292134831,61,72,122.0,144.0,,,22.0,22.0,15.277777777777779
GDN0024,HoldingBreath,11,11,11,4847,4847,5216,5216,4961,4955,5024,5027,750.0,750.0,80.0,80.0,63,72,126.0,144.0,,,18.0,18.0,12.5
GDN0024,HoldingBreath,12,12,12,5216,5216,5602,5602,5336,5330,5395,5397,784.0,784.0,76.53061224489795,76.53061224489795,59,67,118.0,134.0,,,16.0,16.0,11.940298507462686
GDN0024,HoldingBreath,13,13,13,5602,5602,6013,6013,5728,5722,5790,5793,842.0,842.0,71.25890736342043,71.25890736342043,62,71,124.0,142.0,,,18.0,18.0,12.676056338028168
GDN0024,HoldingBreath,14,14,14,6013,6013,6439,6439,6149,6144,6213,6218,858.0,858.0,69.93006993006993,69.93006993006993,64,74,128.0,148.0,,,20.0,20.0,13.513513513513514
GDN0024,HoldingBreath,15,15,15,6439,6439,6852,6852,6578,6572,6641,6636,808.0,808.0,74.25742574257426,74.25742574257426,63,64,126.0,128.0,,,2.0,2.0,1.5625
GDN0024,HoldingBreath,17,17,17,7241,7241,7611,7611,7363,7356,7424,7430,728.0,728.0,82.41758241758242,82.41758241758242,61,74,122.0,148.0,,,26.0,26.0,17.56756756756757
GDN0024,HoldingBreath,18,18,18,7611,7611,7968,7968,7728,7722,7789,7787,708.0,708.0,84.74576271186442,84.74576271186442,61,65,122.0,130.0,,,8.0,8.0,6.153846153846154
GDN0024,HoldingBreath,19,19,19,7968,7968,8311,8311,8082,8076,8138,8145,674.0,674.0,89.02077151335311,89.02077151335311,56,69,112.0,138.0,,,26.0,26.0,18.84057971014493
GDN0024,HoldingBreath,21,21,21,8649,8649,8986,8986,8757,8751,8818,8826,672.0,672.0,89.28571428571428,89.28571428571428,61,75,122.0,150.0,,,28.0,28.0,18.666666666666668
GDN0024,HoldingBreath,22,22,22,8986,8986,9323,9323,9094,9088,9152,9158,674.0,674.0,89.02077151335311,89.02077151335311,58,70,116.0,140.0,,,24.0,24.0,17.142857142857142
GDN0024,HoldingBreath,23,23,23,9323,9323,9656,9656,9431,9425,9491,9502,662.0,662.0,90.63444108761328,90.63444108761328,60,77,120.0,154.0,,,34.0,34.0,22.07792207792208
GDN0024,HoldingBreath,24,24,24,9656,9656,9981,9981,9762,9756,9811,9805,644.0,644.0,93.16770186335404,93.16770186335404,49,49,98.0,98.0,,,0.0,0.0,0.0
GDN0024,HoldingBreath,25,25,25,9981,9981,10305,10305,10083,10077,10138,10144,648.0,648.0,92.5925925925926,92.5925925925926,55,67,110.0,134.0,,,24.0,24.0,17.91044776119403
GDN0024,HoldingBreath,26,26,26,10305,10305,10628,10628,10407,10401,10466,10467,646.0,646.0,92.87925696594426,92.87925696594426,59,66,118.0,132.0,,,14.0,14.0,10.606060606060606
GDN0024,HoldingBreath,27,27,27,10628,10628,10952,10952,10730,10724,10791,10768,650.0,650.0,92.3076923076923,92.3076923076923,61,44,122.0,88.0,,,-34.0,34.0,38.63636363636363
GDN0024,HoldingBreath,28,28,28,10952,10952,11277,11277,11055,11050,11114,11115,648.0,648.0,92.5925925925926,92.5925925925926,59,65,118.0,130.0,,,12.0,12.0,9.230769230769232
GDN0024,HoldingBreath,29,29,29,11277,11277,11603,11603,11380,11374,11437,11418,656.0,656.0,91.46341463414633,91.46341463414633,57,44,114.0,88.0,,,-26.0,26.0,29.545454545454547
GDN0024,HoldingBreath,30,30,30,11603,11603,11936,11936,11707,11701,11767,11724,672.0,672.0,89.28571428571428,89.28571428571428,60,23,120.0,46.0,,,-74.0,74.0,160.8695652173913
GDN0024,HoldingBreath,31,31,31,11936,11936,12276,12276,12043,12037,12104,12079,682.0,682.0,87.97653958944281,87.97653958944281,61,42,122.0,84.0,,,-38.0,38.0,45.23809523809524
GDN0024,HoldingBreath,32,32,32,12276,12276,12621,12621,12385,12379,12443,12439,694.0,694.0,86.45533141210375,86.45533141210375,58,60,116.0,120.0,,,4.0,4.0,3.3333333333333335
GDN0024,HoldingBreath,33,33,33,12621,12621,12964,12964,12731,12725,12789,12777,682.0,682.0,87.97653958944281,87.97653958944281,58,52,116.0,104.0,,,-12.0,12.0,11.538461538461538
GDN0024,HoldingBreath,34,34,34,12964,12964,13309,13309,13072,13066,13135,13131,694.0,694.0,86.45533141210375,86.45533141210375,63,65,126.0,130.0,,,4.0,4.0,3.076923076923077
GDN0024,HoldingBreath,35,35,35,13309,13309,13661,13661,13419,13413,13475,13483,712.0,712.0,84.26966292134831,84.26966292134831,56,70,112.0,140.0,,,28.0,28.0,20.0
GDN0024,HoldingBreath,36,36,36,13661,13661,14021,14021,13775,13770,13838,13830,724.0,724.0,82.87292817679558,82.87292817679558,63,60,126.0,120.0,,,-6.0,6.0,5.0
GDN0024,HoldingBreath,37,37,37,14021,14021,14370,14370,14137,14132,14199,14186,682.0,682.0,87.97653958944281,87.97653958944281,62,54,124.0,108.0,,,-16.0,16.0,14.814814814814813
GDN0024,HoldingBreath,38,38,38,14370,14370,14713,14713,14478,14472,14540,14538,688.0,688.0,87.2093023255814,87.2093023255814,62,66,124.0,132.0,,,8.0,8.0,6.0606060606060606
GDN0024,HoldingBreath,39,39,39,14713,14713,15060,15060,14822,14816,14884,14881,698.0,698.0,85.9598853868195,85.9598853868195,62,65,124.0,130.0,,,6.0,6.0,4.615384615384616
GDN0024,HoldingBreath,40,40,40,15060,15060,15419,15419,15171,15165,15233,15235,730.0,730.0,82.19178082191782,82.19178082191782,62,70,124.0,140.0,,,16.0,16.0,11.428571428571429
GDN0024,HoldingBreath,41,41,41,15419,15419,15796,15796,15536,15530,15598,15598,766.0,766.0,78.32898172323759,78.32898172323759,62,68,124.0,136.0,,,12.0,12.0,8.823529411764707
GDN0024,HoldingBreath,42,42,42,15796,15796,16165,16165,15919,15913,15982,15980,724.0,724.0,82.87292817679558,82.87292817679558,63,67,126.0,134.0,,,8.0,8.0,5.970149253731343
GDN0024,HoldingBreath,43,43,43,16165,16165,16522,16522,16282,16276,16344,16329,708.0,708.0,84.74576271186442,84.74576271186442,62,53,124.0,106.0,,,-18.0,18.0,16.9811320754717
GDN0024,HoldingBreath,44,44,44,16522,16522,16884,16884,16636,16630,16696,16694,732.0,732.0,81.9672131147541,81.9672131147541,60,64,120.0,128.0,,,8.0,8.0,6.25
GDN0024,HoldingBreath,45,45,45,16884,16884,17262,17262,17001,16995,17063,17063,768.0,768.0,78.125,78.125,62,68,124.0,136.0,,,12.0,12.0,8.823529411764707
GDN0024,HoldingBreath,46,46,46,17262,17262,17655,17655,17385,17380,17444,17444,798.0,798.0,75.18796992481202,75.18796992481202,59,64,118.0,128.0,,,10.0,10.0,7.8125
GDN0024,HoldingBreath,47,47,47,17655,17655,18056,18056,17784,17778,17845,17852,802.0,802.0,74.81296758104737,74.81296758104737,61,74,122.0,148.0,,,26.0,26.0,17.56756756756757
GDN0024,HoldingBreath,48,48,48,18056,18056,18440,18440,18186,18182,18246,18324,752.0,752.0,79.7872340425532,79.7872340425532,60,142,120.0,284.0,,,164.0,164.0,57.74647887323944
GDN0024,HoldingBreath,49,49,49,18440,18440,18812,18812,18561,18556,18623,18602,738.0,738.0,81.30081300813008,81.30081300813008,62,46,124.0,92.0,,,-32.0,32.0,34.78260869565217
GDN0024,HoldingBreath,50,50,50,18812,18812,19184,19184,18930,18924,18993,18975,748.0,748.0,80.21390374331551,80.21390374331551,63,51,126.0,102.0,,,-24.0,24.0,23.52941176470588
GDN0024,HoldingBreath,51,51,51,19184,19184,19568,19568,19304,19298,19366,19373,778.0,778.0,77.12082262210797,77.12082262210797,62,75,124.0,150.0,,,26.0,26.0,17.333333333333336
GDN0024,HoldingBreath,52,52,52,19568,19568,19938,19938,19693,19687,19756,19755,720.0,720.0,83.33333333333334,83.33333333333334,63,68,126.0,136.0,,,10.0,10.0,7.352941176470589
GDN0024,HoldingBreath,53,53,53,19938,19938,20299,20299,20054,20048,20114,20116,722.0,722.0,83.10249307479225,83.10249307479225,60,68,120.0,136.0,,,16.0,16.0,11.76470588235294
GDN0024,HoldingBreath,54,54,54,20299,20299,20658,20658,20414,20408,20474,20477,716.0,716.0,83.79888268156425,83.79888268156425,60,69,120.0,138.0,,,18.0,18.0,13.043478260869565
GDN0024,HoldingBreath,55,55,55,20658,20658,21038,21038,20773,20767,20833,20823,784.0,784.0,76.53061224489795,76.53061224489795,60,56,120.0,112.0,,,-8.0,8.0,7.142857142857142
GDN0024,HoldingBreath,56,56,56,21038,21038,21449,21449,21164,21158,21225,21213,842.0,842.0,71.25890736342043,71.25890736342043,61,55,122.0,110.0,,,-12.0,12.0,10.909090909090908
GDN0024,HoldingBreath,57,57,57,21449,21449,21872,21872,21586,21580,21647,21653,848.0,848.0,70.75471698113208,70.75471698113208,61,73,122.0,146.0,,,24.0,24.0,16.43835616438356
GDN0024,HoldingBreath,58,58,58,21872,21872,22290,22290,22009,22003,22067,22059,832.0,832.0,72.11538461538461,72.11538461538461,58,56,116.0,112.0,,,-4.0,4.0,3.571428571428571
GDN0024,HoldingBreath,59,59,59,22290,22290,22720,22720,22425,22419,22486,22484,874.0,874.0,68.64988558352402,68.64988558352402,61,65,122.0,130.0,,,8.0,8.0,6.153846153846154
GDN0024,HoldingBreath,60,60,60,22720,22720,23152,23152,22862,22857,22926,22927,860.0,860.0,69.76744186046511,69.76744186046511,64,70,128.0,140.0,,,12.0,12.0,8.571428571428571
GDN0024,HoldingBreath,61,61,61,23152,23152,23575,23575,23292,23286,23354,23352,836.0,836.0,71.77033492822967,71.77033492822967,62,66,124.0,132.0,,,8.0,8.0,6.0606060606060606
GDN0024,HoldingBreath,62,62,62,23575,23575,23984,23984,23711,23705,23771,23763,810.0,810.0,74.07407407407408,74.07407407407408,60,58,120.0,116.0,,,-4.0,4.0,3.4482758620689653
GDN0024,HoldingBreath,63,63,63,23984,23984,24390,24390,24115,24110,24178,24180,812.0,812.0,73.89162561576354,73.89162561576354,63,70,126.0,140.0,,,14.0,14.0,10.0
GDN0024,HoldingBreath,64,64,64,24390,24390,24793,24793,24521,24515,24584,24589,804.0,804.0,74.62686567164178,74.62686567164178,63,74,126.0,148.0,,,22.0,22.0,14.864864864864865
GDN0024,HoldingBreath,65,65,65,24793,24793,25191,25191,24924,24918,24986,24994,792.0,792.0,75.75757575757575,75.75757575757575,62,76,124.0,152.0,,,28.0,28.0,18.421052631578945
GDN0024,HoldingBreath,66,66,66,25191,25191,25593,25593,25319,25313,25380,25367,808.0,808.0,74.25742574257426,74.25742574257426,61,54,122.0,108.0,,,-14.0,14.0,12.962962962962962
GDN0024,HoldingBreath,67,67,67,25593,25593,26005,26005,25723,25717,25786,25795,834.0,834.0,71.94244604316548,71.94244604316548,63,78,126.0,156.0,,,30.0,30.0,19.230769230769234
GDN0024,HoldingBreath,68,68,68,26005,26005,26434,26434,26140,26134,26204,26204,870.0,870.0,68.96551724137932,68.96551724137932,64,70,128.0,140.0,,,12.0,12.0,8.571428571428571
GDN0024,HoldingBreath,69,69,69,26434,26434,26858,26858,26575,26569,26634,26637,838.0,838.0,71.59904534606206,71.59904534606206,59,68,118.0,136.0,,,18.0,18.0,13.23529411764706
GDN0024,HoldingBreath,70,70,70,26858,26858,27274,27274,26994,26988,27061,27061,828.0,828.0,72.46376811594203,72.46376811594203,67,73,134.0,146.0,,,12.0,12.0,8.21917808219178
GDN0024,HoldingBreath,71,71,71,27274,27274,27703,27703,27408,27402,27472,27473,874.0,874.0,68.64988558352402,68.64988558352402,64,71,128.0,142.0,,,14.0,14.0,9.859154929577464
GDN0024,HoldingBreath,72,72,72,27703,27703,28128,28128,27846,27840,27907,27908,836.0,836.0,71.77033492822967,71.77033492822967,61,68,122.0,136.0,,,14.0,14.0,10.294117647058822
GDN0024,HoldingBreath,73,73,73,28128,28128,28544,28544,28263,28257,28324,28319,830.0,830.0,72.28915662650603,72.28915662650603,61,62,122.0,124.0,,,2.0,2.0,1.6129032258064515
GDN0024,HoldingBreath,74,74,74,28544,28544,28965,28965,28678,28672,28742,28749,850.0,850.0,70.58823529411765,70.58823529411765,64,77,128.0,154.0,,,26.0,26.0,16.883116883116884
GDN0024,HoldingBreath,75,75,75,28965,28965,29392,29392,29103,29098,29168,29172,856.0,856.0,70.09345794392523,70.09345794392523,65,74,130.0,148.0,,,18.0,18.0,12.162162162162163
GDN0024,HoldingBreath,76,76,76,29392,29392,29813,29813,29531,29526,29591,29597,834.0,834.0,71.94244604316548,71.94244604316548,60,71,120.0,142.0,,,22.0,22.0,15.492957746478872
GDN0024,TiltUp,0,0,0,404,404,837,837,545,539,612,615,866.0,866.0,69.28406466512702,69.28406466512702,67,76,134.0,152.0,,,18.0,18.0,11.842105263157894
GDN0024,TiltUp,1,1,1,837,837,1267,1267,978,972,1042,1042,856.0,856.0,70.09345794392523,70.09345794392523,64,70,128.0,140.0,,,12.0,12.0,8.571428571428571
GDN0024,TiltUp,2,2,2,1267,1267,1680,1680,1407,1401,1468,1466,810.0,810.0,74.07407407407408,74.07407407407408,61,65,122.0,130.0,,,8.0,8.0,6.153846153846154
GDN0024,TiltUp,3,3,3,1680,1680,2092,2092,1811,1805,1872,1850,830.0,830.0,72.28915662650603,72.28915662650603,61,45,122.0,90.0,,,-32.0,32.0,35.55555555555556
GDN0024,TiltUp,4,4,4,2092,2092,2507,2507,2226,2220,2292,2293,832.0,832.0,72.11538461538461,72.11538461538461,66,73,132.0,146.0,,,14.0,14.0,9.58904109589041
GDN0024,TiltUp,5,5,5,2507,2507,2921,2921,2642,2636,2705,2703,824.0,824.0,72.81553398058253,72.81553398058253,63,67,126.0,134.0,,,8.0,8.0,5.970149253731343
GDN0024,TiltUp,6,6,6,2921,2921,3323,3323,3054,3049,3116,3118,794.0,794.0,75.56675062972292,75.56675062972292,62,69,124.0,138.0,,,14.0,14.0,10.144927536231885
GDN0024,TiltUp,7,7,7,3323,3323,3730,3730,3451,3445,3512,3513,824.0,824.0,72.81553398058253,72.81553398058253,61,68,122.0,136.0,,,14.0,14.0,10.294117647058822
GDN0024,TiltUp,8,8,8,3730,3730,4142,4142,3862,3857,3927,3929,824.0,824.0,72.81553398058253,72.81553398058253,65,72,130.0,144.0,,,14.0,14.0,9.722222222222223
GDN0024,TiltUp,9,9,9,4142,4142,4544,4544,4275,4269,4338,4340,794.0,794.0,75.56675062972292,75.56675062972292,63,71,126.0,142.0,,,16.0,16.0,11.267605633802818
GDN0024,TiltUp,10,10,10,4544,4544,4933,4933,4672,4666,4736,4721,770.0,770.0,77.92207792207792,77.92207792207792,64,55,128.0,110.0,,,-18.0,18.0,16.363636363636363
GDN0024,TiltUp,11,11,11,4933,4933,5292,5292,5057,5051,5118,5102,688.0,688.0,87.2093023255814,87.2093023255814,61,51,122.0,102.0,,,-20.0,20.0,19.607843137254903
GDN0024,TiltUp,12,12,12,5292,5292,5643,5643,5401,5395,5467,5439,710.0,710.0,84.50704225352113,84.50704225352113,66,44,132.0,88.0,,,-44.0,44.0,50.0
GDN0024,TiltUp,13,13,13,5643,5643,6019,6019,5756,5750,5819,5821,776.0,776.0,77.31958762886597,77.31958762886597,63,71,126.0,142.0,,,16.0,16.0,11.267605633802818
GDN0024,TiltUp,14,14,14,6019,6019,6418,6418,6144,6139,6212,6216,808.0,808.0,74.25742574257426,74.25742574257426,68,77,136.0,154.0,,,18.0,18.0,11.688311688311687
GDN0024,TiltUp,15,15,15,6418,6418,6823,6823,6547,6542,6616,6616,812.0,812.0,73.89162561576354,73.89162561576354,69,74,138.0,148.0,,,10.0,10.0,6.756756756756757
GDN0024,TiltUp,16,16,16,6823,6823,7230,7230,6954,6948,7018,7020,816.0,816.0,73.52941176470588,73.52941176470588,64,72,128.0,144.0,,,16.0,16.0,11.11111111111111
GDN0024,TiltUp,17,17,17,7230,7230,7619,7619,7362,7357,7423,7428,758.0,758.0,79.15567282321899,79.15567282321899,61,71,122.0,142.0,,,20.0,20.0,14.084507042253522
GDN0024,TiltUp,18,18,18,7619,7619,7999,7999,7741,7735,7803,7796,760.0,760.0,78.94736842105263,78.94736842105263,62,61,124.0,122.0,,,-2.0,2.0,1.639344262295082
GDN0024,TiltUp,19,19,19,7999,7999,8384,8384,8121,8116,8182,8186,776.0,776.0,77.31958762886597,77.31958762886597,61,70,122.0,140.0,,,18.0,18.0,12.857142857142856
GDN0024,TiltUp,20,20,20,8384,8384,8759,8759,8509,8503,8568,8563,736.0,736.0,81.52173913043478,81.52173913043478,59,60,118.0,120.0,,,2.0,2.0,1.6666666666666667
GDN0024,TiltUp,21,21,21,8759,8759,9119,9119,8877,8871,8936,8930,712.0,712.0,84.26966292134831,84.26966292134831,59,59,118.0,118.0,,,0.0,0.0,0.0
GDN0024,TiltUp,22,22,22,9119,9119,9481,9481,9233,9227,9296,9298,728.0,728.0,82.41758241758242,82.41758241758242,63,71,126.0,142.0,,,16.0,16.0,11.267605633802818
GDN0024,TiltUp,23,23,23,9481,9481,9846,9846,9597,9592,9661,9665,732.0,732.0,81.9672131147541,81.9672131147541,64,73,128.0,146.0,,,18.0,18.0,12.32876712328767
GDN0024,TiltUp,24,24,24,9846,9846,10227,10227,9963,9958,10026,10024,778.0,778.0,77.12082262210797,77.12082262210797,63,66,126.0,132.0,,,6.0,6.0,4.545454545454546
GDN0024,TiltUp,25,25,25,10227,10227,10630,10630,10352,10346,10418,10408,822.0,822.0,72.99270072992701,72.99270072992701,66,62,132.0,124.0,,,-8.0,8.0,6.451612903225806
GDN0024,TiltUp,26,26,26,10630,10630,11029,11029,10763,10758,10823,10831,786.0,786.0,76.33587786259541,76.33587786259541,60,73,120.0,146.0,,,26.0,26.0,17.80821917808219
GDN0024,TiltUp,27,27,27,11029,11029,11425,11425,11157,11151,11231,11223,794.0,794.0,75.56675062972292,75.56675062972292,74,72,148.0,144.0,,,-4.0,4.0,2.7777777777777777
GDN0024,TiltUp,28,28,28,11425,11425,11826,11826,11553,11547,11622,11627,806.0,806.0,74.44168734491315,74.44168734491315,69,80,138.0,160.0,,,22.0,22.0,13.750000000000002
GDN0024,TiltUp,29,29,29,11826,11826,12228,12228,11956,11951,12020,12026,804.0,804.0,74.62686567164178,74.62686567164178,64,75,128.0,150.0,,,22.0,22.0,14.666666666666666
GDN0024,TiltUp,30,30,30,12228,12228,12619,12619,12358,12353,12421,12420,770.0,770.0,77.92207792207792,77.92207792207792,63,67,126.0,134.0,,,8.0,8.0,5.970149253731343
GDN0024,TiltUp,31,31,31,12619,12619,13001,13001,12744,12738,12802,12800,760.0,760.0,78.94736842105263,78.94736842105263,58,62,116.0,124.0,,,8.0,8.0,6.451612903225806
GDN0024,TiltUp,32,32,32,13001,13001,13386,13386,13122,13117,13185,13189,776.0,776.0,77.31958762886597,77.31958762886597,63,72,126.0,144.0,,,18.0,18.0,12.5
GDN0024,TiltUp,33,33,33,13386,13386,13777,13777,13511,13505,13575,13578,786.0,786.0,76.33587786259541,76.33587786259541,64,73,128.0,146.0,,,18.0,18.0,12.32876712328767
GDN0024,TiltUp,34,34,34,13777,13777,14177,14177,13904,13899,13966,13972,806.0,806.0,74.44168734491315,74.44168734491315,62,73,124.0,146.0,,,22.0,22.0,15.068493150684931
GDN0024,TiltUp,35,35,35,14177,14177,14571,14571,14308,14302,14368,14358,778.0,778.0,77.12082262210797,77.12082262210797,60,56,120.0,112.0,,,-8.0,8.0,7.142857142857142
GDN0024,TiltUp,36,36,36,14571,14571,14956,14956,14697,14691,14755,14742,766.0,766.0,78.32898172323759,78.32898172323759,58,51,116.0,102.0,,,-14.0,14.0,13.725490196078432
GDN0024,TiltUp,37,37,37,14956,14956,15345,15345,15079,15073,15142,15138,786.0,786.0,76.33587786259541,76.33587786259541,63,65,126.0,130.0,,,4.0,4.0,3.076923076923077
GDN0024,TiltUp,38,38,38,15345,15345,15736,15736,15472,15466,15535,15542,778.0,778.0,77.12082262210797,77.12082262210797,63,76,126.0,152.0,,,26.0,26.0,17.105263157894736
GDN0024,TiltUp,39,39,39,15736,15736,16123,16123,15862,15856,15923,15920,772.0,772.0,77.720207253886,77.720207253886,61,64,122.0,128.0,,,6.0,6.0,4.6875
GDN0024,TiltUp,40,40,40,16123,16123,16499,16499,16248,16242,16309,16299,742.0,742.0,80.86253369272237,80.86253369272237,61,57,122.0,114.0,,,-8.0,8.0,7.017543859649122
GDN0024,TiltUp,41,41,41,16499,16499,16863,16863,16618,16612,16678,16670,720.0,720.0,83.33333333333334,83.33333333333334,60,58,120.0,116.0,,,-4.0,4.0,3.4482758620689653
GDN0024,TiltUp,42,42,42,16863,16863,17218,17218,16979,16972,17040,17043,706.0,706.0,84.98583569405099,84.98583569405099,61,71,122.0,142.0,,,20.0,20.0,14.084507042253522
GDN0024,TiltUp,43,43,43,17218,17218,17577,17577,17331,17325,17392,17388,724.0,724.0,82.87292817679558,82.87292817679558,61,63,122.0,126.0,,,4.0,4.0,3.1746031746031744
GDN0024,TiltUp,44,44,44,17577,17577,17947,17947,17693,17687,17757,17756,748.0,748.0,80.21390374331551,80.21390374331551,64,69,128.0,138.0,,,10.0,10.0,7.246376811594203
GDN0024,TiltUp,45,45,45,17947,17947,18328,18328,18067,18062,18134,18084,770.0,770.0,77.92207792207792,77.92207792207792,67,22,134.0,44.0,,,-90.0,90.0,204.54545454545453
GDN0024,TiltUp,46,46,46,18328,18328,18715,18715,18453,18447,18516,18501,774.0,774.0,77.51937984496124,77.51937984496124,63,54,126.0,108.0,,,-18.0,18.0,16.666666666666664
GDN0024,TiltUp,47,47,47,18715,18715,19087,19087,18840,18834,18900,18885,730.0,730.0,82.19178082191782,82.19178082191782,60,51,120.0,102.0,,,-18.0,18.0,17.647058823529413
GDN0024,TiltUp,48,48,48,19087,19087,19441,19441,19204,19199,19268,19233,696.0,696.0,86.20689655172414,86.20689655172414,64,34,128.0,68.0,,,-60.0,60.0,88.23529411764706
GDN0024,TiltUp,49,49,49,19441,19441,19787,19787,19552,19547,19613,19614,688.0,688.0,87.2093023255814,87.2093023255814,61,67,122.0,134.0,,,12.0,12.0,8.955223880597014
GDN0024,TiltUp,50,50,50,19787,19787,20138,20138,19896,19890,19960,19947,710.0,710.0,84.50704225352113,84.50704225352113,64,57,128.0,114.0,,,-14.0,14.0,12.280701754385964
GDN0024,TiltUp,51,51,51,20138,20138,20502,20502,20251,20245,20314,20324,740.0,740.0,81.08108108108108,81.08108108108108,63,79,126.0,158.0,,,32.0,32.0,20.253164556962027
GDN0024,TiltUp,52,52,52,20502,20502,20870,20870,20622,20617,20688,20681,732.0,732.0,81.9672131147541,81.9672131147541,66,64,132.0,128.0,,,-4.0,4.0,3.125
GDN0024,TiltUp,53,53,53,20870,20870,21234,21234,20987,20982,21047,21048,726.0,726.0,82.64462809917356,82.64462809917356,60,66,120.0,132.0,,,12.0,12.0,9.090909090909092
GDN0024,TiltUp,54,54,54,21234,21234,21598,21598,21351,21345,21413,21373,728.0,728.0,82.41758241758242,82.41758241758242,62,28,124.0,56.0,,,-68.0,68.0,121.42857142857142
GDN0024,TiltUp,55,55,55,21598,21598,21966,21966,21715,21710,21778,21778,740.0,740.0,81.08108108108108,81.08108108108108,63,68,126.0,136.0,,,10.0,10.0,7.352941176470589
GDN0024,TiltUp,56,56,56,21966,21966,22342,22342,22085,22080,22149,22153,760.0,760.0,78.94736842105263,78.94736842105263,64,73,128.0,146.0,,,18.0,18.0,12.32876712328767
GDN0024,TiltUp,57,57,57,22342,22342,22710,22710,22464,22459,22526,22528,724.0,724.0,82.87292817679558,82.87292817679558,62,69,124.0,138.0,,,14.0,14.0,10.144927536231885
GDN0024,TiltUp,58,58,58,22710,22710,23070,23070,22827,22821,22887,22896,718.0,718.0,83.56545961002786,83.56545961002786,60,75,120.0,150.0,,,30.0,30.0,20.0
GDN0024,TiltUp,59,59,59,23070,23070,23426,23426,23185,23180,23252,23239,708.0,708.0,84.74576271186442,84.74576271186442,67,59,134.0,118.0,,,-16.0,16.0,13.559322033898304
GDN0024,TiltUp,60,60,60,23426,23426,23784,23784,23540,23534,23605,23606,720.0,720.0,83.33333333333334,83.33333333333334,65,72,130.0,144.0,,,14.0,14.0,9.722222222222223
GDN0024,TiltUp,61,61,61,23784,23784,24150,24150,23900,23894,23963,23969,738.0,738.0,81.30081300813008,81.30081300813008,63,75,126.0,150.0,,,24.0,24.0,16.0
GDN0024,TiltUp,62,62,62,24150,24150,24523,24523,24269,24264,24333,24337,752.0,752.0,79.7872340425532,79.7872340425532,64,73,128.0,146.0,,,18.0,18.0,12.32876712328767
GDN0024,TiltUp,63,63,63,24523,24523,24897,24897,24645,24639,24707,24708,744.0,744.0,80.64516129032258,80.64516129032258,62,69,124.0,138.0,,,14.0,14.0,10.144927536231885
GDN0024,TiltUp,64,64,64,24897,24897,25260,25260,25016,25010,25078,25066,716.0,716.0,83.79888268156425,83.79888268156425,62,56,124.0,112.0,,,-12.0,12.0,10.714285714285714
GDN0024,TiltUp,65,65,65,25260,25260,25618,25618,25375,25369,25437,25423,718.0,718.0,83.56545961002786,83.56545961002786,62,54,124.0,108.0,,,-16.0,16.0,14.814814814814813
GDN0024,TiltUp,66,66,66,25618,25618,25985,25985,25734,25728,25799,25803,742.0,742.0,80.86253369272237,80.86253369272237,65,75,130.0,150.0,,,20.0,20.0,13.333333333333334
GDN0024,TiltUp,67,67,67,25985,25985,26370,26370,26104,26099,26171,26158,784.0,784.0,76.53061224489795,76.53061224489795,67,59,134.0,118.0,,,-16.0,16.0,13.559322033898304
GDN0024,TiltUp,68,68,68,26370,26370,26760,26760,26497,26491,26560,26564,780.0,780.0,76.92307692307692,76.92307692307692,63,73,126.0,146.0,,,20.0,20.0,13.698630136986301
GDN0024,TiltUp,69,69,69,26760,26760,27150,27150,26887,26882,26952,26957,778.0,778.0,77.12082262210797,77.12082262210797,65,75,130.0,150.0,,,20.0,20.0,13.333333333333334
GDN0024,TiltUp,70,70,70,27150,27150,27525,27525,27276,27270,27338,27318,734.0,734.0,81.74386920980926,81.74386920980926,62,48,124.0,96.0,,,-28.0,28.0,29.166666666666668
GDN0024,TiltUp,71,71,71,27525,27525,27884,27884,27643,27638,27706,27712,712.0,712.0,84.26966292134831,84.26966292134831,63,74,126.0,148.0,,,22.0,22.0,14.864864864864865
GDN0024,TiltUp,72,72,72,27884,27884,28240,28240,27998,27993,28062,28065,710.0,710.0,84.50704225352113,84.50704225352113,64,72,128.0,144.0,,,16.0,16.0,11.11111111111111
GDN0024,TiltUp,73,73,73,28240,28240,28604,28604,28354,28348,28419,28422,740.0,740.0,81.08108108108108,81.08108108108108,65,74,130.0,148.0,,,18.0,18.0,12.162162162162163
GDN0024,TiltUp,74,74,74,28604,28604,28986,28986,28723,28718,28791,28791,776.0,776.0,77.31958762886597,77.31958762886597,68,73,136.0,146.0,,,10.0,10.0,6.8493150684931505
GDN0024,TiltUp,75,75,75,28986,28986,29378,29378,29112,29106,29175,29182,788.0,788.0,76.14213197969544,76.14213197969544,63,76,126.0,152.0,,,26.0,26.0,17.105263157894736
GDN0024,TiltUp,76,76,76,29378,29378,29775,29775,29506,29500,29569,29574,796.0,796.0,75.37688442211055,75.37688442211055,63,74,126.0,148.0,,,22.0,22.0,14.864864864864865
GDN0025,Pause,0,0,0,229,229,680,680,378,368,442,443,902.0,902.0,66.51884700665188,66.51884700665188,64,75,128.0,150.0,,,22.0,22.0,14.666666666666666
GDN0025,Pause,1,1,1,680,680,1141,1141,828,818,892,876,932.0,932.0,64.37768240343347,64.37768240343347,64,58,128.0,116.0,,,-12.0,12.0,10.344827586206897
GDN0025,Pause,2,2,2,1141,1141,1598,1598,1295,1284,1357,1354,906.0,906.0,66.2251655629139,66.2251655629139,62,70,124.0,140.0,,,16.0,16.0,11.428571428571429
GDN0025,Pause,3,3,3,1598,1598,2047,2047,1748,1738,1812,1818,892.0,892.0,67.26457399103138,67.26457399103138,64,80,128.0,160.0,,,32.0,32.0,20.0
GDN0025,Pause,4,4,4,2047,2047,2493,2493,2193,2183,2256,2259,892.0,892.0,67.26457399103138,67.26457399103138,63,76,126.0,152.0,,,26.0,26.0,17.105263157894736
GDN0025,Pause,5,5,5,2493,2493,2943,2943,2639,2629,2703,2696,904.0,904.0,66.3716814159292,66.3716814159292,64,67,128.0,134.0,,,6.0,6.0,4.477611940298507
GDN0025,Pause,6,6,6,2943,2943,3392,3392,3091,3081,3153,3133,896.0,896.0,66.96428571428571,66.96428571428571,62,52,124.0,104.0,,,-20.0,20.0,19.230769230769234
GDN0025,Pause,7,7,7,3392,3392,3835,3835,3539,3529,3602,3587,880.0,880.0,68.18181818181819,68.18181818181819,63,58,126.0,116.0,,,-10.0,10.0,8.620689655172415
GDN0025,Pause,8,8,8,3835,3835,4269,4269,3979,3969,4045,4028,862.0,862.0,69.60556844547564,69.60556844547564,66,59,132.0,118.0,,,-14.0,14.0,11.864406779661017
GDN0025,Pause,9,9,9,4269,4269,4696,4696,4411,4400,4473,4473,848.0,848.0,70.75471698113208,70.75471698113208,62,73,124.0,146.0,,,22.0,22.0,15.068493150684931
GDN0025,Pause,10,10,10,4696,4696,5116,5116,4834,4824,4899,4897,838.0,838.0,71.59904534606206,71.59904534606206,65,73,130.0,146.0,,,16.0,16.0,10.95890410958904
GDN0025,Pause,11,11,11,5116,5116,5533,5533,5253,5243,5320,5301,830.0,830.0,72.28915662650603,72.28915662650603,67,58,134.0,116.0,,,-18.0,18.0,15.517241379310345
GDN0025,Pause,12,12,12,5533,5533,5941,5941,5669,5659,5732,5737,810.0,810.0,74.07407407407408,74.07407407407408,63,78,126.0,156.0,,,30.0,30.0,19.230769230769234
GDN0025,Pause,13,13,13,5941,5941,6344,6344,6074,6063,6138,6140,802.0,802.0,74.81296758104737,74.81296758104737,64,77,128.0,154.0,,,26.0,26.0,16.883116883116884
GDN0025,Pause,14,14,14,6344,6344,6740,6740,6475,6465,6539,6524,788.0,788.0,76.14213197969544,76.14213197969544,64,59,128.0,118.0,,,-10.0,10.0,8.47457627118644
GDN0025,Pause,15,15,15,6740,6740,7135,7135,6869,6859,6934,6917,792.0,792.0,75.75757575757575,75.75757575757575,65,58,130.0,116.0,,,-14.0,14.0,12.068965517241379
GDN0025,Pause,16,16,16,7135,7135,7548,7548,7264,7254,7329,7333,842.0,842.0,71.25890736342043,71.25890736342043,65,79,130.0,158.0,,,28.0,28.0,17.72151898734177
GDN0025,Pause,17,17,17,7548,7548,7990,7990,7686,7676,7747,7755,908.0,908.0,66.07929515418502,66.07929515418502,61,79,122.0,158.0,,,36.0,36.0,22.78481012658228
GDN0025,Pause,18,18,18,7990,7990,8452,8452,8139,8129,8204,8207,932.0,932.0,64.37768240343347,64.37768240343347,65,78,130.0,156.0,,,26.0,26.0,16.666666666666664
GDN0025,Pause,19,19,19,8452,8452,8914,8914,8605,8595,8669,8674,920.0,920.0,65.21739130434783,65.21739130434783,64,79,128.0,158.0,,,30.0,30.0,18.9873417721519
GDN0025,Pause,20,20,20,8914,8914,9366,9366,9065,9055,9127,9117,896.0,896.0,66.96428571428571,66.96428571428571,62,62,124.0,124.0,,,0.0,0.0,0.0
GDN0025,Pause,21,21,21,9366,9366,9801,9801,9513,9503,9578,9563,856.0,856.0,70.09345794392523,70.09345794392523,65,60,130.0,120.0,,,-10.0,10.0,8.333333333333332
GDN0025,Pause,22,22,22,9801,9801,10215,10215,9942,9931,10005,9994,812.0,812.0,73.89162561576354,73.89162561576354,63,63,126.0,126.0,,,0.0,0.0,0.0
GDN0025,Pause,23,23,23,10215,10215,10624,10624,10347,10337,10414,10416,820.0,820.0,73.17073170731707,73.17073170731707,67,79,134.0,158.0,,,24.0,24.0,15.18987341772152
GDN0025,Pause,24,24,24,10624,10624,11034,11034,10757,10747,10822,10821,820.0,820.0,73.17073170731707,73.17073170731707,65,74,130.0,148.0,,,18.0,18.0,12.162162162162163
GDN0025,Pause,25,25,25,11034,11034,11445,11445,11168,11157,11232,11232,826.0,826.0,72.63922518159806,72.63922518159806,64,75,128.0,150.0,,,22.0,22.0,14.666666666666666
GDN0025,Pause,26,26,26,11445,11445,11874,11874,11580,11570,11649,11647,874.0,874.0,68.64988558352402,68.64988558352402,69,77,138.0,154.0,,,16.0,16.0,10.38961038961039
GDN0025,Pause,27,27,27,11874,11874,12318,12318,12017,12007,12083,12078,894.0,894.0,67.11409395973155,67.11409395973155,66,71,132.0,142.0,,,10.0,10.0,7.042253521126761
GDN0025,Pause,28,28,28,12318,12318,12761,12761,12464,12454,12529,12533,882.0,882.0,68.02721088435374,68.02721088435374,65,79,130.0,158.0,,,28.0,28.0,17.72151898734177
GDN0025,Pause,29,29,29,12761,12761,13204,13204,12905,12895,12969,12969,888.0,888.0,67.56756756756756,67.56756756756756,64,74,128.0,148.0,,,20.0,20.0,13.513513513513514
GDN0025,Pause,30,30,30,13204,13204,13658,13658,13349,13339,13414,13408,920.0,920.0,65.21739130434783,65.21739130434783,65,69,130.0,138.0,,,8.0,8.0,5.797101449275362
GDN0025,Pause,31,31,31,13658,13658,14124,14124,13809,13799,13875,13871,938.0,938.0,63.965884861407254,63.965884861407254,66,72,132.0,144.0,,,12.0,12.0,8.333333333333332
GDN0025,Pause,32,32,32,14124,14124,14584,14584,14279,14268,14341,14331,912.0,912.0,65.78947368421052,65.78947368421052,62,63,124.0,126.0,,,2.0,2.0,1.5873015873015872
GDN0025,Pause,33,33,33,14584,14584,15033,15033,14734,14724,14798,14785,890.0,890.0,67.41573033707866,67.41573033707866,64,61,128.0,122.0,,,-6.0,6.0,4.918032786885246
GDN0025,Pause,34,34,34,15033,15033,15479,15479,15179,15169,15242,15240,892.0,892.0,67.26457399103138,67.26457399103138,63,71,126.0,142.0,,,16.0,16.0,11.267605633802818
GDN0025,Pause,35,35,35,15479,15479,15926,15926,15626,15616,15690,15689,894.0,894.0,67.11409395973155,67.11409395973155,64,73,128.0,146.0,,,18.0,18.0,12.32876712328767
GDN0025,Pause,36,36,36,15926,15926,16356,16356,16073,16062,16138,16131,844.0,844.0,71.09004739336493,71.09004739336493,65,69,130.0,138.0,,,8.0,8.0,5.797101449275362
GDN0025,Pause,37,37,37,16356,16356,16772,16772,16495,16484,16557,16565,824.0,824.0,72.81553398058253,72.81553398058253,62,81,124.0,162.0,,,38.0,38.0,23.456790123456788
GDN0025,Pause,38,38,38,16772,16772,17176,17176,16906,16896,16970,16960,800.0,800.0,75.0,75.0,64,64,128.0,128.0,,,0.0,0.0,0.0
GDN0025,Pause,39,39,39,17176,17176,17590,17590,17307,17296,17370,17361,844.0,844.0,71.09004739336493,71.09004739336493,63,65,126.0,130.0,,,4.0,4.0,3.076923076923077
GDN0025,Pause,40,40,40,17590,17590,18032,18032,17728,17718,17792,17776,904.0,904.0,66.3716814159292,66.3716814159292,64,58,128.0,116.0,,,-12.0,12.0,10.344827586206897
GDN0025,Pause,41,41,41,18032,18032,18492,18492,18180,18170,18242,18234,928.0,928.0,64.6551724137931,64.6551724137931,62,64,124.0,128.0,,,4.0,4.0,3.125
GDN0025,Pause,42,42,42,18492,18492,18960,18960,18644,18634,18706,18709,940.0,940.0,63.829787234042556,63.829787234042556,62,75,124.0,150.0,,,26.0,26.0,17.333333333333336
GDN0025,Pause,43,43,43,18960,18960,19435,19435,19115,19105,19179,19162,956.0,956.0,62.761506276150634,62.761506276150634,64,57,128.0,114.0,,,-14.0,14.0,12.280701754385964
GDN0025,Pause,44,44,44,19435,19435,19917,19917,19593,19583,19658,19646,970.0,970.0,61.855670103092784,61.855670103092784,65,63,130.0,126.0,,,-4.0,4.0,3.1746031746031744
GDN0025,Pause,45,45,45,19917,19917,20393,20393,20078,20067,20143,20134,942.0,942.0,63.69426751592357,63.69426751592357,65,67,130.0,134.0,,,4.0,4.0,2.9850746268656714
GDN0025,Pause,46,46,46,20393,20393,20856,20856,20549,20539,20612,20611,918.0,918.0,65.359477124183,65.359477124183,63,72,126.0,144.0,,,18.0,18.0,12.5
GDN0025,Pause,47,47,47,20856,20856,21313,21313,21008,20998,21072,21060,912.0,912.0,65.78947368421052,65.78947368421052,64,62,128.0,124.0,,,-4.0,4.0,3.225806451612903
GDN0025,Pause,48,48,48,21313,21313,21772,21772,21464,21453,21528,21525,920.0,920.0,65.21739130434783,65.21739130434783,64,72,128.0,144.0,,,16.0,16.0,11.11111111111111
GDN0025,Pause,49,49,49,21772,21772,22226,22226,21924,21913,21988,21991,900.0,900.0,66.66666666666667,66.66666666666667,64,78,128.0,156.0,,,28.0,28.0,17.94871794871795
GDN0025,Pause,50,50,50,22226,22226,22667,22667,22373,22363,22439,22433,874.0,874.0,68.64988558352402,68.64988558352402,66,70,132.0,140.0,,,8.0,8.0,5.714285714285714
GDN0025,Pause,51,51,51,22667,22667,23111,23111,22811,22801,22873,22863,894.0,894.0,67.11409395973155,67.11409395973155,62,62,124.0,124.0,,,0.0,0.0,0.0
GDN0025,Pause,52,52,52,23111,23111,23568,23568,23257,23247,23322,23301,926.0,926.0,64.79481641468682,64.79481641468682,65,54,130.0,108.0,,,-22.0,22.0,20.37037037037037
GDN0025,Pause,53,53,53,23568,23568,24032,24032,23721,23711,23784,23778,930.0,930.0,64.51612903225806,64.51612903225806,63,67,126.0,134.0,,,8.0,8.0,5.970149253731343
GDN0025,Pause,54,54,54,24032,24032,24494,24494,24185,24175,24248,24250,920.0,920.0,65.21739130434783,65.21739130434783,63,75,126.0,150.0,,,24.0,24.0,16.0
GDN0025,Pause,55,55,55,24494,24494,24960,24960,24645,24635,24709,24696,940.0,940.0,63.829787234042556,63.829787234042556,64,61,128.0,122.0,,,-6.0,6.0,4.918032786885246
GDN0025,Pause,56,56,56,24960,24960,25429,25429,25115,25105,25178,25158,934.0,934.0,64.23982869379014,64.23982869379014,63,53,126.0,106.0,,,-20.0,20.0,18.867924528301888
GDN0025,Pause,57,57,57,25429,25429,25879,25879,25583,25572,25646,25645,884.0,884.0,67.87330316742081,67.87330316742081,63,73,126.0,146.0,,,20.0,20.0,13.698630136986301
GDN0025,Pause,58,58,58,25879,25879,26319,26319,26024,26014,26088,26090,876.0,876.0,68.4931506849315,68.4931506849315,64,76,128.0,152.0,,,24.0,24.0,15.789473684210526
GDN0025,Pause,59,59,59,26319,26319,26766,26766,26462,26452,26527,26526,904.0,904.0,66.3716814159292,66.3716814159292,65,74,130.0,148.0,,,18.0,18.0,12.162162162162163
GDN0025,Pause,60,60,60,26766,26766,27220,27220,26915,26904,26980,26982,912.0,912.0,65.78947368421052,65.78947368421052,65,78,130.0,156.0,,,26.0,26.0,16.666666666666664
GDN0025,Pause,61,61,61,27220,27220,27672,27672,27371,27360,27433,27420,900.0,900.0,66.66666666666667,66.66666666666667,62,60,124.0,120.0,,,-4.0,4.0,3.3333333333333335
GDN0025,Pause,62,62,62,27672,27672,28122,28122,27820,27810,27883,27880,900.0,900.0,66.66666666666667,66.66666666666667,63,70,126.0,140.0,,,14.0,14.0,10.0
GDN0025,Pause,63,63,63,28122,28122,28590,28590,28271,28260,28336,28322,954.0,954.0,62.89308176100629,62.89308176100629,65,62,130.0,124.0,,,-6.0,6.0,4.838709677419355
GDN0025,Pause,64,64,64,28590,28590,29068,29068,28748,28738,28812,28801,958.0,958.0,62.63048016701462,62.63048016701462,64,63,128.0,126.0,,,-2.0,2.0,1.5873015873015872
GDN0025,Pause,65,65,65,29068,29068,29541,29541,29226,29216,29292,29277,938.0,938.0,63.965884861407254,63.965884861407254,66,61,132.0,122.0,,,-10.0,10.0,8.19672131147541
GDN0025,HoldingBreath,0,0,0,361,361,800,800,505,496,565,555,878.0,878.0,68.3371298405467,68.3371298405467,60,59,120.0,118.0,,,-2.0,2.0,1.694915254237288
GDN0025,HoldingBreath,1,1,1,800,800,1243,1243,944,934,1004,986,890.0,890.0,67.41573033707866,67.41573033707866,60,52,120.0,104.0,,,-16.0,16.0,15.384615384615385
GDN0025,HoldingBreath,2,2,2,1243,1243,1664,1664,1389,1379,1450,1439,816.0,816.0,73.52941176470588,73.52941176470588,61,60,122.0,120.0,,,-2.0,2.0,1.6666666666666667
GDN0025,HoldingBreath,3,3,3,1664,1664,2051,2051,1798,1787,1854,1850,750.0,750.0,80.0,80.0,56,63,112.0,126.0,,,14.0,14.0,11.11111111111111
GDN0025,HoldingBreath,4,4,4,2051,2051,2406,2406,2173,2162,2229,2219,690.0,690.0,86.95652173913044,86.95652173913044,56,57,112.0,114.0,,,2.0,2.0,1.7543859649122806
GDN0025,HoldingBreath,5,5,5,2406,2406,2751,2751,2518,2507,2575,2565,690.0,690.0,86.95652173913044,86.95652173913044,57,58,114.0,116.0,,,2.0,2.0,1.7241379310344827
GDN0025,HoldingBreath,6,6,6,2751,2751,3101,3101,2863,2853,2921,2923,706.0,706.0,84.98583569405099,84.98583569405099,58,70,116.0,140.0,,,24.0,24.0,17.142857142857142
GDN0025,HoldingBreath,7,7,7,3101,3101,3441,3441,3216,3205,3275,3277,664.0,664.0,90.36144578313252,90.36144578313252,59,72,118.0,144.0,,,26.0,26.0,18.055555555555554
GDN0025,HoldingBreath,8,8,8,3441,3441,3766,3766,3548,3537,3607,3606,642.0,642.0,93.45794392523364,93.45794392523364,59,69,118.0,138.0,,,20.0,20.0,14.492753623188406
GDN0025,HoldingBreath,9,9,9,3766,3766,4098,4098,3869,3858,3928,3936,676.0,676.0,88.75739644970413,88.75739644970413,59,78,118.0,156.0,,,38.0,38.0,24.358974358974358
GDN0025,HoldingBreath,10,10,10,4098,4098,4442,4442,4206,4196,4264,4273,694.0,694.0,86.45533141210375,86.45533141210375,58,77,116.0,154.0,,,38.0,38.0,24.675324675324674
GDN0025,HoldingBreath,11,11,11,4442,4442,4785,4785,4553,4543,4610,4595,684.0,684.0,87.71929824561403,87.71929824561403,57,52,114.0,104.0,,,-10.0,10.0,9.615384615384617
GDN0025,HoldingBreath,12,12,12,4785,4785,5121,5121,4896,4886,4953,4945,664.0,664.0,90.36144578313252,90.36144578313252,57,59,114.0,118.0,,,4.0,4.0,3.389830508474576
GDN0025,HoldingBreath,13,13,13,5121,5121,5466,5466,5228,5217,5285,5292,706.0,706.0,84.98583569405099,84.98583569405099,57,75,114.0,150.0,,,36.0,36.0,24.0
GDN0025,HoldingBreath,14,14,14,5466,5466,5840,5840,5580,5570,5637,5598,770.0,770.0,77.92207792207792,77.92207792207792,57,28,114.0,56.0,,,-58.0,58.0,103.57142857142858
GDN0025,HoldingBreath,15,15,15,5840,5840,6235,6235,5965,5955,6024,6008,800.0,800.0,75.0,75.0,59,53,118.0,106.0,,,-12.0,12.0,11.320754716981133
GDN0025,HoldingBreath,16,16,16,6235,6235,6617,6617,6366,6356,6423,6406,744.0,744.0,80.64516129032258,80.64516129032258,57,50,114.0,100.0,,,-14.0,14.0,14.000000000000002
GDN0025,HoldingBreath,17,17,17,6617,6617,6979,6979,6738,6727,6795,6788,714.0,714.0,84.03361344537815,84.03361344537815,57,61,114.0,122.0,,,8.0,8.0,6.557377049180328
GDN0025,HoldingBreath,18,18,18,6979,6979,7334,7334,7095,7085,7152,7139,708.0,708.0,84.74576271186442,84.74576271186442,57,54,114.0,108.0,,,-6.0,6.0,5.555555555555555
GDN0025,HoldingBreath,19,19,19,7334,7334,7683,7683,7449,7438,7509,7462,692.0,692.0,86.70520231213874,86.70520231213874,60,24,120.0,48.0,,,-72.0,72.0,150.0
GDN0025,HoldingBreath,20,20,20,7683,7683,8024,8024,7795,7784,7851,7857,676.0,676.0,88.75739644970413,88.75739644970413,56,73,112.0,146.0,,,34.0,34.0,23.28767123287671
GDN0025,HoldingBreath,21,21,21,8024,8024,8359,8359,8133,8123,8190,8184,668.0,668.0,89.82035928143712,89.82035928143712,57,61,114.0,122.0,,,8.0,8.0,6.557377049180328
GDN0025,HoldingBreath,22,22,22,8359,8359,8694,8694,8467,8456,8523,8478,670.0,670.0,89.55223880597015,89.55223880597015,56,22,112.0,44.0,,,-68.0,68.0,154.54545454545453
GDN0025,HoldingBreath,23,23,23,8694,8694,9044,9044,8802,8792,8860,8871,718.0,718.0,83.56545961002786,83.56545961002786,58,79,116.0,158.0,,,42.0,42.0,26.582278481012654
GDN0025,HoldingBreath,24,24,24,9044,9044,9396,9396,9160,9150,9216,9185,694.0,694.0,86.45533141210375,86.45533141210375,56,35,112.0,70.0,,,-42.0,42.0,60.0
GDN0025,HoldingBreath,25,25,25,9396,9396,9746,9746,9508,9498,9568,9568,706.0,706.0,84.98583569405099,84.98583569405099,60,70,120.0,140.0,,,20.0,20.0,14.285714285714285
GDN0025,HoldingBreath,26,26,26,9746,9746,10103,10103,9861,9850,9916,9899,718.0,718.0,83.56545961002786,83.56545961002786,55,49,110.0,98.0,,,-12.0,12.0,12.244897959183673
GDN0025,HoldingBreath,27,27,27,10103,10103,10453,10453,10219,10209,10275,10247,690.0,690.0,86.95652173913044,86.95652173913044,56,38,112.0,76.0,,,-36.0,36.0,47.368421052631575
GDN0025,HoldingBreath,28,28,28,10453,10453,10796,10796,10565,10554,10622,10597,682.0,682.0,87.97653958944281,87.97653958944281,57,43,114.0,86.0,,,-28.0,28.0,32.55813953488372
GDN0025,HoldingBreath,29,29,29,10796,10796,11128,11128,10905,10895,10962,10940,656.0,656.0,91.46341463414633,91.46341463414633,57,45,114.0,90.0,,,-24.0,24.0,26.666666666666668
GDN0025,HoldingBreath,30,30,30,11128,11128,11461,11461,11234,11223,11290,11249,672.0,672.0,89.28571428571428,89.28571428571428,56,26,112.0,52.0,,,-60.0,60.0,115.38461538461537
GDN0025,HoldingBreath,31,31,31,11461,11461,11796,11796,11569,11560,11625,11584,668.0,668.0,89.82035928143712,89.82035928143712,56,24,112.0,48.0,,,-64.0,64.0,133.33333333333331
GDN0025,HoldingBreath,32,32,32,11796,11796,12129,12129,11904,11893,11963,11963,666.0,666.0,90.09009009009009,90.09009009009009,59,70,118.0,140.0,,,22.0,22.0,15.714285714285714
GDN0025,HoldingBreath,33,33,33,12129,12129,12453,12453,12237,12226,12292,12260,636.0,636.0,94.33962264150944,94.33962264150944,55,34,110.0,68.0,,,-42.0,42.0,61.76470588235294
GDN0025,HoldingBreath,34,34,34,12453,12453,12762,12762,12555,12544,12610,12578,610.0,610.0,98.36065573770492,98.36065573770492,55,34,110.0,68.0,,,-42.0,42.0,61.76470588235294
GDN0025,HoldingBreath,35,35,35,12762,12762,13070,13070,12860,12850,12915,12907,620.0,620.0,96.7741935483871,96.7741935483871,55,57,110.0,114.0,,,4.0,4.0,3.508771929824561
GDN0025,HoldingBreath,36,36,36,13070,13070,13388,13388,13170,13159,13226,13215,642.0,642.0,93.45794392523364,93.45794392523364,56,56,112.0,112.0,,,0.0,0.0,0.0
GDN0025,HoldingBreath,37,37,37,13388,13388,13717,13717,13491,13480,13547,13539,668.0,668.0,89.82035928143712,89.82035928143712,56,59,112.0,118.0,,,6.0,6.0,5.084745762711865
GDN0025,HoldingBreath,38,38,38,13717,13717,14051,14051,13825,13814,13880,13865,668.0,668.0,89.82035928143712,89.82035928143712,55,51,110.0,102.0,,,-8.0,8.0,7.8431372549019605
GDN0025,HoldingBreath,39,39,39,14051,14051,14392,14392,14159,14148,14214,14175,690.0,690.0,86.95652173913044,86.95652173913044,55,27,110.0,54.0,,,-56.0,56.0,103.7037037037037
GDN0025,HoldingBreath,40,40,40,14392,14392,14736,14736,14504,14493,14558,14517,686.0,686.0,87.46355685131195,87.46355685131195,54,24,108.0,48.0,,,-60.0,60.0,125.0
GDN0025,HoldingBreath,41,41,41,14736,14736,15071,15071,14847,14836,14902,14858,662.0,662.0,90.63444108761328,90.63444108761328,55,22,110.0,44.0,,,-66.0,66.0,150.0
GDN0025,HoldingBreath,42,42,42,15071,15071,15394,15394,15178,15167,15233,15224,638.0,638.0,94.04388714733543,94.04388714733543,55,57,110.0,114.0,,,4.0,4.0,3.508771929824561
GDN0025,HoldingBreath,43,43,43,15394,15394,15715,15715,15498,15486,15553,15537,642.0,642.0,93.45794392523364,93.45794392523364,55,51,110.0,102.0,,,-8.0,8.0,7.8431372549019605
GDN0025,HoldingBreath,44,44,44,15715,15715,16028,16028,15818,15807,15875,15839,620.0,620.0,96.7741935483871,96.7741935483871,57,32,114.0,64.0,,,-50.0,50.0,78.125
GDN0025,HoldingBreath,45,45,45,16028,16028,16335,16335,16127,16118,16187,16159,610.0,610.0,98.36065573770492,98.36065573770492,60,41,120.0,82.0,,,-38.0,38.0,46.34146341463415
GDN0025,HoldingBreath,46,46,46,16335,16335,16638,16638,16433,16423,16492,16479,602.0,602.0,99.66777408637874,99.66777408637874,59,56,118.0,112.0,,,-6.0,6.0,5.357142857142857
GDN0025,HoldingBreath,47,47,47,16638,16638,16937,16937,16733,16724,16791,16745,598.0,598.0,100.33444816053512,100.33444816053512,58,21,116.0,42.0,,,-74.0,74.0,176.19047619047618
GDN0025,HoldingBreath,48,48,48,16937,16937,17246,17246,17033,17024,17092,17076,628.0,628.0,95.54140127388536,95.54140127388536,59,52,118.0,104.0,,,-14.0,14.0,13.461538461538462
GDN0025,HoldingBreath,49,49,49,17246,17246,17576,17576,17348,17337,17406,17378,676.0,676.0,88.75739644970413,88.75739644970413,58,41,116.0,82.0,,,-34.0,34.0,41.46341463414634
GDN0025,HoldingBreath,50,50,50,17576,17576,17906,17906,17685,17675,17743,17723,652.0,652.0,92.02453987730061,92.02453987730061,58,48,116.0,96.0,,,-20.0,20.0,20.833333333333336
GDN0025,HoldingBreath,51,51,51,17906,17906,18231,18231,18011,18001,18067,18075,648.0,648.0,92.5925925925926,92.5925925925926,56,74,112.0,148.0,,,36.0,36.0,24.324324324324326
GDN0025,HoldingBreath,52,52,52,18231,18231,18552,18552,18335,18324,18391,18352,640.0,640.0,93.75,93.75,56,28,112.0,56.0,,,-56.0,56.0,100.0
GDN0025,HoldingBreath,53,53,53,18552,18552,18879,18879,18655,18644,18713,18679,662.0,662.0,90.63444108761328,90.63444108761328,58,35,116.0,70.0,,,-46.0,46.0,65.71428571428571
GDN0025,HoldingBreath,54,54,54,18879,18879,19213,19213,18986,18975,19042,19020,672.0,672.0,89.28571428571428,89.28571428571428,56,45,112.0,90.0,,,-22.0,22.0,24.444444444444443
GDN0025,HoldingBreath,55,55,55,19213,19213,19554,19554,19322,19312,19379,19428,686.0,686.0,87.46355685131195,87.46355685131195,57,116,114.0,232.0,,,118.0,118.0,50.86206896551724
GDN0025,HoldingBreath,59,59,59,20605,20605,20967,20967,20706,20695,20761,20751,776.0,776.0,77.31958762886597,77.31958762886597,55,56,110.0,112.0,,,2.0,2.0,1.7857142857142856
GDN0025,HoldingBreath,60,60,60,20967,20967,21356,21356,21093,21083,21150,21142,778.0,778.0,77.12082262210797,77.12082262210797,57,59,114.0,118.0,,,4.0,4.0,3.389830508474576
GDN0025,HoldingBreath,61,61,61,21356,21356,21749,21749,21483,21472,21540,21516,790.0,790.0,75.94936708860759,75.94936708860759,57,44,114.0,88.0,,,-26.0,26.0,29.545454545454547
GDN0025,HoldingBreath,62,62,62,21749,21749,22139,22139,21877,21866,21935,21913,776.0,776.0,77.31958762886597,77.31958762886597,58,47,116.0,94.0,,,-22.0,22.0,23.404255319148938
GDN0025,HoldingBreath,63,63,63,22139,22139,22508,22508,22266,22256,22322,22320,716.0,716.0,83.79888268156425,83.79888268156425,56,64,112.0,128.0,,,16.0,16.0,12.5
GDN0025,HoldingBreath,64,64,64,22508,22508,22849,22849,22624,22613,22681,22671,664.0,664.0,90.36144578313252,90.36144578313252,57,58,114.0,116.0,,,2.0,2.0,1.7241379310344827
GDN0025,HoldingBreath,65,65,65,22849,22849,23107,23107,22956,22945,23014,22972,438.0,438.0,136.986301369863,136.986301369863,58,27,116.0,54.0,,,-62.0,62.0,114.81481481481481
GDN0025,HoldingBreath,69,69,69,24059,24059,24389,24389,24155,24145,,24291,692.0,692.0,86.70520231213874,86.70520231213874,,146,,292.0,c_point_nan,,,,
GDN0025,HoldingBreath,71,71,71,24739,24739,25138,25138,24853,24843,24908,24904,848.0,848.0,70.75471698113208,70.75471698113208,55,61,110.0,122.0,,,12.0,12.0,9.836065573770492
GDN0025,HoldingBreath,72,72,72,25138,25138,25539,25539,25277,25267,25333,25324,778.0,778.0,77.12082262210797,77.12082262210797,56,57,112.0,114.0,,,2.0,2.0,1.7543859649122806
GDN0025,HoldingBreath,73,73,73,25539,25539,25858,25858,25666,25656,25725,25713,564.0,564.0,106.38297872340426,106.38297872340426,59,57,118.0,114.0,,,-4.0,4.0,3.508771929824561
GDN0025,HoldingBreath,74,74,74,25858,25858,26309,26309,25956,26047,25967,26103,1084.0,1084.0,55.35055350553505,55.35055350553505,11,56,22.0,112.0,,,90.0,90.0,80.35714285714286
GDN0025,HoldingBreath,75,75,75,26309,26309,26777,26777,26490,26479,26547,26536,854.0,854.0,70.2576112412178,70.2576112412178,57,57,114.0,114.0,,,0.0,0.0,0.0
GDN0025,HoldingBreath,76,76,76,26777,26777,27196,27196,26916,26906,26977,26971,832.0,832.0,72.11538461538461,72.11538461538461,61,65,122.0,130.0,,,8.0,8.0,6.153846153846154
GDN0025,HoldingBreath,77,77,77,27196,27196,27610,27610,27333,27323,27392,27394,826.0,826.0,72.63922518159806,72.63922518159806,59,71,118.0,142.0,,,24.0,24.0,16.901408450704224
GDN0025,HoldingBreath,78,78,78,27610,27610,28032,28032,27746,27736,27803,27795,852.0,852.0,70.4225352112676,70.4225352112676,57,59,114.0,118.0,,,4.0,4.0,3.389830508474576
GDN0025,HoldingBreath,79,79,79,28032,28032,28442,28442,28172,28161,28229,28219,802.0,802.0,74.81296758104737,74.81296758104737,57,58,114.0,116.0,,,2.0,2.0,1.7241379310344827
GDN0025,HoldingBreath,80,80,80,28442,28442,28821,28821,28573,28562,28629,28627,736.0,736.0,81.52173913043478,81.52173913043478,56,65,112.0,130.0,,,18.0,18.0,13.846153846153847
GDN0025,HoldingBreath,81,81,81,28821,28821,29176,29176,28941,28931,28998,28983,694.0,694.0,86.45533141210375,86.45533141210375,57,52,114.0,104.0,,,-10.0,10.0,9.615384615384617
GDN0025,HoldingBreath,82,82,82,29176,29176,29513,29513,29288,29278,29347,29309,666.0,666.0,90.09009009009009,90.09009009009009,59,31,118.0,62.0,,,-56.0,56.0,90.32258064516128
GDN0025,HoldingBreath,83,83,83,29513,29513,29846,29846,29620,29610,29678,29684,,,,,58,74,116.0,148.0,,,32.0,32.0,21.62162162162162
GDN0027,Pause,0,0,0,482,482,983,983,645,640,717,717,1006.0,1006.0,59.642147117296226,59.642147117296226,72,77,144.0,154.0,,,10.0,10.0,6.493506493506493
GDN0027,Pause,1,1,1,983,983,1472,1472,1147,1143,1218,1224,964.0,964.0,62.24066390041494,62.24066390041494,71,81,142.0,162.0,,,20.0,20.0,12.345679012345679
GDN0027,Pause,2,2,2,1472,1472,1956,1956,1630,1625,1700,1692,970.0,970.0,61.855670103092784,61.855670103092784,70,67,140.0,134.0,,,-6.0,6.0,4.477611940298507
GDN0027,Pause,3,3,3,1956,1956,2450,2450,2115,2110,2185,2185,998.0,998.0,60.120240480961925,60.120240480961925,70,75,140.0,150.0,,,10.0,10.0,6.666666666666667
GDN0027,Pause,4,4,4,2450,2450,2949,2949,2613,2608,2685,2686,998.0,998.0,60.120240480961925,60.120240480961925,72,78,144.0,156.0,,,12.0,12.0,7.6923076923076925
GDN0027,Pause,5,5,5,2949,2949,3444,3444,3113,3108,3185,3163,984.0,984.0,60.97560975609756,60.97560975609756,72,55,144.0,110.0,,,-34.0,34.0,30.909090909090907
GDN0027,Pause,6,6,6,3444,3444,3933,3933,3605,3600,3676,3674,974.0,974.0,61.601642710472284,61.601642710472284,71,74,142.0,148.0,,,6.0,6.0,4.054054054054054
GDN0027,Pause,7,7,7,3933,3933,4425,4425,4092,4087,4163,4154,990.0,990.0,60.60606060606061,60.60606060606061,71,67,142.0,134.0,,,-8.0,8.0,5.970149253731343
GDN0027,Pause,8,8,8,4425,4425,4940,4940,4586,4582,4658,4665,1052.0,1052.0,57.03422053231939,57.03422053231939,72,83,144.0,166.0,,,22.0,22.0,13.253012048192772
GDN0027,Pause,9,9,9,4940,4940,5466,5466,5112,5107,5183,5177,1052.0,1052.0,57.03422053231939,57.03422053231939,71,70,142.0,140.0,,,-2.0,2.0,1.4285714285714286
GDN0027,Pause,10,10,10,5466,5466,5981,5981,5639,5634,5709,5696,1018.0,1018.0,58.93909626719057,58.93909626719057,70,62,140.0,124.0,,,-16.0,16.0,12.903225806451612
GDN0027,Pause,11,11,11,5981,5981,6481,6481,6147,6143,6217,6221,992.0,992.0,60.483870967741936,60.483870967741936,70,78,140.0,156.0,,,16.0,16.0,10.256410256410255
GDN0027,Pause,12,12,12,6481,6481,6979,6979,6644,6639,6716,6722,998.0,998.0,60.120240480961925,60.120240480961925,72,83,144.0,166.0,,,22.0,22.0,13.253012048192772
GDN0027,Pause,13,13,13,6979,6979,7486,7486,7142,7138,7213,7218,1022.0,1022.0,58.708414872798436,58.708414872798436,71,80,142.0,160.0,,,18.0,18.0,11.25
GDN0027,Pause,14,14,14,7486,7486,8002,8002,7653,7649,7724,7729,1038.0,1038.0,57.80346820809248,57.80346820809248,71,80,142.0,160.0,,,18.0,18.0,11.25
GDN0027,Pause,15,15,15,8002,8002,8520,8520,8172,8168,8241,8244,1034.0,1034.0,58.027079303675045,58.027079303675045,69,76,138.0,152.0,,,14.0,14.0,9.210526315789473
GDN0027,Pause,16,16,16,8520,8520,9023,9023,8690,8685,8761,8761,990.0,990.0,60.60606060606061,60.60606060606061,71,76,142.0,152.0,,,10.0,10.0,6.578947368421052
GDN0027,Pause,17,17,17,9023,9023,9516,9516,9184,9179,9254,9253,986.0,986.0,60.851926977687626,60.851926977687626,70,74,140.0,148.0,,,8.0,8.0,5.405405405405405
GDN0027,Pause,18,18,18,9516,9516,10016,10016,9677,9673,9750,9753,1006.0,1006.0,59.642147117296226,59.642147117296226,73,80,146.0,160.0,,,14.0,14.0,8.75
GDN0027,Pause,19,19,19,10016,10016,10526,10526,10181,10176,10255,10260,1028.0,1028.0,58.36575875486381,58.36575875486381,74,84,148.0,168.0,,,20.0,20.0,11.904761904761903
GDN0027,Pause,20,20,20,10526,10526,11058,11058,10695,10690,10767,10750,1082.0,1082.0,55.452865064695004,55.452865064695004,72,60,144.0,120.0,,,-24.0,24.0,20.0
GDN0027,Pause,21,21,21,11058,11058,11580,11580,11236,11231,11307,11308,1026.0,1026.0,58.47953216374269,58.47953216374269,71,77,142.0,154.0,,,12.0,12.0,7.792207792207792
GDN0027,Pause,22,22,22,11580,11580,12086,12086,11749,11744,11822,11809,1004.0,1004.0,59.7609561752988,59.7609561752988,73,65,146.0,130.0,,,-16.0,16.0,12.307692307692308
GDN0027,Pause,23,23,23,12086,12086,12600,12600,12251,12246,12324,12324,1040.0,1040.0,57.69230769230769,57.69230769230769,73,78,146.0,156.0,,,10.0,10.0,6.41025641025641
GDN0027,Pause,24,24,24,12600,12600,13134,13134,12771,12766,12843,12845,1084.0,1084.0,55.35055350553505,55.35055350553505,72,79,144.0,158.0,,,14.0,14.0,8.860759493670885
GDN0027,Pause,25,25,25,13134,13134,13674,13674,13312,13307,13385,13381,1078.0,1078.0,55.65862708719851,55.65862708719851,73,74,146.0,148.0,,,2.0,2.0,1.3513513513513513
GDN0027,Pause,26,26,26,13674,13674,14189,14189,13852,13847,13923,13923,1004.0,1004.0,59.7609561752988,59.7609561752988,71,76,142.0,152.0,,,10.0,10.0,6.578947368421052
GDN0027,Pause,27,27,27,14189,14189,14682,14682,14353,14349,14424,14436,974.0,974.0,61.601642710472284,61.601642710472284,71,87,142.0,174.0,,,32.0,32.0,18.39080459770115
GDN0027,Pause,28,28,28,14682,14682,15172,15172,14840,14836,14910,14905,984.0,984.0,60.97560975609756,60.97560975609756,70,69,140.0,138.0,,,-2.0,2.0,1.4492753623188406
GDN0027,Pause,29,29,29,15172,15172,15676,15676,15332,15327,15403,15413,1020.0,1020.0,58.8235294117647,58.8235294117647,71,86,142.0,172.0,,,30.0,30.0,17.441860465116278
GDN0027,Pause,30,30,30,15676,15676,16195,16195,15842,15838,15913,15915,1050.0,1050.0,57.14285714285714,57.14285714285714,71,77,142.0,154.0,,,12.0,12.0,7.792207792207792
GDN0027,Pause,31,31,31,16195,16195,16712,16712,16368,16363,16441,16446,1026.0,1026.0,58.47953216374269,58.47953216374269,73,83,146.0,166.0,,,20.0,20.0,12.048192771084338
GDN0027,Pause,32,32,32,16712,16712,17217,17217,16880,16876,16951,16946,1000.0,1000.0,60.0,60.0,71,70,142.0,140.0,,,-2.0,2.0,1.4285714285714286
GDN0027,Pause,33,33,33,17217,17217,17720,17720,17381,17376,17453,17462,1008.0,1008.0,59.523809523809526,59.523809523809526,72,86,144.0,172.0,,,28.0,28.0,16.27906976744186
GDN0027,Pause,34,34,34,17720,17720,18241,18241,17885,17880,17957,17954,1062.0,1062.0,56.497175141242934,56.497175141242934,72,74,144.0,148.0,,,4.0,4.0,2.7027027027027026
GDN0027,Pause,35,35,35,18241,18241,18771,18771,18415,18411,18486,18487,1058.0,1058.0,56.71077504725898,56.71077504725898,71,76,142.0,152.0,,,10.0,10.0,6.578947368421052
GDN0027,Pause,36,36,36,18771,18771,19290,19290,18945,18940,19015,19015,1028.0,1028.0,58.36575875486381,58.36575875486381,70,75,140.0,150.0,,,10.0,10.0,6.666666666666667
GDN0027,Pause,37,37,37,19290,19290,19792,19792,19458,19454,19530,19510,992.0,992.0,60.483870967741936,60.483870967741936,72,56,144.0,112.0,,,-32.0,32.0,28.57142857142857
GDN0027,Pause,38,38,38,19792,19792,20300,20300,19955,19950,20026,20025,1028.0,1028.0,58.36575875486381,58.36575875486381,71,75,142.0,150.0,,,8.0,8.0,5.333333333333334
GDN0027,Pause,39,39,39,20300,20300,20819,20819,20468,20464,20541,20545,1044.0,1044.0,57.47126436781609,57.47126436781609,73,81,146.0,162.0,,,16.0,16.0,9.876543209876543
GDN0027,Pause,40,40,40,20819,20819,21335,21335,20990,20985,21061,21058,1026.0,1026.0,58.47953216374269,58.47953216374269,71,73,142.0,146.0,,,4.0,4.0,2.73972602739726
GDN0027,Pause,41,41,41,21335,21335,21839,21839,21503,21498,21574,21578,996.0,996.0,60.24096385542169,60.24096385542169,71,80,142.0,160.0,,,18.0,18.0,11.25
GDN0027,Pause,42,42,42,21839,21839,22335,22335,22001,21997,22071,22083,992.0,992.0,60.483870967741936,60.483870967741936,70,86,140.0,172.0,,,32.0,32.0,18.6046511627907
GDN0027,Pause,43,43,43,22335,22335,22842,22842,22498,22493,22570,22563,1026.0,1026.0,58.47953216374269,58.47953216374269,72,70,144.0,140.0,,,-4.0,4.0,2.857142857142857
GDN0027,Pause,44,44,44,22842,22842,23361,23361,23011,23006,23078,23063,1044.0,1044.0,57.47126436781609,57.47126436781609,67,57,134.0,114.0,,,-20.0,20.0,17.543859649122805
GDN0027,Pause,45,45,45,23361,23361,23885,23885,23532,23528,23600,23612,1050.0,1050.0,57.14285714285714,57.14285714285714,68,84,136.0,168.0,,,32.0,32.0,19.047619047619047
GDN0027,Pause,46,46,46,23885,23885,24401,24401,24057,24053,24128,24118,1022.0,1022.0,58.708414872798436,58.708414872798436,71,65,142.0,130.0,,,-12.0,12.0,9.230769230769232
GDN0027,Pause,47,47,47,24401,24401,24906,24906,24568,24563,24640,24632,1002.0,1002.0,59.880239520958085,59.880239520958085,72,69,144.0,138.0,,,-6.0,6.0,4.3478260869565215
GDN0027,Pause,48,48,48,24906,24906,25408,25408,25070,25065,25140,25138,1006.0,1006.0,59.642147117296226,59.642147117296226,70,73,140.0,146.0,,,6.0,6.0,4.10958904109589
GDN0027,Pause,49,49,49,25408,25408,25916,25916,25572,25567,25643,25649,1020.0,1020.0,58.8235294117647,58.8235294117647,71,82,142.0,164.0,,,22.0,22.0,13.414634146341465
GDN0027,Pause,50,50,50,25916,25916,26422,26422,26082,26077,26153,26152,1010.0,1010.0,59.40594059405941,59.40594059405941,71,75,142.0,150.0,,,8.0,8.0,5.333333333333334
GDN0027,Pause,51,51,51,26422,26422,26923,26923,26587,26583,26662,26659,998.0,998.0,60.120240480961925,60.120240480961925,75,76,150.0,152.0,,,2.0,2.0,1.3157894736842104
GDN0027,Pause,52,52,52,26923,26923,27416,27416,27086,27082,27159,27160,978.0,978.0,61.34969325153374,61.34969325153374,73,78,146.0,156.0,,,10.0,10.0,6.41025641025641
GDN0027,Pause,53,53,53,27416,27416,27899,27899,27575,27570,27647,27649,960.0,960.0,62.5,62.5,72,79,144.0,158.0,,,14.0,14.0,8.860759493670885
GDN0027,Pause,54,54,54,27899,27899,28395,28395,28056,28051,28126,28128,1008.0,1008.0,59.523809523809526,59.523809523809526,70,77,140.0,154.0,,,14.0,14.0,9.090909090909092
GDN0027,Pause,55,55,55,28395,28395,28904,28904,28559,28555,28631,28659,1024.0,1024.0,58.59375,58.59375,72,104,144.0,208.0,,,64.0,64.0,30.76923076923077
GDN0027,Pause,56,56,56,28904,28904,29422,29422,29071,29066,29142,29133,1044.0,1044.0,57.47126436781609,57.47126436781609,71,67,142.0,134.0,,,-8.0,8.0,5.970149253731343
GDN0027,Pause,57,57,57,29422,29422,29944,29944,29594,29589,29666,29666,,,,,72,77,144.0,154.0,,,10.0,10.0,6.493506493506493
GDN0027,Valsalva,0,0,0,489,489,1017,1017,659,653,726,722,1068.0,1068.0,56.17977528089887,56.17977528089887,67,69,134.0,138.0,,,4.0,4.0,2.898550724637681
GDN0027,Valsalva,1,1,1,1017,1017,1566,1566,1193,1188,1259,1261,1114.0,1114.0,53.85996409335726,53.85996409335726,66,73,132.0,146.0,,,14.0,14.0,9.58904109589041
GDN0027,Valsalva,2,2,2,1566,1566,1927,1927,1750,1745,1818,1821,512.0,512.0,117.1875,117.1875,68,76,136.0,152.0,,,16.0,16.0,10.526315789473683
GDN0027,Valsalva,4,4,4,2192,2192,2611,2611,2276,2271,2345,2333,998.0,998.0,60.120240480961925,60.120240480961925,69,62,138.0,124.0,,,-14.0,14.0,11.29032258064516
GDN0027,Valsalva,5,5,5,2611,2611,3110,3110,2774,2769,2843,2830,998.0,998.0,60.120240480961925,60.120240480961925,69,61,138.0,122.0,,,-16.0,16.0,13.114754098360656
GDN0027,Valsalva,6,6,6,3110,3110,3621,3621,3273,3269,3342,3350,1034.0,1034.0,58.027079303675045,58.027079303675045,69,81,138.0,162.0,,,24.0,24.0,14.814814814814813
GDN0027,Valsalva,7,7,7,3621,3621,4141,4141,3790,3785,3859,3835,1044.0,1044.0,57.47126436781609,57.47126436781609,69,50,138.0,100.0,,,-38.0,38.0,38.0
GDN0027,Valsalva,8,8,8,4141,4141,4654,4654,4312,4307,4380,4371,1016.0,1016.0,59.05511811023622,59.05511811023622,68,64,136.0,128.0,,,-8.0,8.0,6.25
GDN0027,Valsalva,9,9,9,4654,4654,5163,5163,4820,4815,4890,4883,1018.0,1018.0,58.93909626719057,58.93909626719057,70,68,140.0,136.0,,,-4.0,4.0,2.941176470588235
GDN0027,Valsalva,10,10,10,5163,5163,5677,5677,5329,5325,5400,5389,1034.0,1034.0,58.027079303675045,58.027079303675045,71,64,142.0,128.0,,,-14.0,14.0,10.9375
GDN0027,Valsalva,11,11,11,5677,5677,6197,6197,5846,5841,5916,5910,1044.0,1044.0,57.47126436781609,57.47126436781609,70,69,140.0,138.0,,,-2.0,2.0,1.4492753623188406
GDN0027,Valsalva,12,12,12,6197,6197,6708,6708,6369,6364,6439,6440,1008.0,1008.0,59.523809523809526,59.523809523809526,70,76,140.0,152.0,,,12.0,12.0,7.894736842105263
GDN0027,Valsalva,13,13,13,6708,6708,7025,7025,6872,6867,6941,6945,434.0,434.0,138.24884792626727,138.24884792626727,69,78,138.0,156.0,,,18.0,18.0,11.538461538461538
GDN0027,Valsalva,15,15,15,7279,7279,7694,7694,7364,7359,7433,7433,982.0,982.0,61.09979633401222,61.09979633401222,69,74,138.0,148.0,,,10.0,10.0,6.756756756756757
GDN0027,Valsalva,16,16,16,7694,7694,8196,8196,7854,7850,7921,7919,1014.0,1014.0,59.171597633136095,59.171597633136095,67,69,134.0,138.0,,,4.0,4.0,2.898550724637681
GDN0027,Valsalva,17,17,17,8196,8196,8706,8706,8361,8357,8433,8431,1026.0,1026.0,58.47953216374269,58.47953216374269,72,74,144.0,148.0,,,4.0,4.0,2.7027027027027026
GDN0027,Valsalva,18,18,18,8706,8706,9212,9212,8875,8870,8945,8936,1004.0,1004.0,59.7609561752988,59.7609561752988,70,66,140.0,132.0,,,-8.0,8.0,6.0606060606060606
GDN0027,Valsalva,19,19,19,9212,9212,9711,9711,9376,9371,9446,9440,994.0,994.0,60.36217303822938,60.36217303822938,70,69,140.0,138.0,,,-2.0,2.0,1.4492753623188406
GDN0027,Valsalva,20,20,20,9711,9711,10215,10215,9873,9868,9944,9939,1014.0,1014.0,59.171597633136095,59.171597633136095,71,71,142.0,142.0,,,0.0,0.0,0.0
GDN0027,Valsalva,21,21,21,10215,10215,10734,10734,10380,10375,10454,10453,1052.0,1052.0,57.03422053231939,57.03422053231939,74,78,148.0,156.0,,,8.0,8.0,5.128205128205128
GDN0027,Valsalva,22,22,22,10734,10734,11257,11257,10906,10901,10975,10978,1044.0,1044.0,57.47126436781609,57.47126436781609,69,77,138.0,154.0,,,16.0,16.0,10.38961038961039
GDN0027,Valsalva,23,23,23,11257,11257,11773,11773,11429,11424,11498,11491,1026.0,1026.0,58.47953216374269,58.47953216374269,69,67,138.0,134.0,,,-4.0,4.0,2.9850746268656714
GDN0027,Valsalva,24,24,24,11773,11773,12277,12277,11941,11937,12012,12014,996.0,996.0,60.24096385542169,60.24096385542169,71,77,142.0,154.0,,,12.0,12.0,7.792207792207792
GDN0027,Valsalva,25,25,25,12277,12277,12784,12784,12439,12434,12508,12527,1026.0,1026.0,58.47953216374269,58.47953216374269,69,93,138.0,186.0,,,48.0,48.0,25.806451612903224
GDN0027,Valsalva,26,26,26,12784,12784,13302,13302,12953,12948,13021,13021,1040.0,1040.0,57.69230769230769,57.69230769230769,68,73,136.0,146.0,,,10.0,10.0,6.8493150684931505
GDN0027,Valsalva,27,27,27,13302,13302,13819,13819,13472,13468,13543,13541,1032.0,1032.0,58.13953488372093,58.13953488372093,71,73,142.0,146.0,,,4.0,4.0,2.73972602739726
GDN0027,Valsalva,28,28,28,13819,13819,14325,14325,13988,13984,14057,14066,1000.0,1000.0,60.0,60.0,69,82,138.0,164.0,,,26.0,26.0,15.853658536585366
GDN0027,Valsalva,29,29,29,14325,14325,14822,14822,14489,14484,14560,14558,992.0,992.0,60.483870967741936,60.483870967741936,71,74,142.0,148.0,,,6.0,6.0,4.054054054054054
GDN0027,Valsalva,30,30,30,14822,14822,15335,15335,14984,14979,15055,15047,1042.0,1042.0,57.58157389635316,57.58157389635316,71,68,142.0,136.0,,,-6.0,6.0,4.411764705882353
GDN0027,Valsalva,31,31,31,15335,15335,15871,15871,15506,15501,15577,15575,1088.0,1088.0,55.147058823529406,55.147058823529406,71,74,142.0,148.0,,,6.0,6.0,4.054054054054054
GDN0027,Valsalva,32,32,32,15871,15871,16398,16398,16049,16044,16120,16126,1036.0,1036.0,57.915057915057915,57.915057915057915,71,82,142.0,164.0,,,22.0,22.0,13.414634146341465
GDN0027,Valsalva,33,33,33,16398,16398,16907,16907,16567,16563,16640,16631,1008.0,1008.0,59.523809523809526,59.523809523809526,73,68,146.0,136.0,,,-10.0,10.0,7.352941176470589
GDN0027,Valsalva,34,34,34,16907,16907,17423,17423,17071,17066,17141,17138,1046.0,1046.0,57.36137667304015,57.36137667304015,70,72,140.0,144.0,,,4.0,4.0,2.7777777777777777
GDN0027,Valsalva,35,35,35,17423,17423,17955,17955,17594,17590,17667,17670,1074.0,1074.0,55.865921787709496,55.865921787709496,73,80,146.0,160.0,,,14.0,14.0,8.75
GDN0027,Valsalva,36,36,36,17955,17955,18484,18484,18131,18126,18200,18189,1050.0,1050.0,57.14285714285714,57.14285714285714,69,63,138.0,126.0,,,-12.0,12.0,9.523809523809524
GDN0027,Valsalva,37,37,37,18484,18484,18996,18996,18657,18652,18727,18732,1008.0,1008.0,59.523809523809526,59.523809523809526,70,80,140.0,160.0,,,20.0,20.0,12.5
GDN0027,Valsalva,38,38,38,18996,18996,19500,19500,19160,19156,19231,19223,1010.0,1010.0,59.40594059405941,59.40594059405941,71,67,142.0,134.0,,,-8.0,8.0,5.970149253731343
GDN0027,Valsalva,39,39,39,19500,19500,20022,20022,19665,19660,19738,19740,1060.0,1060.0,56.60377358490566,56.60377358490566,73,80,146.0,160.0,,,14.0,14.0,8.75
GDN0027,Valsalva,40,40,40,20022,20022,20556,20556,20195,20190,20266,20258,1074.0,1074.0,55.865921787709496,55.865921787709496,71,68,142.0,136.0,,,-6.0,6.0,4.411764705882353
GDN0027,Valsalva,41,41,41,20556,20556,21082,21082,20732,20727,20803,20804,1040.0,1040.0,57.69230769230769,57.69230769230769,71,77,142.0,154.0,,,12.0,12.0,7.792207792207792
GDN0027,Valsalva,42,42,42,21082,21082,21591,21591,21253,21248,21321,21324,1006.0,1006.0,59.642147117296226,59.642147117296226,68,76,136.0,152.0,,,16.0,16.0,10.526315789473683
GDN0027,Valsalva,43,43,43,21591,21591,22098,22098,21756,21751,21827,21817,1018.0,1018.0,58.93909626719057,58.93909626719057,71,66,142.0,132.0,,,-10.0,10.0,7.575757575757576
GDN0027,Valsalva,44,44,44,22098,22098,22618,22618,22264,22260,22338,22318,1052.0,1052.0,57.03422053231939,57.03422053231939,74,58,148.0,116.0,,,-32.0,32.0,27.586206896551722
GDN0027,Valsalva,45,45,45,22618,22618,23143,23143,22790,22785,22860,22851,1048.0,1048.0,57.25190839694656,57.25190839694656,70,66,140.0,132.0,,,-8.0,8.0,6.0606060606060606
GDN0027,Valsalva,46,46,46,23143,23143,23663,23663,23314,23310,23383,23381,1038.0,1038.0,57.80346820809248,57.80346820809248,69,71,138.0,142.0,,,4.0,4.0,2.8169014084507045
GDN0027,Valsalva,47,47,47,23663,23663,24169,24169,23834,23829,23902,23904,998.0,998.0,60.120240480961925,60.120240480961925,68,75,136.0,150.0,,,14.0,14.0,9.333333333333334
GDN0027,Valsalva,48,48,48,24169,24169,24664,24664,24332,24327,24403,24394,986.0,986.0,60.851926977687626,60.851926977687626,71,67,142.0,134.0,,,-8.0,8.0,5.970149253731343
GDN0027,Valsalva,49,49,49,24664,24664,25163,25163,24825,24820,24896,24902,1004.0,1004.0,59.7609561752988,59.7609561752988,71,82,142.0,164.0,,,22.0,22.0,13.414634146341465
GDN0027,Valsalva,50,50,50,25163,25163,25655,25655,25328,25323,25395,25398,972.0,972.0,61.7283950617284,61.7283950617284,67,75,134.0,150.0,,,16.0,16.0,10.666666666666668
GDN0027,Valsalva,51,51,51,25655,25655,26114,26114,25813,25808,25889,25853,890.0,890.0,67.41573033707866,67.41573033707866,76,45,152.0,90.0,,,-62.0,62.0,68.88888888888889
GDN0027,Valsalva,52,52,52,26114,26114,26561,26561,26258,26253,26331,26339,896.0,896.0,66.96428571428571,66.96428571428571,73,86,146.0,172.0,,,26.0,26.0,15.11627906976744
GDN0027,Valsalva,53,53,53,26561,26561,27020,27020,26706,26701,26776,26783,930.0,930.0,64.51612903225806,64.51612903225806,70,82,140.0,164.0,,,24.0,24.0,14.634146341463413
GDN0027,Valsalva,54,54,54,27020,27020,27492,27492,27171,27166,27242,27246,950.0,950.0,63.15789473684211,63.15789473684211,71,80,142.0,160.0,,,18.0,18.0,11.25
GDN0027,Valsalva,55,55,55,27492,27492,27990,27990,27647,27642,27717,27715,1020.0,1020.0,58.8235294117647,58.8235294117647,70,73,140.0,146.0,,,6.0,6.0,4.10958904109589
GDN0027,Valsalva,56,56,56,27990,27990,28526,28526,28157,28152,28224,28208,1100.0,1100.0,54.54545454545454,54.54545454545454,67,56,134.0,112.0,,,-22.0,22.0,19.642857142857142
GDN0027,Valsalva,57,57,57,28526,28526,29079,29079,28706,28701,28776,28773,1110.0,1110.0,54.05405405405405,54.05405405405405,70,72,140.0,144.0,,,4.0,4.0,2.7777777777777777
GDN0027,Valsalva,58,58,58,29079,29079,29614,29614,29261,29257,29334,29320,1048.0,1048.0,57.25190839694656,57.25190839694656,73,63,146.0,126.0,,,-20.0,20.0,15.873015873015872
GDN0027,HoldingBreath,0,0,0,389,389,893,893,554,549,621,612,1008.0,1008.0,59.523809523809526,59.523809523809526,67,63,134.0,126.0,,,-8.0,8.0,6.349206349206349
GDN0027,HoldingBreath,1,1,1,893,893,1395,1395,1058,1053,1132,1114,1002.0,1002.0,59.880239520958085,59.880239520958085,74,61,148.0,122.0,,,-26.0,26.0,21.311475409836063
GDN0027,HoldingBreath,2,2,2,1395,1395,1916,1916,1558,1553,1625,1637,1064.0,1064.0,56.39097744360902,56.39097744360902,67,84,134.0,168.0,,,34.0,34.0,20.238095238095237
GDN0027,HoldingBreath,3,3,3,1916,1916,2449,2449,2090,2085,2159,2142,1068.0,1068.0,56.17977528089887,56.17977528089887,69,57,138.0,114.0,,,-24.0,24.0,21.052631578947366
GDN0027,HoldingBreath,4,4,4,2449,2449,2966,2966,2625,2620,2696,2713,1016.0,1016.0,59.05511811023622,59.05511811023622,71,93,142.0,186.0,,,44.0,44.0,23.655913978494624
GDN0027,HoldingBreath,5,5,5,2966,2966,3477,3477,3132,3127,3202,3200,1026.0,1026.0,58.47953216374269,58.47953216374269,70,73,140.0,146.0,,,6.0,6.0,4.10958904109589
GDN0027,HoldingBreath,6,6,6,3477,3477,3994,3994,3645,3640,3714,3700,1036.0,1036.0,57.915057915057915,57.915057915057915,69,60,138.0,120.0,,,-18.0,18.0,15.0
GDN0027,HoldingBreath,7,7,7,3994,3994,4486,4486,4163,4158,4236,4248,956.0,956.0,62.761506276150634,62.761506276150634,73,90,146.0,180.0,,,34.0,34.0,18.88888888888889
GDN0027,HoldingBreath,8,8,8,4486,4486,4958,4958,4642,4637,4712,4706,940.0,940.0,63.829787234042556,63.829787234042556,70,69,140.0,138.0,,,-2.0,2.0,1.4492753623188406
GDN0027,HoldingBreath,9,9,9,4958,4958,5426,5426,5111,5106,5174,5189,932.0,932.0,64.37768240343347,64.37768240343347,63,83,126.0,166.0,,,40.0,40.0,24.096385542168676
GDN0027,HoldingBreath,10,10,10,5426,5426,5900,5900,5577,5573,5645,5619,958.0,958.0,62.63048016701462,62.63048016701462,68,46,136.0,92.0,,,-44.0,44.0,47.82608695652174
GDN0027,HoldingBreath,11,11,11,5900,5900,6375,6375,6057,6052,6124,6128,946.0,946.0,63.42494714587738,63.42494714587738,67,76,134.0,152.0,,,18.0,18.0,11.842105263157894
GDN0027,HoldingBreath,12,12,12,6375,6375,6855,6855,6530,6525,6598,6595,966.0,966.0,62.11180124223603,62.11180124223603,68,70,136.0,140.0,,,4.0,4.0,2.857142857142857
GDN0027,HoldingBreath,13,13,13,6855,6855,7333,7333,7013,7008,7078,7083,952.0,952.0,63.02521008403362,63.02521008403362,65,75,130.0,150.0,,,20.0,20.0,13.333333333333334
GDN0027,HoldingBreath,14,14,14,7333,7333,7818,7818,7488,7483,7552,7560,980.0,980.0,61.224489795918366,61.224489795918366,64,77,128.0,154.0,,,26.0,26.0,16.883116883116884
GDN0027,HoldingBreath,15,15,15,7818,7818,8316,8316,7978,7974,8043,8060,1004.0,1004.0,59.7609561752988,59.7609561752988,65,86,130.0,172.0,,,42.0,42.0,24.418604651162788
GDN0027,HoldingBreath,16,16,16,8316,8316,8810,8810,8480,8475,8541,8538,980.0,980.0,61.224489795918366,61.224489795918366,61,63,122.0,126.0,,,4.0,4.0,3.1746031746031744
GDN0027,HoldingBreath,17,17,17,8810,8810,9308,9308,8971,8966,9041,9031,1004.0,1004.0,59.7609561752988,59.7609561752988,70,65,140.0,130.0,,,-10.0,10.0,7.6923076923076925
GDN0027,HoldingBreath,18,18,18,9308,9308,9818,9818,9473,9468,9547,9539,1028.0,1028.0,58.36575875486381,58.36575875486381,74,71,148.0,142.0,,,-6.0,6.0,4.225352112676056
GDN0027,HoldingBreath,19,19,19,9818,9818,10322,10322,9986,9982,10057,10075,998.0,998.0,60.120240480961925,60.120240480961925,71,93,142.0,186.0,,,44.0,44.0,23.655913978494624
GDN0027,HoldingBreath,20,20,20,10322,10322,10826,10826,10486,10481,10556,10562,1012.0,1012.0,59.28853754940712,59.28853754940712,70,81,140.0,162.0,,,22.0,22.0,13.580246913580247
GDN0027,HoldingBreath,21,21,21,10826,10826,11333,11333,10991,10986,11059,11040,1016.0,1016.0,59.05511811023622,59.05511811023622,68,54,136.0,108.0,,,-28.0,28.0,25.925925925925924
GDN0027,HoldingBreath,22,22,22,11333,11333,11830,11830,11499,11495,11569,11561,980.0,980.0,61.224489795918366,61.224489795918366,70,66,140.0,132.0,,,-8.0,8.0,6.0606060606060606
GDN0027,HoldingBreath,23,23,23,11830,11830,12325,12325,11990,11985,12059,12045,998.0,998.0,60.120240480961925,60.120240480961925,69,60,138.0,120.0,,,-18.0,18.0,15.0
GDN0027,HoldingBreath,24,24,24,12325,12325,12827,12827,12488,12483,12557,12543,1006.0,1006.0,59.642147117296226,59.642147117296226,69,60,138.0,120.0,,,-18.0,18.0,15.0
GDN0027,HoldingBreath,25,25,25,12827,12827,13324,13324,12992,12987,13061,13059,988.0,988.0,60.72874493927126,60.72874493927126,69,72,138.0,144.0,,,6.0,6.0,4.166666666666666
GDN0027,HoldingBreath,26,26,26,13324,13324,13807,13807,13485,13480,13552,13554,954.0,954.0,62.89308176100629,62.89308176100629,67,74,134.0,148.0,,,14.0,14.0,9.45945945945946
GDN0027,HoldingBreath,27,27,27,13807,13807,14292,14292,13962,13958,14035,14036,978.0,978.0,61.34969325153374,61.34969325153374,73,78,146.0,156.0,,,10.0,10.0,6.41025641025641
GDN0027,HoldingBreath,28,28,28,14292,14292,14783,14783,14451,14447,14521,14533,986.0,986.0,60.851926977687626,60.851926977687626,70,86,140.0,172.0,,,32.0,32.0,18.6046511627907
GDN0027,HoldingBreath,29,29,29,14783,14783,15274,15274,14945,14940,15013,15016,980.0,980.0,61.224489795918366,61.224489795918366,68,76,136.0,152.0,,,16.0,16.0,10.526315789473683
GDN0027,HoldingBreath,30,30,30,15274,15274,15762,15762,15434,15429,15499,15505,972.0,972.0,61.7283950617284,61.7283950617284,65,76,130.0,152.0,,,22.0,22.0,14.473684210526317
GDN0027,HoldingBreath,31,31,31,15762,15762,16243,16243,15920,15915,15994,15976,956.0,956.0,62.761506276150634,62.761506276150634,74,61,148.0,122.0,,,-26.0,26.0,21.311475409836063
GDN0027,HoldingBreath,32,32,32,16243,16243,16714,16714,16398,16394,16465,16471,936.0,936.0,64.1025641025641,64.1025641025641,67,77,134.0,154.0,,,20.0,20.0,12.987012987012985
GDN0027,HoldingBreath,33,33,33,16714,16714,17189,17189,16866,16861,16937,16928,956.0,956.0,62.761506276150634,62.761506276150634,71,67,142.0,134.0,,,-8.0,8.0,5.970149253731343
GDN0027,HoldingBreath,34,34,34,17189,17189,17673,17673,17344,17339,17414,17416,974.0,974.0,61.601642710472284,61.601642710472284,70,77,140.0,154.0,,,14.0,14.0,9.090909090909092
GDN0027,HoldingBreath,35,35,35,17673,17673,18159,18159,17831,17826,17902,17889,972.0,972.0,61.7283950617284,61.7283950617284,71,63,142.0,126.0,,,-16.0,16.0,12.698412698412698
GDN0027,HoldingBreath,36,36,36,18159,18159,18644,18644,18317,18312,18385,18389,970.0,970.0,61.855670103092784,61.855670103092784,68,77,136.0,154.0,,,18.0,18.0,11.688311688311687
GDN0027,HoldingBreath,37,37,37,18644,18644,19135,19135,18803,18798,18870,18880,988.0,988.0,60.72874493927126,60.72874493927126,67,82,134.0,164.0,,,30.0,30.0,18.29268292682927
GDN0027,HoldingBreath,38,38,38,19135,19135,19635,19635,19297,19292,19371,19381,1006.0,1006.0,59.642147117296226,59.642147117296226,74,89,148.0,178.0,,,30.0,30.0,16.853932584269664
GDN0027,HoldingBreath,39,39,39,19635,19635,19985,19985,19799,19794,19861,19872,536.0,536.0,111.94029850746269,111.94029850746269,62,78,124.0,156.0,,,32.0,32.0,20.51282051282051
GDN0027,HoldingBreath,41,41,41,20221,20221,20621,20621,20286,20281,20358,20374,994.0,994.0,60.36217303822938,60.36217303822938,72,93,144.0,186.0,,,42.0,42.0,22.58064516129032
GDN0027,HoldingBreath,42,42,42,20621,20621,21125,21125,20783,20779,20851,20857,1014.0,1014.0,59.171597633136095,59.171597633136095,68,78,136.0,156.0,,,20.0,20.0,12.82051282051282
GDN0027,HoldingBreath,43,43,43,21125,21125,21630,21630,21291,21286,21360,21348,1010.0,1010.0,59.40594059405941,59.40594059405941,69,62,138.0,124.0,,,-14.0,14.0,11.29032258064516
GDN0027,HoldingBreath,44,44,44,21630,21630,22137,22137,21795,21791,21868,21872,1014.0,1014.0,59.171597633136095,59.171597633136095,73,81,146.0,162.0,,,16.0,16.0,9.876543209876543
GDN0027,HoldingBreath,45,45,45,22137,22137,22653,22653,22302,22298,22369,22362,1044.0,1044.0,57.47126436781609,57.47126436781609,67,64,134.0,128.0,,,-6.0,6.0,4.6875
GDN0027,HoldingBreath,46,46,46,22653,22653,23160,23160,22824,22820,22893,22913,998.0,998.0,60.120240480961925,60.120240480961925,69,93,138.0,186.0,,,48.0,48.0,25.806451612903224
GDN0027,HoldingBreath,47,47,47,23160,23160,23668,23668,23323,23318,23394,23391,1026.0,1026.0,58.47953216374269,58.47953216374269,71,73,142.0,146.0,,,4.0,4.0,2.73972602739726
GDN0027,HoldingBreath,48,48,48,23668,23668,24191,24191,23836,23831,23912,23943,1056.0,1056.0,56.81818181818181,56.81818181818181,76,112,152.0,224.0,,,72.0,72.0,32.142857142857146
GDN0027,HoldingBreath,49,49,49,24191,24191,24711,24711,24365,24360,24441,24446,1030.0,1030.0,58.252427184466015,58.252427184466015,76,86,152.0,172.0,,,20.0,20.0,11.627906976744185
GDN0027,HoldingBreath,50,50,50,24711,24711,25221,25221,24880,24875,24948,24933,1016.0,1016.0,59.05511811023622,59.05511811023622,68,58,136.0,116.0,,,-20.0,20.0,17.24137931034483
GDN0027,HoldingBreath,51,51,51,25221,25221,25736,25736,25388,25383,25453,25465,1038.0,1038.0,57.80346820809248,57.80346820809248,65,82,130.0,164.0,,,34.0,34.0,20.73170731707317
GDN0027,HoldingBreath,52,52,52,25736,25736,26248,26248,25906,25902,25974,25957,1016.0,1016.0,59.05511811023622,59.05511811023622,68,55,136.0,110.0,,,-26.0,26.0,23.636363636363637
GDN0027,HoldingBreath,53,53,53,26248,26248,26758,26758,26414,26409,26487,26496,1022.0,1022.0,58.708414872798436,58.708414872798436,73,87,146.0,174.0,,,28.0,28.0,16.091954022988507
GDN0027,HoldingBreath,54,54,54,26758,26758,27283,27283,26925,26920,26994,26978,1064.0,1064.0,56.39097744360902,56.39097744360902,69,58,138.0,116.0,,,-22.0,22.0,18.96551724137931
GDN0027,HoldingBreath,55,55,55,27283,27283,27817,27817,27458,27453,27526,27532,1072.0,1072.0,55.97014925373134,55.97014925373134,68,79,136.0,158.0,,,22.0,22.0,13.924050632911392
GDN0027,HoldingBreath,56,56,56,27817,27817,28337,28337,27993,27988,28063,28049,1022.0,1022.0,58.708414872798436,58.708414872798436,70,61,140.0,122.0,,,-18.0,18.0,14.754098360655737
GDN0027,HoldingBreath,57,57,57,28337,28337,28859,28859,28504,28500,28574,28565,1054.0,1054.0,56.92599620493358,56.92599620493358,70,65,140.0,130.0,,,-10.0,10.0,7.6923076923076925
GDN0027,HoldingBreath,58,58,58,28859,28859,29382,29382,29031,29026,29101,29096,1044.0,1044.0,57.47126436781609,57.47126436781609,70,70,140.0,140.0,,,0.0,0.0,0.0
GDN0027,HoldingBreath,59,59,59,29382,29382,29904,29904,29553,29548,29623,29648,,,,,70,100,140.0,200.0,,,60.0,60.0,30.0
GDN0027,TiltUp,0,0,0,147,147,563,563,281,277,,364,832.0,832.0,72.11538461538461,72.11538461538461,,87,,174.0,c_point_nan,,,,
GDN0027,TiltUp,1,1,1,563,563,974,974,698,693,,789,814.0,814.0,73.71007371007371,73.71007371007371,,96,,192.0,c_point_nan,,,,
GDN0027,TiltUp,2,2,2,974,974,1375,1375,1105,1100,,1172,798.0,798.0,75.18796992481202,75.18796992481202,,72,,144.0,c_point_nan,,,,
GDN0027,TiltUp,3,3,3,1375,1375,1766,1766,1504,1499,,1587,772.0,772.0,77.720207253886,77.720207253886,,88,,176.0,c_point_nan,,,,
GDN0027,TiltUp,4,4,4,1766,1766,2147,2147,1890,1885,,1975,756.0,756.0,79.36507936507937,79.36507936507937,,90,,180.0,c_point_nan,,,,
GDN0027,TiltUp,5,5,5,2147,2147,2513,2513,2268,2263,,2346,720.0,720.0,83.33333333333334,83.33333333333334,,83,,166.0,c_point_nan,,,,
GDN0027,TiltUp,6,6,6,2513,2513,2868,2868,2628,2623,,2715,704.0,704.0,85.22727272727273,85.22727272727273,,92,,184.0,c_point_nan,,,,
GDN0027,TiltUp,7,7,7,2868,2868,3214,3214,2980,2975,,3069,686.0,686.0,87.46355685131195,87.46355685131195,,94,,188.0,c_point_nan,,,,
GDN0027,TiltUp,8,8,8,3214,3214,3550,3550,3322,3317,,3404,664.0,664.0,90.36144578313252,90.36144578313252,,87,,174.0,c_point_nan,,,,
GDN0027,TiltUp,9,9,9,3550,3550,3882,3882,3655,3650,,3736,666.0,666.0,90.09009009009009,90.09009009009009,,86,,172.0,c_point_nan,,,,
GDN0027,TiltUp,10,10,10,3882,3882,4222,4222,3988,3983,,4070,686.0,686.0,87.46355685131195,87.46355685131195,,87,,174.0,c_point_nan,,,,
GDN0027,TiltUp,11,11,11,4222,4222,4569,4569,4331,4326,,4423,698.0,698.0,85.9598853868195,85.9598853868195,,97,,194.0,c_point_nan,,,,
GDN0027,TiltUp,12,12,12,4569,4569,4924,4924,4680,4675,,4768,718.0,718.0,83.56545961002786,83.56545961002786,,93,,186.0,c_point_nan,,,,
GDN0027,TiltUp,13,13,13,4924,4924,5290,5290,5038,5033,,5120,738.0,738.0,81.30081300813008,81.30081300813008,,87,,174.0,c_point_nan,,,,
GDN0027,TiltUp,14,14,14,5290,5290,5676,5676,5408,5403,,5494,790.0,790.0,75.94936708860759,75.94936708860759,,91,,182.0,c_point_nan,,,,
GDN0027,TiltUp,15,15,15,5676,5676,6078,6078,5803,5798,,5891,812.0,812.0,73.89162561576354,73.89162561576354,,93,,186.0,c_point_nan,,,,
GDN0027,TiltUp,16,16,16,6078,6078,6481,6481,6208,6203,,6297,802.0,802.0,74.81296758104737,74.81296758104737,,94,,188.0,c_point_nan,,,,
GDN0027,TiltUp,17,17,17,6481,6481,6866,6866,6609,6604,,6708,754.0,754.0,79.57559681697613,79.57559681697613,,104,,208.0,c_point_nan,,,,
GDN0027,TiltUp,19,19,19,7245,7245,7617,7617,7366,7360,7440,7448,734.0,734.0,81.74386920980926,81.74386920980926,74,88,148.0,176.0,,,28.0,28.0,15.909090909090908
GDN0027,TiltUp,20,20,20,7617,7617,7986,7986,7733,7728,7806,7814,740.0,740.0,81.08108108108108,81.08108108108108,73,86,146.0,172.0,,,26.0,26.0,15.11627906976744
GDN0027,TiltUp,21,21,21,7986,7986,8358,8358,8103,8098,8175,8190,748.0,748.0,80.21390374331551,80.21390374331551,72,92,144.0,184.0,,,40.0,40.0,21.73913043478261
GDN0027,TiltUp,22,22,22,8358,8358,8733,8733,8478,8473,8551,8557,752.0,752.0,79.7872340425532,79.7872340425532,73,84,146.0,168.0,,,22.0,22.0,13.095238095238097
GDN0027,TiltUp,23,23,23,8733,8733,9106,9106,8853,8848,8929,8934,740.0,740.0,81.08108108108108,81.08108108108108,76,86,152.0,172.0,,,20.0,20.0,11.627906976744185
GDN0027,TiltUp,24,24,24,9106,9106,9476,9476,9224,9219,9298,9286,742.0,742.0,80.86253369272237,80.86253369272237,74,67,148.0,134.0,,,-14.0,14.0,10.44776119402985
GDN0027,TiltUp,25,25,25,9476,9476,9850,9850,9594,9589,9664,9665,750.0,750.0,80.0,80.0,70,76,140.0,152.0,,,12.0,12.0,7.894736842105263
GDN0027,TiltUp,26,26,26,9850,9850,10223,10223,9969,9964,10041,10045,746.0,746.0,80.4289544235925,80.4289544235925,72,81,144.0,162.0,,,18.0,18.0,11.11111111111111
GDN0027,TiltUp,27,27,27,10223,10223,10593,10593,10343,10337,10418,10420,734.0,734.0,81.74386920980926,81.74386920980926,75,83,150.0,166.0,,,16.0,16.0,9.63855421686747
GDN0027,TiltUp,28,28,28,10593,10593,10963,10963,10710,10705,10782,10794,744.0,744.0,80.64516129032258,80.64516129032258,72,89,144.0,178.0,,,34.0,34.0,19.101123595505616
GDN0027,TiltUp,29,29,29,10963,10963,11334,11334,11082,11077,11160,11162,740.0,740.0,81.08108108108108,81.08108108108108,78,85,156.0,170.0,,,14.0,14.0,8.235294117647058
GDN0027,TiltUp,30,30,30,11334,11334,11700,11700,11452,11447,,11529,730.0,730.0,82.19178082191782,82.19178082191782,,82,,164.0,c_point_nan,,,,
GDN0027,TiltUp,31,31,31,11700,11700,12063,12063,11816,11811,,11910,722.0,722.0,83.10249307479225,83.10249307479225,,99,,198.0,c_point_nan,,,,
GDN0027,TiltUp,32,32,32,12063,12063,12428,12428,12178,12173,,12280,734.0,734.0,81.74386920980926,81.74386920980926,,107,,214.0,c_point_nan,,,,
GDN0027,TiltUp,33,33,33,12428,12428,12802,12802,12545,12540,,12637,756.0,756.0,79.36507936507937,79.36507936507937,,97,,194.0,c_point_nan,,,,
GDN0027,TiltUp,34,34,34,12802,12802,13182,13182,12923,12918,,13029,764.0,764.0,78.53403141361257,78.53403141361257,,111,,222.0,c_point_nan,,,,
GDN0027,TiltUp,35,35,35,13182,13182,13566,13566,13304,13300,,13382,768.0,768.0,78.125,78.125,,82,,164.0,c_point_nan,,,,
GDN0027,TiltUp,36,36,36,13566,13566,13950,13950,13689,13684,,13760,770.0,770.0,77.92207792207792,77.92207792207792,,76,,152.0,c_point_nan,,,,
GDN0027,TiltUp,37,37,37,13950,13950,14335,14335,14073,14068,,14165,770.0,770.0,77.92207792207792,77.92207792207792,,97,,194.0,c_point_nan,,,,
GDN0027,TiltUp,38,38,38,14335,14335,14725,14725,14459,14454,,14538,784.0,784.0,76.53061224489795,76.53061224489795,,84,,168.0,c_point_nan,,,,
GDN0027,TiltUp,40,40,40,15118,15118,15506,15506,15245,15240,,15332,770.0,770.0,77.92207792207792,77.92207792207792,,92,,184.0,c_point_nan,,,,
GDN0027,TiltUp,41,41,41,15506,15506,15882,15882,15629,15624,,15709,742.0,742.0,80.86253369272237,80.86253369272237,,85,,170.0,c_point_nan,,,,
GDN0027,TiltUp,42,42,42,15882,15882,16245,16245,16001,15996,16108,16100,718.0,718.0,83.56545961002786,83.56545961002786,107,104,214.0,208.0,,,-6.0,6.0,2.8846153846153846
GDN0027,TiltUp,43,43,43,16245,16245,16598,16598,16359,16354,,16437,698.0,698.0,85.9598853868195,85.9598853868195,,83,,166.0,c_point_nan,,,,
GDN0027,TiltUp,44,44,44,16598,16598,16946,16946,16708,16703,,16803,696.0,696.0,86.20689655172414,86.20689655172414,,100,,200.0,c_point_nan,,,,
GDN0027,TiltUp,45,45,45,16946,16946,17300,17300,17057,17052,,17147,714.0,714.0,84.03361344537815,84.03361344537815,,95,,190.0,c_point_nan,,,,
GDN0027,TiltUp,46,46,46,17300,17300,17655,17655,17413,17409,,17492,708.0,708.0,84.74576271186442,84.74576271186442,,83,,166.0,c_point_nan,,,,
GDN0027,TiltUp,47,47,47,17655,17655,18014,18014,17768,17763,,17843,724.0,724.0,82.87292817679558,82.87292817679558,,80,,160.0,c_point_nan,,,,
GDN0027,TiltUp,49,49,49,18377,18377,18747,18747,18493,18488,,18561,748.0,748.0,80.21390374331551,80.21390374331551,,73,,146.0,c_point_nan,,,,
GDN0027,TiltUp,50,50,50,18747,18747,19124,19124,18867,18862,18915,18927,758.0,758.0,79.15567282321899,79.15567282321899,48,65,96.0,130.0,,,34.0,34.0,26.153846153846157
GDN0027,TiltUp,51,51,51,19124,19124,19503,19503,19245,19240,,19333,756.0,756.0,79.36507936507937,79.36507936507937,,93,,186.0,c_point_nan,,,,
GDN0027,TiltUp,53,53,53,19880,19880,20252,20252,20001,19996,20109,20084,738.0,738.0,81.30081300813008,81.30081300813008,108,88,216.0,176.0,,,-40.0,40.0,22.727272727272727
GDN0027,TiltUp,54,54,54,20252,20252,20618,20618,20369,20365,,20455,728.0,728.0,82.41758241758242,82.41758241758242,,90,,180.0,c_point_nan,,,,
GDN0027,TiltUp,56,56,56,20982,20982,21354,21354,21099,21094,,21203,750.0,750.0,80.0,80.0,,109,,218.0,c_point_nan,,,,
GDN0027,TiltUp,57,57,57,21354,21354,21733,21733,21473,21468,21486,21581,764.0,764.0,78.53403141361257,78.53403141361257,13,113,26.0,226.0,,,200.0,200.0,88.49557522123894
GDN0027,TiltUp,58,58,58,21733,21733,22113,22113,21856,21851,,21944,758.0,758.0,79.15567282321899,79.15567282321899,,93,,186.0,c_point_nan,,,,
GDN0027,TiltUp,59,59,59,22113,22113,22487,22487,22235,22230,,22334,742.0,742.0,80.86253369272237,80.86253369272237,,104,,208.0,c_point_nan,,,,
GDN0027,TiltUp,60,60,60,22487,22487,22856,22856,22605,22601,22642,22644,734.0,734.0,81.74386920980926,81.74386920980926,37,43,74.0,86.0,,,12.0,12.0,13.953488372093023
GDN0027,TiltUp,61,61,61,22856,22856,23220,23220,22973,22968,,23063,726.0,726.0,82.64462809917356,82.64462809917356,,95,,190.0,c_point_nan,,,,
GDN0027,TiltUp,62,62,62,23220,23220,23582,23582,23335,23330,23349,23429,724.0,724.0,82.87292817679558,82.87292817679558,14,99,28.0,198.0,,,170.0,170.0,85.85858585858585
GDN0027,TiltUp,63,63,63,23582,23582,23943,23943,23697,23692,,23798,720.0,720.0,83.33333333333334,83.33333333333334,,106,,212.0,c_point_nan,,,,
GDN0027,TiltUp,65,65,65,24300,24300,24656,24656,24413,24408,,24499,714.0,714.0,84.03361344537815,84.03361344537815,,91,,182.0,c_point_nan,,,,
GDN0027,TiltUp,66,66,66,24656,24656,25014,25014,24769,24764,,24866,718.0,718.0,83.56545961002786,83.56545961002786,,102,,204.0,c_point_nan,,,,
GDN0027,TiltUp,67,67,67,25014,25014,25384,25384,25129,25124,25141,25190,752.0,752.0,79.7872340425532,79.7872340425532,12,66,24.0,132.0,,,108.0,108.0,81.81818181818183
GDN0027,TiltUp,68,68,68,25384,25384,25772,25772,25504,25500,25573,25594,788.0,788.0,76.14213197969544,76.14213197969544,69,94,138.0,188.0,,,50.0,50.0,26.595744680851062
GDN0027,TiltUp,70,70,70,26169,26169,26569,26569,26298,26292,,26379,800.0,800.0,75.0,75.0,,87,,174.0,c_point_nan,,,,
GDN0027,TiltUp,71,71,71,26569,26569,26962,26962,26698,26693,,26780,780.0,780.0,76.92307692307692,76.92307692307692,,87,,174.0,c_point_nan,,,,
GDN0027,TiltUp,72,72,72,26962,26962,27352,27352,27088,27083,,27174,778.0,778.0,77.12082262210797,77.12082262210797,,91,,182.0,c_point_nan,,,,
GDN0027,TiltUp,73,73,73,27352,27352,27733,27733,27477,27472,,27573,754.0,754.0,79.57559681697613,79.57559681697613,,101,,202.0,c_point_nan,,,,
GDN0027,TiltUp,74,74,74,27733,27733,28104,28104,27853,27848,,27939,734.0,734.0,81.74386920980926,81.74386920980926,,91,,182.0,c_point_nan,,,,
GDN0027,TiltUp,75,75,75,28104,28104,28467,28467,28220,28216,,28315,724.0,724.0,82.87292817679558,82.87292817679558,,99,,198.0,c_point_nan,,,,
GDN0027,TiltUp,76,76,76,28467,28467,28825,28825,28582,28577,,28662,710.0,710.0,84.50704225352113,84.50704225352113,,85,,170.0,c_point_nan,,,,
GDN0027,TiltUp,77,77,77,28825,28825,29182,29182,28937,28933,,29024,718.0,718.0,83.56545961002786,83.56545961002786,,91,,182.0,c_point_nan,,,,
GDN0027,TiltUp,78,78,78,29182,29182,29543,29543,29296,29292,,29368,724.0,724.0,82.87292817679558,82.87292817679558,,76,,152.0,c_point_nan,,,,
GDN0027,TiltUp,79,79,79,29543,29543,29905,29905,29658,29654,,29734,,,,,,80,,160.0,c_point_nan,,,,
GDN0027,TiltLevel,0,0,0,399,399,997,997,597,592,665,668,1196.0,1196.0,50.16722408026756,50.16722408026756,68,76,136.0,152.0,,,16.0,16.0,10.526315789473683
GDN0027,TiltLevel,1,1,1,997,997,1595,1595,1194,1189,1266,1248,1196.0,1196.0,50.16722408026756,50.16722408026756,72,59,144.0,118.0,,,-26.0,26.0,22.033898305084744
GDN0027,TiltLevel,2,2,2,1595,1595,2181,2181,1792,1787,1857,1875,1160.0,1160.0,51.724137931034484,51.724137931034484,65,88,130.0,176.0,,,46.0,46.0,26.136363636363637
GDN0027,TiltLevel,3,3,3,2181,2181,2769,2769,2372,2367,2450,2429,1184.0,1184.0,50.67567567567568,50.67567567567568,78,62,156.0,124.0,,,-32.0,32.0,25.806451612903224
GDN0027,TiltLevel,4,4,4,2769,2769,3351,3351,2964,2960,3035,3021,1154.0,1154.0,51.99306759098787,51.99306759098787,71,61,142.0,122.0,,,-20.0,20.0,16.39344262295082
GDN0027,TiltLevel,5,5,5,3351,3351,3934,3934,3541,3536,3610,3615,1172.0,1172.0,51.19453924914676,51.19453924914676,69,79,138.0,158.0,,,20.0,20.0,12.658227848101266
GDN0027,TiltLevel,6,6,6,3934,3934,4524,4524,4128,4123,4198,4183,1186.0,1186.0,50.59021922428331,50.59021922428331,70,60,140.0,120.0,,,-20.0,20.0,16.666666666666664
GDN0027,TiltLevel,7,7,7,4524,4524,5115,5115,4720,4716,4789,4792,1178.0,1178.0,50.93378607809847,50.93378607809847,69,76,138.0,152.0,,,14.0,14.0,9.210526315789473
GDN0027,TiltLevel,8,8,8,5115,5115,5686,5686,5309,5305,5382,5385,1124.0,1124.0,53.380782918149464,53.380782918149464,73,80,146.0,160.0,,,14.0,14.0,8.75
GDN0027,TiltLevel,9,9,9,5686,5686,6240,6240,5871,5866,5942,5921,1100.0,1100.0,54.54545454545454,54.54545454545454,71,55,142.0,110.0,,,-32.0,32.0,29.09090909090909
GDN0027,TiltLevel,10,10,10,6240,6240,6648,6648,6421,6416,6491,6493,660.0,660.0,90.9090909090909,90.9090909090909,70,77,140.0,154.0,,,14.0,14.0,9.090909090909092
GDN0027,TiltLevel,12,12,12,6909,6909,7349,7349,6976,6971,7049,7024,1110.0,1110.0,54.05405405405405,54.05405405405405,73,53,146.0,106.0,,,-40.0,40.0,37.735849056603776
GDN0027,TiltLevel,13,13,13,7349,7349,7915,7915,7532,7527,7604,7584,1144.0,1144.0,52.447552447552454,52.447552447552454,72,57,144.0,114.0,,,-30.0,30.0,26.31578947368421
GDN0027,TiltLevel,14,14,14,7915,7915,8511,8511,8103,8098,8174,8162,1218.0,1218.0,49.26108374384236,49.26108374384236,71,64,142.0,128.0,,,-14.0,14.0,10.9375
GDN0027,TiltLevel,15,15,15,8511,8511,9096,9096,8712,8707,8785,8780,1144.0,1144.0,52.447552447552454,52.447552447552454,73,73,146.0,146.0,,,0.0,0.0,0.0
GDN0027,TiltLevel,16,16,16,9096,9096,9670,9670,9285,9280,9357,9343,1150.0,1150.0,52.173913043478265,52.173913043478265,72,63,144.0,126.0,,,-18.0,18.0,14.285714285714285
GDN0027,TiltLevel,17,17,17,9670,9670,10256,10256,9859,9854,9929,9914,1186.0,1186.0,50.59021922428331,50.59021922428331,70,60,140.0,120.0,,,-20.0,20.0,16.666666666666664
GDN0027,TiltLevel,18,18,18,10256,10256,10848,10848,10452,10447,10525,10527,1180.0,1180.0,50.847457627118644,50.847457627118644,73,80,146.0,160.0,,,14.0,14.0,8.75
GDN0027,TiltLevel,19,19,19,10848,10848,11421,11421,11043,11038,11113,11112,1130.0,1130.0,53.09734513274337,53.09734513274337,70,74,140.0,148.0,,,8.0,8.0,5.405405405405405
GDN0027,TiltLevel,20,20,20,11421,11421,11990,11990,11607,11602,11677,11667,1142.0,1142.0,52.53940455341507,52.53940455341507,70,65,140.0,130.0,,,-10.0,10.0,7.6923076923076925
GDN0027,TiltLevel,21,21,21,11990,11990,12568,12568,12179,12174,12249,12248,1162.0,1162.0,51.63511187607573,51.63511187607573,70,74,140.0,148.0,,,8.0,8.0,5.405405405405405
GDN0027,TiltLevel,22,22,22,12568,12568,13131,13131,12760,12755,12830,12831,1108.0,1108.0,54.15162454873646,54.15162454873646,70,76,140.0,152.0,,,12.0,12.0,7.894736842105263
GDN0027,TiltLevel,23,23,23,13131,13131,13697,13697,13313,13308,13387,13389,1144.0,1144.0,52.447552447552454,52.447552447552454,74,81,148.0,162.0,,,14.0,14.0,8.641975308641975
GDN0027,TiltLevel,24,24,24,13697,13697,14289,14289,13885,13880,13956,13961,1206.0,1206.0,49.75124378109453,49.75124378109453,71,81,142.0,162.0,,,20.0,20.0,12.345679012345679
GDN0027,TiltLevel,25,25,25,14289,14289,14870,14870,14488,14484,14560,14560,1140.0,1140.0,52.631578947368425,52.631578947368425,72,76,144.0,152.0,,,8.0,8.0,5.263157894736842
GDN0027,TiltLevel,26,26,26,14870,14870,15449,15449,15059,15054,15129,15120,1166.0,1166.0,51.45797598627787,51.45797598627787,70,66,140.0,132.0,,,-8.0,8.0,6.0606060606060606
GDN0027,TiltLevel,27,27,27,15449,15449,16040,16040,15641,15637,15711,15716,1190.0,1190.0,50.420168067226896,50.420168067226896,70,79,140.0,158.0,,,18.0,18.0,11.39240506329114
GDN0027,TiltLevel,28,28,28,16040,16040,16611,16611,16236,16231,16305,16316,1118.0,1118.0,53.66726296958855,53.66726296958855,69,85,138.0,170.0,,,32.0,32.0,18.823529411764707
GDN0027,TiltLevel,29,29,29,16611,16611,17155,17155,16795,16790,16866,16851,1070.0,1070.0,56.074766355140184,56.074766355140184,71,61,142.0,122.0,,,-20.0,20.0,16.39344262295082
GDN0027,TiltLevel,30,30,30,17155,17155,17716,17716,17331,17326,17399,17414,1152.0,1152.0,52.083333333333336,52.083333333333336,68,88,136.0,176.0,,,40.0,40.0,22.727272727272727
GDN0027,TiltLevel,31,31,31,17716,17716,18295,18295,17907,17902,17978,17974,1160.0,1160.0,51.724137931034484,51.724137931034484,71,72,142.0,144.0,,,2.0,2.0,1.3888888888888888
GDN0027,TiltLevel,32,32,32,18295,18295,18848,18848,18487,18482,18559,18565,1076.0,1076.0,55.762081784386616,55.762081784386616,72,83,144.0,166.0,,,22.0,22.0,13.253012048192772
GDN0027,TiltLevel,33,33,33,18848,18848,19386,19386,19024,19020,19097,19085,1078.0,1078.0,55.65862708719851,55.65862708719851,73,65,146.0,130.0,,,-16.0,16.0,12.307692307692308
GDN0027,TiltLevel,34,34,34,19386,19386,19952,19952,19563,19558,19636,19625,1160.0,1160.0,51.724137931034484,51.724137931034484,73,67,146.0,134.0,,,-12.0,12.0,8.955223880597014
GDN0027,TiltLevel,35,35,35,19952,19952,20526,20526,20143,20138,20214,20206,1142.0,1142.0,52.53940455341507,52.53940455341507,71,68,142.0,136.0,,,-6.0,6.0,4.411764705882353
GDN0027,TiltLevel,36,36,36,20526,20526,20991,20991,20715,20710,20785,20778,814.0,814.0,73.71007371007371,73.71007371007371,70,68,140.0,136.0,,,-4.0,4.0,2.941176470588235
GDN0027,TiltLevel,39,39,39,21641,21641,22174,22174,21812,21807,21882,21881,1078.0,1078.0,55.65862708719851,55.65862708719851,70,74,140.0,148.0,,,8.0,8.0,5.405405405405405
GDN0027,TiltLevel,40,40,40,22174,22174,22703,22703,22352,22347,22424,22409,1046.0,1046.0,57.36137667304015,57.36137667304015,72,62,144.0,124.0,,,-20.0,20.0,16.129032258064516
GDN0027,TiltLevel,41,41,41,22703,22703,23257,23257,22874,22869,22943,22964,1142.0,1142.0,52.53940455341507,52.53940455341507,69,95,138.0,190.0,,,52.0,52.0,27.368421052631582
GDN0027,TiltLevel,42,42,42,23257,23257,23858,23858,23445,23440,23514,23532,1234.0,1234.0,48.62236628849271,48.62236628849271,69,92,138.0,184.0,,,46.0,46.0,25.0
GDN0027,TiltLevel,43,43,43,23858,23858,24461,24461,24062,24057,24135,24137,1192.0,1192.0,50.33557046979866,50.33557046979866,73,80,146.0,160.0,,,14.0,14.0,8.75
GDN0027,TiltLevel,44,44,44,24461,24461,25092,25092,24658,24653,24729,24739,1298.0,1298.0,46.22496147919877,46.22496147919877,71,86,142.0,172.0,,,30.0,30.0,17.441860465116278
GDN0027,TiltLevel,45,45,45,25092,25092,25719,25719,25308,25303,25381,25384,1232.0,1232.0,48.701298701298704,48.701298701298704,73,81,146.0,162.0,,,16.0,16.0,9.876543209876543
GDN0027,TiltLevel,46,46,46,25719,25719,26300,26300,25923,25918,25997,26025,1124.0,1124.0,53.380782918149464,53.380782918149464,74,107,148.0,214.0,,,66.0,66.0,30.8411214953271
GDN0027,TiltLevel,47,47,47,26300,26300,26852,26852,26486,26481,26558,26558,1092.0,1092.0,54.94505494505494,54.94505494505494,72,77,144.0,154.0,,,10.0,10.0,6.493506493506493
GDN0027,TiltLevel,48,48,48,26852,26852,27412,27412,27031,27026,27104,27106,1136.0,1136.0,52.81690140845071,52.81690140845071,73,80,146.0,160.0,,,14.0,14.0,8.75
GDN0027,TiltLevel,49,49,49,27412,27412,28016,28016,27599,27594,27672,27681,1246.0,1246.0,48.154093097913325,48.154093097913325,73,87,146.0,174.0,,,28.0,28.0,16.091954022988507
GDN0027,TiltLevel,50,50,50,28016,28016,28604,28604,28222,28217,28293,28295,1138.0,1138.0,52.72407732864675,52.72407732864675,71,78,142.0,156.0,,,14.0,14.0,8.974358974358974
GDN0027,TiltLevel,51,51,51,28604,28604,29174,29174,28791,28787,28863,28846,1140.0,1140.0,52.631578947368425,52.631578947368425,72,59,144.0,118.0,,,-26.0,26.0,22.033898305084744
GDN0027,TiltLevel,52,52,52,29174,29174,29747,29747,29362,29357,29435,29441,1150.0,1150.0,52.173913043478265,52.173913043478265,73,84,146.0,168.0,,,22.0,22.0,13.095238095238097
GDN0028,Pause,0,0,0,397,397,1019,1019,603,597,671,682,1244.0,1244.0,48.231511254019296,48.231511254019296,68,85,136.0,170.0,,,34.0,34.0,20.0
GDN0028,Pause,1,1,1,1019,1019,1647,1647,1224,1219,1295,1299,1262.0,1262.0,47.543581616481774,47.543581616481774,71,80,142.0,160.0,,,18.0,18.0,11.25
GDN0028,Pause,2,2,2,1647,1647,2285,2285,1855,1850,1926,1941,1282.0,1282.0,46.80187207488299,46.80187207488299,71,91,142.0,182.0,,,40.0,40.0,21.978021978021978
GDN0028,Pause,3,3,3,2285,2285,2906,2906,2496,2490,2564,2542,1222.0,1222.0,49.09983633387889,49.09983633387889,68,52,136.0,104.0,,,-32.0,32.0,30.76923076923077
GDN0028,Pause,4,4,4,2906,2906,3493,3493,3107,3101,3176,3180,1148.0,1148.0,52.264808362369344,52.264808362369344,69,79,138.0,158.0,,,20.0,20.0,12.658227848101266
GDN0028,Pause,5,5,5,3493,3493,4033,4033,3682,3676,3751,3753,1044.0,1044.0,57.47126436781609,57.47126436781609,69,77,138.0,154.0,,,16.0,16.0,10.38961038961039
GDN0028,Pause,6,6,6,4033,4033,4526,4526,4204,4199,4276,4283,954.0,954.0,62.89308176100629,62.89308176100629,72,84,144.0,168.0,,,24.0,24.0,14.285714285714285
GDN0028,Pause,7,7,7,4526,4526,5008,5008,4680,4675,4752,4754,968.0,968.0,61.98347107438017,61.98347107438017,72,79,144.0,158.0,,,14.0,14.0,8.860759493670885
GDN0028,Pause,8,8,8,5008,5008,5676,5676,5165,5159,5236,5241,1534.0,1534.0,39.113428943937414,39.113428943937414,71,82,142.0,164.0,,,22.0,22.0,13.414634146341465
GDN0028,Pause,9,9,9,5676,5676,6359,6359,5931,5925,6003,5989,1276.0,1276.0,47.02194357366771,47.02194357366771,72,64,144.0,128.0,,,-16.0,16.0,12.5
GDN0028,Pause,10,10,10,6359,6359,6921,6921,6570,6564,6641,6621,1044.0,1044.0,57.47126436781609,57.47126436781609,71,57,142.0,114.0,,,-28.0,28.0,24.561403508771928
GDN0028,Pause,11,11,11,6921,6921,7426,7426,7092,7087,7165,7170,990.0,990.0,60.60606060606061,60.60606060606061,73,83,146.0,166.0,,,20.0,20.0,12.048192771084338
GDN0028,Pause,12,12,12,7426,7426,7925,7925,7586,7581,7658,7644,1002.0,1002.0,59.880239520958085,59.880239520958085,72,63,144.0,126.0,,,-18.0,18.0,14.285714285714285
GDN0028,Pause,13,13,13,7925,7925,8455,8455,8087,8082,8161,8126,1092.0,1092.0,54.94505494505494,54.94505494505494,74,44,148.0,88.0,,,-60.0,60.0,68.18181818181817
GDN0028,Pause,14,14,14,8455,8455,8950,8950,8632,8627,8705,8689,934.0,934.0,64.23982869379014,64.23982869379014,73,62,146.0,124.0,,,-22.0,22.0,17.741935483870968
GDN0028,Pause,15,15,15,8950,8950,9412,9412,9099,9094,9172,9170,920.0,920.0,65.21739130434783,65.21739130434783,73,76,146.0,152.0,,,6.0,6.0,3.9473684210526314
GDN0028,Pause,16,16,16,9412,9412,9991,9991,9560,9555,9630,9637,1286.0,1286.0,46.65629860031104,46.65629860031104,70,82,140.0,164.0,,,24.0,24.0,14.634146341463413
GDN0028,Pause,17,17,17,9991,9991,10558,10558,10203,10198,10271,10249,1052.0,1052.0,57.03422053231939,57.03422053231939,68,51,136.0,102.0,,,-34.0,34.0,33.33333333333333
GDN0028,Pause,18,18,18,10558,10558,11079,11079,10729,10724,10800,10761,1036.0,1036.0,57.915057915057915,57.915057915057915,71,37,142.0,74.0,,,-68.0,68.0,91.8918918918919
GDN0028,Pause,19,19,19,11079,11079,11597,11597,11248,11243,11318,11331,1036.0,1036.0,57.915057915057915,57.915057915057915,70,88,140.0,176.0,,,36.0,36.0,20.454545454545457
GDN0028,Pause,20,20,20,11597,11597,12149,12149,11765,11760,11835,11800,1142.0,1142.0,52.53940455341507,52.53940455341507,70,40,140.0,80.0,,,-60.0,60.0,75.0
GDN0028,Pause,21,21,21,12149,12149,12747,12747,12335,12330,12404,12392,1224.0,1224.0,49.01960784313726,49.01960784313726,69,62,138.0,124.0,,,-14.0,14.0,11.29032258064516
GDN0028,Pause,22,22,22,12747,12747,13332,13332,12948,12943,13015,12999,1140.0,1140.0,52.631578947368425,52.631578947368425,67,56,134.0,112.0,,,-22.0,22.0,19.642857142857142
GDN0028,Pause,23,23,23,13332,13332,13880,13880,13518,13512,13586,13592,1074.0,1074.0,55.865921787709496,55.865921787709496,68,80,136.0,160.0,,,24.0,24.0,15.0
GDN0028,Pause,24,24,24,13880,13880,14407,14407,14055,14050,14121,14135,1044.0,1044.0,57.47126436781609,57.47126436781609,66,85,132.0,170.0,,,38.0,38.0,22.35294117647059
GDN0028,Pause,25,25,25,14407,14407,14914,14914,14578,14572,14647,14647,996.0,996.0,60.24096385542169,60.24096385542169,69,75,138.0,150.0,,,12.0,12.0,8.0
GDN0028,Pause,26,26,26,14914,14914,15409,15409,15076,15070,15146,15150,988.0,988.0,60.72874493927126,60.72874493927126,70,80,140.0,160.0,,,20.0,20.0,12.5
GDN0028,Pause,27,27,27,15409,15409,15903,15903,15570,15565,15638,15642,988.0,988.0,60.72874493927126,60.72874493927126,68,77,136.0,154.0,,,18.0,18.0,11.688311688311687
GDN0028,Pause,28,28,28,15903,15903,16415,16415,16064,16059,16133,16140,1044.0,1044.0,57.47126436781609,57.47126436781609,69,81,138.0,162.0,,,24.0,24.0,14.814814814814813
GDN0028,Pause,29,29,29,16415,16415,16986,16986,16585,16579,16653,16657,1194.0,1194.0,50.25125628140704,50.25125628140704,68,78,136.0,156.0,,,20.0,20.0,12.82051282051282
GDN0028,Pause,30,30,30,16986,16986,17579,17579,17182,17176,17251,17237,1182.0,1182.0,50.76142131979696,50.76142131979696,69,61,138.0,122.0,,,-16.0,16.0,13.114754098360656
GDN0028,Pause,31,31,31,17579,17579,18148,18148,17773,17768,17841,17822,1114.0,1114.0,53.85996409335726,53.85996409335726,68,54,136.0,108.0,,,-28.0,28.0,25.925925925925924
GDN0028,Pause,32,32,32,18148,18148,18686,18686,18331,18325,18399,18402,1054.0,1054.0,56.92599620493358,56.92599620493358,68,77,136.0,154.0,,,18.0,18.0,11.688311688311687
GDN0028,Pause,33,33,33,18686,18686,19192,19192,18858,18853,18929,18937,990.0,990.0,60.60606060606061,60.60606060606061,71,84,142.0,168.0,,,26.0,26.0,15.476190476190476
GDN0028,Pause,34,34,34,19192,19192,19680,19680,19352,19347,19421,19417,970.0,970.0,61.855670103092784,61.855670103092784,69,70,138.0,140.0,,,2.0,2.0,1.4285714285714286
GDN0028,Pause,35,35,35,19680,19680,20190,20190,19837,19832,19904,19910,1046.0,1046.0,57.36137667304015,57.36137667304015,67,78,134.0,156.0,,,22.0,22.0,14.102564102564102
GDN0028,Pause,36,36,36,20190,20190,20754,20754,20360,20354,20430,20401,1172.0,1172.0,51.19453924914676,51.19453924914676,70,47,140.0,94.0,,,-46.0,46.0,48.93617021276596
GDN0028,Pause,37,37,37,20754,20754,21329,21329,20946,20940,21015,21011,1138.0,1138.0,52.72407732864675,52.72407732864675,69,71,138.0,142.0,,,4.0,4.0,2.8169014084507045
GDN0028,Pause,38,38,38,21329,21329,21887,21887,21516,21510,21583,21566,1104.0,1104.0,54.347826086956516,54.347826086956516,67,56,134.0,112.0,,,-22.0,22.0,19.642857142857142
GDN0028,Pause,39,39,39,21887,21887,22434,22434,22068,22062,22135,22119,1090.0,1090.0,55.04587155963302,55.04587155963302,67,57,134.0,114.0,,,-20.0,20.0,17.543859649122805
GDN0028,Pause,40,40,40,22434,22434,22966,22966,22613,22607,22681,22687,1050.0,1050.0,57.14285714285714,57.14285714285714,68,80,136.0,160.0,,,24.0,24.0,15.0
GDN0028,Pause,41,41,41,22966,22966,23476,23476,23138,23132,23207,23201,1002.0,1002.0,59.880239520958085,59.880239520958085,69,69,138.0,138.0,,,0.0,0.0,0.0
GDN0028,Pause,42,42,42,23476,23476,23968,23968,23639,23633,23708,23706,974.0,974.0,61.601642710472284,61.601642710472284,69,73,138.0,146.0,,,8.0,8.0,5.47945205479452
GDN0028,Pause,43,43,43,23968,23968,24447,24447,24126,24120,24194,24201,952.0,952.0,63.02521008403362,63.02521008403362,68,81,136.0,162.0,,,26.0,26.0,16.049382716049383
GDN0028,Pause,44,44,44,24447,24447,24940,24940,24601,24596,24669,24649,1004.0,1004.0,59.7609561752988,59.7609561752988,68,53,136.0,106.0,,,-30.0,30.0,28.30188679245283
GDN0028,Pause,45,45,45,24940,24940,25450,25450,25103,25098,25171,25180,1028.0,1028.0,58.36575875486381,58.36575875486381,68,82,136.0,164.0,,,28.0,28.0,17.073170731707318
GDN0028,Pause,46,46,46,25450,25450,25957,25957,25617,25613,25684,25683,1006.0,1006.0,59.642147117296226,59.642147117296226,67,70,134.0,140.0,,,6.0,6.0,4.285714285714286
GDN0028,Pause,47,47,47,25957,25957,26511,26511,26120,26116,26187,26188,1164.0,1164.0,51.54639175257732,51.54639175257732,67,72,134.0,144.0,,,10.0,10.0,6.944444444444445
GDN0028,Pause,48,48,48,26511,26511,27092,27092,26703,26698,26769,26754,1160.0,1160.0,51.724137931034484,51.724137931034484,66,56,132.0,112.0,,,-20.0,20.0,17.857142857142858
GDN0028,Pause,49,49,49,27092,27092,27669,27669,27283,27278,27350,27334,1152.0,1152.0,52.083333333333336,52.083333333333336,67,56,134.0,112.0,,,-22.0,22.0,19.642857142857142
GDN0028,Pause,50,50,50,27669,27669,28244,28244,27858,27853,27927,27905,1148.0,1148.0,52.264808362369344,52.264808362369344,69,52,138.0,104.0,,,-34.0,34.0,32.69230769230769
GDN0028,Pause,51,51,51,28244,28244,28800,28800,28432,28426,28500,28484,1092.0,1092.0,54.94505494505494,54.94505494505494,68,58,136.0,116.0,,,-20.0,20.0,17.24137931034483
GDN0028,Pause,52,52,52,28800,28800,29326,29326,28978,28973,29048,29045,1032.0,1032.0,58.13953488372093,58.13953488372093,70,72,140.0,144.0,,,4.0,4.0,2.7777777777777777
GDN0028,Pause,53,53,53,29326,29326,29787,29787,29495,29489,29563,29577,862.0,862.0,69.60556844547564,69.60556844547564,68,88,136.0,176.0,,,40.0,40.0,22.727272727272727
GDN0028,Valsalva,0,0,0,240,240,853,853,442,437,513,506,1226.0,1226.0,48.939641109298535,48.939641109298535,71,69,142.0,138.0,,,-4.0,4.0,2.898550724637681
GDN0028,Valsalva,1,1,1,853,853,1458,1458,1055,1049,1123,1116,1200.0,1200.0,50.0,50.0,68,67,136.0,134.0,,,-2.0,2.0,1.4925373134328357
GDN0028,Valsalva,2,2,2,1458,1458,2072,2072,1655,1650,1721,1720,1242.0,1242.0,48.309178743961354,48.309178743961354,66,70,132.0,140.0,,,8.0,8.0,5.714285714285714
GDN0028,Valsalva,3,3,3,2072,2072,2684,2684,2276,2271,2342,2360,1214.0,1214.0,49.423393739703464,49.423393739703464,66,89,132.0,178.0,,,46.0,46.0,25.842696629213485
GDN0028,Valsalva,4,4,4,2684,2684,3294,3294,2883,2877,2952,2938,1224.0,1224.0,49.01960784313726,49.01960784313726,69,61,138.0,122.0,,,-16.0,16.0,13.114754098360656
GDN0028,Valsalva,5,5,5,3294,3294,3895,3895,3496,3490,3566,3571,1190.0,1190.0,50.420168067226896,50.420168067226896,70,81,140.0,162.0,,,22.0,22.0,13.580246913580247
GDN0028,Valsalva,6,6,6,3895,3895,4485,4485,4090,4085,4154,4168,1176.0,1176.0,51.02040816326531,51.02040816326531,64,83,128.0,166.0,,,38.0,38.0,22.89156626506024
GDN0028,Valsalva,7,7,7,4485,4485,5095,5095,4678,4672,4749,4749,1244.0,1244.0,48.231511254019296,48.231511254019296,71,77,142.0,154.0,,,12.0,12.0,7.792207792207792
GDN0028,Valsalva,8,8,8,5095,5095,5690,5690,5300,5295,5368,5393,1160.0,1160.0,51.724137931034484,51.724137931034484,68,98,136.0,196.0,,,60.0,60.0,30.612244897959183
GDN0028,Valsalva,9,9,9,5690,5690,6234,6234,5880,5875,5955,5963,1048.0,1048.0,57.25190839694656,57.25190839694656,75,88,150.0,176.0,,,26.0,26.0,14.772727272727273
GDN0028,Valsalva,10,10,10,6234,6234,6789,6789,6404,6400,6470,6462,1144.0,1144.0,52.447552447552454,52.447552447552454,66,62,132.0,124.0,,,-8.0,8.0,6.451612903225806
GDN0028,Valsalva,11,11,11,6789,6789,7408,7408,6976,6971,7041,7040,1290.0,1290.0,46.51162790697674,46.51162790697674,65,69,130.0,138.0,,,8.0,8.0,5.797101449275362
GDN0028,Valsalva,12,12,12,7408,7408,8009,8009,7621,7616,7690,7687,1154.0,1154.0,51.99306759098787,51.99306759098787,69,71,138.0,142.0,,,4.0,4.0,2.8169014084507045
GDN0028,Valsalva,13,13,13,8009,8009,8550,8550,8198,8193,8261,8266,1042.0,1042.0,57.58157389635316,57.58157389635316,63,73,126.0,146.0,,,20.0,20.0,13.698630136986301
GDN0028,Valsalva,14,14,14,8550,8550,9065,9065,8719,8714,8791,8788,1026.0,1026.0,58.47953216374269,58.47953216374269,72,74,144.0,148.0,,,4.0,4.0,2.7027027027027026
GDN0028,Valsalva,15,15,15,9065,9065,9583,9583,9232,9227,9300,9309,1040.0,1040.0,57.69230769230769,57.69230769230769,68,82,136.0,164.0,,,28.0,28.0,17.073170731707318
GDN0028,Valsalva,16,16,16,9583,9583,10189,10189,9752,9747,9821,9838,1304.0,1304.0,46.012269938650306,46.012269938650306,69,91,138.0,182.0,,,44.0,44.0,24.175824175824175
GDN0028,Valsalva,17,17,17,10189,10189,10826,10826,10404,10399,10473,10476,1258.0,1258.0,47.69475357710652,47.69475357710652,69,77,138.0,154.0,,,16.0,16.0,10.38961038961039
GDN0028,Valsalva,18,18,18,10826,10826,11379,11379,11033,11028,11099,11119,1024.0,1024.0,58.59375,58.59375,66,91,132.0,182.0,,,50.0,50.0,27.472527472527474
GDN0028,Valsalva,19,19,19,11379,11379,11875,11875,11546,11540,11611,11628,974.0,974.0,61.601642710472284,61.601642710472284,65,88,130.0,176.0,,,46.0,46.0,26.136363636363637
GDN0028,Valsalva,20,20,20,11875,11875,12380,12380,12033,12027,12103,12113,1030.0,1030.0,58.252427184466015,58.252427184466015,70,86,140.0,172.0,,,32.0,32.0,18.6046511627907
GDN0028,Valsalva,21,21,21,12380,12380,13030,13030,12547,12542,12618,12621,1446.0,1446.0,41.49377593360996,41.49377593360996,71,79,142.0,158.0,,,16.0,16.0,10.126582278481013
GDN0028,Valsalva,22,22,22,13030,13030,13698,13698,13270,13265,13336,13355,1278.0,1278.0,46.948356807511736,46.948356807511736,66,90,132.0,180.0,,,48.0,48.0,26.666666666666668
GDN0028,Valsalva,23,23,23,13698,13698,14349,14349,13910,13904,13979,13966,1314.0,1314.0,45.662100456621005,45.662100456621005,69,62,138.0,124.0,,,-14.0,14.0,11.29032258064516
GDN0028,Valsalva,24,24,24,14349,14349,15010,15010,14566,14561,14636,14619,1326.0,1326.0,45.24886877828054,45.24886877828054,70,58,140.0,116.0,,,-24.0,24.0,20.689655172413794
GDN0028,Valsalva,25,25,25,15010,15010,15616,15616,15229,15223,15298,15277,1152.0,1152.0,52.083333333333336,52.083333333333336,69,54,138.0,108.0,,,-30.0,30.0,27.77777777777778
GDN0028,Valsalva,26,26,26,15616,15616,16153,16153,15806,15801,15875,15886,1032.0,1032.0,58.13953488372093,58.13953488372093,69,85,138.0,170.0,,,32.0,32.0,18.823529411764707
GDN0028,Valsalva,27,27,27,16153,16153,16650,16650,16322,16316,16390,16403,972.0,972.0,61.7283950617284,61.7283950617284,68,87,136.0,174.0,,,38.0,38.0,21.839080459770116
GDN0028,Valsalva,28,28,28,16650,16650,17135,17135,16808,16802,16878,16857,970.0,970.0,61.855670103092784,61.855670103092784,70,55,140.0,110.0,,,-30.0,30.0,27.27272727272727
GDN0028,Valsalva,29,29,29,17135,17135,17659,17659,17292,17287,17361,17336,1090.0,1090.0,55.04587155963302,55.04587155963302,69,49,138.0,98.0,,,-40.0,40.0,40.816326530612244
GDN0028,Valsalva,30,30,30,17659,17659,18293,18293,17837,17832,17903,17910,1364.0,1364.0,43.988269794721404,43.988269794721404,66,78,132.0,156.0,,,24.0,24.0,15.384615384615385
GDN0028,Valsalva,31,31,31,18293,18293,18930,18930,18519,18513,18583,18585,1226.0,1226.0,48.939641109298535,48.939641109298535,64,72,128.0,144.0,,,16.0,16.0,11.11111111111111
GDN0028,Valsalva,32,32,32,18930,18930,19448,19448,19132,19126,19201,19187,932.0,932.0,64.37768240343347,64.37768240343347,69,61,138.0,122.0,,,-16.0,16.0,13.114754098360656
GDN0028,Valsalva,33,33,33,19448,19448,19876,19876,19599,19593,19666,19677,816.0,816.0,73.52941176470588,73.52941176470588,67,84,134.0,168.0,,,34.0,34.0,20.238095238095237
GDN0028,Valsalva,34,34,34,19876,19876,20396,20396,20007,20001,20076,20085,1160.0,1160.0,51.724137931034484,51.724137931034484,69,84,138.0,168.0,,,30.0,30.0,17.857142857142858
GDN0028,Valsalva,35,35,35,20396,20396,20918,20918,20586,20581,20647,20664,982.0,982.0,61.09979633401222,61.09979633401222,61,83,122.0,166.0,,,44.0,44.0,26.506024096385545
GDN0028,Valsalva,36,36,36,20918,20918,21404,21404,21077,21072,21148,21132,966.0,966.0,62.11180124223603,62.11180124223603,71,60,142.0,120.0,,,-22.0,22.0,18.333333333333332
GDN0028,Valsalva,37,37,37,21404,21404,21892,21892,21560,21554,21626,21637,982.0,982.0,61.09979633401222,61.09979633401222,66,83,132.0,166.0,,,34.0,34.0,20.481927710843372
GDN0028,Valsalva,38,38,38,21892,21892,22399,22399,22051,22046,22119,22123,1032.0,1032.0,58.13953488372093,58.13953488372093,68,77,136.0,154.0,,,18.0,18.0,11.688311688311687
GDN0028,Valsalva,39,39,39,22399,22399,22877,22877,22568,22562,22634,22653,914.0,914.0,65.64551422319475,65.64551422319475,66,91,132.0,182.0,,,50.0,50.0,27.472527472527474
GDN0028,Valsalva,40,40,40,22877,22877,23304,23304,23024,23020,23095,23099,822.0,822.0,72.99270072992701,72.99270072992701,71,79,142.0,158.0,,,16.0,16.0,10.126582278481013
GDN0028,Valsalva,41,41,41,23304,23304,23710,23710,23436,23430,23505,23478,806.0,806.0,74.44168734491315,74.44168734491315,69,48,138.0,96.0,,,-42.0,42.0,43.75
GDN0028,Valsalva,42,42,42,23710,23710,24127,24127,23838,23833,23909,23908,848.0,848.0,70.75471698113208,70.75471698113208,71,75,142.0,150.0,,,8.0,8.0,5.333333333333334
GDN0028,Valsalva,43,43,43,24127,24127,24586,24586,24263,24256,24325,24314,956.0,956.0,62.761506276150634,62.761506276150634,62,58,124.0,116.0,,,-8.0,8.0,6.896551724137931
GDN0028,Valsalva,44,44,44,24586,24586,25060,25060,24740,24735,24805,24816,946.0,946.0,63.42494714587738,63.42494714587738,65,81,130.0,162.0,,,32.0,32.0,19.753086419753085
GDN0028,Valsalva,45,45,45,25060,25060,25521,25521,25213,25208,25271,25288,908.0,908.0,66.07929515418502,66.07929515418502,58,80,116.0,160.0,,,44.0,44.0,27.500000000000004
GDN0028,Valsalva,46,46,46,25521,25521,25963,25963,25668,25663,25740,25746,870.0,870.0,68.96551724137932,68.96551724137932,72,83,144.0,166.0,,,22.0,22.0,13.253012048192772
GDN0028,Valsalva,47,47,47,25963,25963,26391,26391,26103,26098,26170,26178,848.0,848.0,70.75471698113208,70.75471698113208,67,80,134.0,160.0,,,26.0,26.0,16.25
GDN0028,Valsalva,48,48,48,26391,26391,26805,26805,26527,26522,26606,26615,818.0,818.0,73.34963325183375,73.34963325183375,79,93,158.0,186.0,,,28.0,28.0,15.053763440860216
GDN0028,Valsalva,49,49,49,26805,26805,27211,27211,26936,26932,27006,27016,808.0,808.0,74.25742574257426,74.25742574257426,70,84,140.0,168.0,,,28.0,28.0,16.666666666666664
GDN0028,Valsalva,50,50,50,27211,27211,27612,27612,27341,27336,27404,27424,800.0,800.0,75.0,75.0,63,88,126.0,176.0,,,50.0,50.0,28.40909090909091
GDN0028,Valsalva,51,51,51,27612,27612,28002,28002,27740,27735,27811,27830,770.0,770.0,77.92207792207792,77.92207792207792,71,95,142.0,190.0,,,48.0,48.0,25.263157894736842
GDN0028,Valsalva,52,52,52,28002,28002,28376,28376,28125,28120,28198,28193,734.0,734.0,81.74386920980926,81.74386920980926,73,73,146.0,146.0,,,0.0,0.0,0.0
GDN0028,Valsalva,53,53,53,28376,28376,28735,28735,28493,28487,28557,28568,710.0,710.0,84.50704225352113,84.50704225352113,64,81,128.0,162.0,,,34.0,34.0,20.98765432098765
GDN0028,Valsalva,54,54,54,28735,28735,29084,29084,28847,28842,28918,28942,692.0,692.0,86.70520231213874,86.70520231213874,71,100,142.0,200.0,,,58.0,58.0,28.999999999999996
GDN0028,Valsalva,55,55,55,29084,29084,29425,29425,29194,29188,29268,29281,676.0,676.0,88.75739644970413,88.75739644970413,74,93,148.0,186.0,,,38.0,38.0,20.43010752688172
GDN0028,Valsalva,56,56,56,29425,29425,29761,29761,29532,29526,29602,29626,672.0,672.0,89.28571428571428,89.28571428571428,70,100,140.0,200.0,,,60.0,60.0,30.0
GDN0028,HoldingBreath,0,0,0,205,205,657,657,350,345,412,417,904.0,904.0,66.3716814159292,66.3716814159292,62,72,124.0,144.0,,,20.0,20.0,13.88888888888889
GDN0028,HoldingBreath,1,1,1,657,657,1077,1077,802,796,867,874,806.0,806.0,74.44168734491315,74.44168734491315,65,78,130.0,156.0,,,26.0,26.0,16.666666666666664
GDN0028,HoldingBreath,2,2,2,1077,1077,1451,1451,1206,1200,1272,1288,718.0,718.0,83.56545961002786,83.56545961002786,66,88,132.0,176.0,,,44.0,44.0,25.0
GDN0028,HoldingBreath,3,3,3,1451,1451,1796,1796,1566,1559,1636,1627,674.0,674.0,89.02077151335311,89.02077151335311,70,68,140.0,136.0,,,-4.0,4.0,2.941176470588235
GDN0028,HoldingBreath,4,4,4,1796,1796,2136,2136,1902,1896,1972,1978,682.0,682.0,87.97653958944281,87.97653958944281,70,82,140.0,164.0,,,24.0,24.0,14.634146341463413
GDN0028,HoldingBreath,5,5,5,2136,2136,2485,2485,2242,2237,2312,2335,708.0,708.0,84.74576271186442,84.74576271186442,70,98,140.0,196.0,,,56.0,56.0,28.57142857142857
GDN0028,HoldingBreath,6,6,6,2485,2485,2836,2836,2597,2591,2664,2673,700.0,700.0,85.71428571428572,85.71428571428572,67,82,134.0,164.0,,,30.0,30.0,18.29268292682927
GDN0028,HoldingBreath,7,7,7,2836,2836,3179,3179,2946,2941,3011,3030,678.0,678.0,88.49557522123894,88.49557522123894,65,89,130.0,178.0,,,48.0,48.0,26.96629213483146
GDN0028,HoldingBreath,8,8,8,3179,3179,3706,3706,3286,3280,3356,3366,1254.0,1254.0,47.84688995215311,47.84688995215311,70,86,140.0,172.0,,,32.0,32.0,18.6046511627907
GDN0028,HoldingBreath,9,9,9,3706,3706,4217,4217,3912,3907,3976,3976,898.0,898.0,66.81514476614699,66.81514476614699,64,69,128.0,138.0,,,10.0,10.0,7.246376811594203
GDN0028,HoldingBreath,10,10,10,4217,4217,4648,4648,4363,4357,4427,4440,844.0,844.0,71.09004739336493,71.09004739336493,64,83,128.0,166.0,,,38.0,38.0,22.89156626506024
GDN0028,HoldingBreath,11,11,11,4648,4648,5044,5044,4784,4778,4848,4830,764.0,764.0,78.53403141361257,78.53403141361257,64,52,128.0,104.0,,,-24.0,24.0,23.076923076923077
GDN0028,HoldingBreath,12,12,12,5044,5044,5570,5570,5165,5160,5233,5230,1206.0,1206.0,49.75124378109453,49.75124378109453,68,70,136.0,140.0,,,4.0,4.0,2.857142857142857
GDN0028,HoldingBreath,13,13,13,5570,5570,6083,6083,5768,5763,5836,5824,928.0,928.0,64.6551724137931,64.6551724137931,68,61,136.0,122.0,,,-14.0,14.0,11.475409836065573
GDN0028,HoldingBreath,14,14,14,6083,6083,6524,6524,6233,6227,6297,6275,860.0,860.0,69.76744186046511,69.76744186046511,64,48,128.0,96.0,,,-32.0,32.0,33.33333333333333
GDN0028,HoldingBreath,15,15,15,6524,6524,6942,6942,6662,6657,6726,6741,820.0,820.0,73.17073170731707,73.17073170731707,64,84,128.0,168.0,,,40.0,40.0,23.809523809523807
GDN0028,HoldingBreath,16,16,16,6942,6942,7354,7354,7072,7067,7136,7113,828.0,828.0,72.46376811594203,72.46376811594203,64,46,128.0,92.0,,,-36.0,36.0,39.130434782608695
GDN0028,HoldingBreath,17,17,17,7354,7354,7855,7855,7486,7481,7551,7518,1094.0,1094.0,54.84460694698354,54.84460694698354,65,37,130.0,74.0,,,-56.0,56.0,75.67567567567568
GDN0028,HoldingBreath,18,18,18,7855,7855,8413,8413,8033,8028,8096,8092,1130.0,1130.0,53.09734513274337,53.09734513274337,63,64,126.0,128.0,,,2.0,2.0,1.5625
GDN0028,HoldingBreath,19,19,19,8413,8413,8930,8930,8598,8592,8661,8658,980.0,980.0,61.224489795918366,61.224489795918366,63,66,126.0,132.0,,,6.0,6.0,4.545454545454546
GDN0028,HoldingBreath,20,20,20,8930,8930,9329,9329,9088,9083,9154,9161,702.0,702.0,85.47008547008548,85.47008547008548,66,78,132.0,156.0,,,24.0,24.0,15.384615384615385
GDN0028,HoldingBreath,21,21,21,9329,9329,9761,9761,9446,9505,9546,9541,950.0,950.0,63.15789473684211,63.15789473684211,100,36,200.0,72.0,,,-128.0,128.0,177.77777777777777
GDN0028,HoldingBreath,22,22,22,9761,9761,10159,10159,9914,9909,9979,9963,714.0,714.0,84.03361344537815,84.03361344537815,65,54,130.0,108.0,,,-22.0,22.0,20.37037037037037
GDN0028,HoldingBreath,23,23,23,10159,10159,10515,10515,10272,10266,10333,10348,710.0,710.0,84.50704225352113,84.50704225352113,61,82,122.0,164.0,,,42.0,42.0,25.609756097560975
GDN0028,HoldingBreath,24,24,24,10515,10515,11047,11047,10627,10621,10689,10682,1254.0,1254.0,47.84688995215311,47.84688995215311,62,61,124.0,122.0,,,-2.0,2.0,1.639344262295082
GDN0028,HoldingBreath,25,25,25,11047,11047,11579,11579,11253,11247,11318,11304,962.0,962.0,62.37006237006237,62.37006237006237,65,57,130.0,114.0,,,-16.0,16.0,14.035087719298245
GDN0028,HoldingBreath,26,26,26,11579,11579,12015,12015,11735,11729,11792,11801,824.0,824.0,72.81553398058253,72.81553398058253,57,72,114.0,144.0,,,30.0,30.0,20.833333333333336
GDN0028,HoldingBreath,27,27,27,12015,12015,12403,12403,12147,12142,12207,12193,750.0,750.0,80.0,80.0,60,51,120.0,102.0,,,-18.0,18.0,17.647058823529413
GDN0028,HoldingBreath,28,28,28,12403,12403,12759,12759,12521,12516,12581,12581,692.0,692.0,86.70520231213874,86.70520231213874,60,65,120.0,130.0,,,10.0,10.0,7.6923076923076925
GDN0028,HoldingBreath,29,29,29,12759,12759,13107,13107,12867,12862,12928,12943,698.0,698.0,85.9598853868195,85.9598853868195,61,81,122.0,162.0,,,40.0,40.0,24.691358024691358
GDN0028,HoldingBreath,30,30,30,13107,13107,13586,13586,13217,13211,13275,13276,1098.0,1098.0,54.64480874316939,54.64480874316939,58,65,116.0,130.0,,,14.0,14.0,10.76923076923077
GDN0028,HoldingBreath,31,31,31,13586,13586,14073,14073,13766,13761,13826,13818,908.0,908.0,66.07929515418502,66.07929515418502,60,57,120.0,114.0,,,-6.0,6.0,5.263157894736842
GDN0028,HoldingBreath,32,32,32,14073,14073,14519,14519,14219,14213,14280,14267,882.0,882.0,68.02721088435374,68.02721088435374,61,54,122.0,108.0,,,-14.0,14.0,12.962962962962962
GDN0028,HoldingBreath,33,33,33,14519,14519,14953,14953,14661,14655,14719,14714,862.0,862.0,69.60556844547564,69.60556844547564,58,59,116.0,118.0,,,2.0,2.0,1.694915254237288
GDN0028,HoldingBreath,34,34,34,14953,14953,15377,15377,15091,15085,15154,15126,840.0,840.0,71.42857142857143,71.42857142857143,63,41,126.0,82.0,,,-44.0,44.0,53.65853658536586
GDN0028,HoldingBreath,35,35,35,15377,15377,15788,15788,15512,15506,15574,15556,812.0,812.0,73.89162561576354,73.89162561576354,62,50,124.0,100.0,,,-24.0,24.0,24.0
GDN0028,HoldingBreath,36,36,36,15788,15788,16175,16175,15918,15912,15978,15973,754.0,754.0,79.57559681697613,79.57559681697613,60,61,120.0,122.0,,,2.0,2.0,1.639344262295082
GDN0028,HoldingBreath,37,37,37,16175,16175,16527,16527,16296,16289,16357,16322,676.0,676.0,88.75739644970413,88.75739644970413,61,33,122.0,66.0,,,-56.0,56.0,84.84848484848484
GDN0028,HoldingBreath,38,38,38,16527,16527,16863,16863,16633,16627,16698,16698,670.0,670.0,89.55223880597015,89.55223880597015,65,71,130.0,142.0,,,12.0,12.0,8.450704225352112
GDN0028,HoldingBreath,39,39,39,16863,16863,17219,17219,16968,16962,17031,17023,736.0,736.0,81.52173913043478,81.52173913043478,63,61,126.0,122.0,,,-4.0,4.0,3.278688524590164
GDN0028,HoldingBreath,40,40,40,17219,17219,17603,17603,17336,17330,17396,17393,786.0,786.0,76.33587786259541,76.33587786259541,60,63,120.0,126.0,,,6.0,6.0,4.761904761904762
GDN0028,HoldingBreath,41,41,41,17603,17603,17985,17985,17730,17724,17787,17789,750.0,750.0,80.0,80.0,57,65,114.0,130.0,,,16.0,16.0,12.307692307692308
GDN0028,HoldingBreath,42,42,42,17985,17985,18358,18358,18104,18098,18166,18150,746.0,746.0,80.4289544235925,80.4289544235925,62,52,124.0,104.0,,,-20.0,20.0,19.230769230769234
GDN0028,HoldingBreath,43,43,43,18358,18358,18731,18731,18477,18471,18532,18529,746.0,746.0,80.4289544235925,80.4289544235925,55,58,110.0,116.0,,,6.0,6.0,5.172413793103448
GDN0028,HoldingBreath,44,44,44,18731,18731,19111,19111,18851,18843,18913,18914,766.0,766.0,78.32898172323759,78.32898172323759,62,71,124.0,142.0,,,18.0,18.0,12.676056338028168
GDN0028,HoldingBreath,45,45,45,19111,19111,19485,19485,19233,19227,19291,19281,738.0,738.0,81.30081300813008,81.30081300813008,58,54,116.0,108.0,,,-8.0,8.0,7.4074074074074066
GDN0028,HoldingBreath,46,46,46,19485,19485,19839,19839,19602,19596,19663,19651,692.0,692.0,86.70520231213874,86.70520231213874,61,55,122.0,110.0,,,-12.0,12.0,10.909090909090908
GDN0028,HoldingBreath,47,47,47,19839,19839,20178,20178,19948,19942,20015,20010,672.0,672.0,89.28571428571428,89.28571428571428,67,68,134.0,136.0,,,2.0,2.0,1.4705882352941175
GDN0028,HoldingBreath,48,48,48,20178,20178,20518,20518,20284,20278,20346,20332,684.0,684.0,87.71929824561403,87.71929824561403,62,54,124.0,108.0,,,-16.0,16.0,14.814814814814813
GDN0028,HoldingBreath,49,49,49,20518,20518,20883,20883,20626,20620,20688,20690,754.0,754.0,79.57559681697613,79.57559681697613,62,70,124.0,140.0,,,16.0,16.0,11.428571428571429
GDN0028,HoldingBreath,50,50,50,20883,20883,21296,21296,21003,20997,21062,21044,864.0,864.0,69.44444444444444,69.44444444444444,59,47,118.0,94.0,,,-24.0,24.0,25.53191489361702
GDN0028,HoldingBreath,51,51,51,21296,21296,21807,21807,21435,21429,21494,21483,1108.0,1108.0,54.15162454873646,54.15162454873646,59,54,118.0,108.0,,,-10.0,10.0,9.25925925925926
GDN0028,HoldingBreath,52,52,52,21807,21807,22314,22314,21989,21983,22047,22049,962.0,962.0,62.37006237006237,62.37006237006237,58,66,116.0,132.0,,,16.0,16.0,12.121212121212121
GDN0028,HoldingBreath,53,53,53,22314,22314,22764,22764,22470,22465,22529,22521,868.0,868.0,69.12442396313364,69.12442396313364,59,56,118.0,112.0,,,-6.0,6.0,5.357142857142857
GDN0028,HoldingBreath,54,54,54,22764,22764,23199,23199,22904,22898,22965,22951,870.0,870.0,68.96551724137932,68.96551724137932,61,53,122.0,106.0,,,-16.0,16.0,15.09433962264151
GDN0028,HoldingBreath,55,55,55,23199,23199,23630,23630,23338,23333,23399,23389,858.0,858.0,69.93006993006993,69.93006993006993,61,56,122.0,112.0,,,-10.0,10.0,8.928571428571429
GDN0028,HoldingBreath,56,56,56,23630,23630,24061,24061,23768,23762,23827,23812,866.0,866.0,69.28406466512702,69.28406466512702,59,50,118.0,100.0,,,-18.0,18.0,18.0
GDN0028,HoldingBreath,57,57,57,24061,24061,24512,24512,24202,24196,24263,24252,920.0,920.0,65.21739130434783,65.21739130434783,61,56,122.0,112.0,,,-10.0,10.0,8.928571428571429
GDN0028,HoldingBreath,58,58,58,24512,24512,24990,24990,24661,24655,24722,24707,974.0,974.0,61.601642710472284,61.601642710472284,61,52,122.0,104.0,,,-18.0,18.0,17.307692307692307
GDN0028,HoldingBreath,59,59,59,24990,24990,25485,25485,25147,25141,25211,25211,1000.0,1000.0,60.0,60.0,64,70,128.0,140.0,,,12.0,12.0,8.571428571428571
GDN0028,HoldingBreath,60,60,60,25485,25485,25975,25975,25648,25642,25713,25698,970.0,970.0,61.855670103092784,61.855670103092784,65,56,130.0,112.0,,,-18.0,18.0,16.071428571428573
GDN0028,HoldingBreath,61,61,61,25975,25975,26436,26436,26133,26127,26198,26178,896.0,896.0,66.96428571428571,66.96428571428571,65,51,130.0,102.0,,,-28.0,28.0,27.450980392156865
GDN0028,HoldingBreath,62,62,62,26436,26436,26902,26902,26581,26575,26645,26642,952.0,952.0,63.02521008403362,63.02521008403362,64,67,128.0,134.0,,,6.0,6.0,4.477611940298507
GDN0028,HoldingBreath,63,63,63,26902,26902,27378,27378,27056,27050,27121,27120,950.0,950.0,63.15789473684211,63.15789473684211,65,70,130.0,140.0,,,10.0,10.0,7.142857142857142
GDN0028,HoldingBreath,64,64,64,27378,27378,27876,27876,27532,27527,27596,27578,1020.0,1020.0,58.8235294117647,58.8235294117647,64,51,128.0,102.0,,,-26.0,26.0,25.49019607843137
GDN0028,HoldingBreath,65,65,65,27876,27876,28382,28382,28041,28036,28107,28088,1010.0,1010.0,59.40594059405941,59.40594059405941,66,52,132.0,104.0,,,-28.0,28.0,26.923076923076923
GDN0028,HoldingBreath,66,66,66,28382,28382,28889,28889,28547,28541,28612,28597,1016.0,1016.0,59.05511811023622,59.05511811023622,65,56,130.0,112.0,,,-18.0,18.0,16.071428571428573
GDN0028,HoldingBreath,67,67,67,28889,28889,29404,29404,29054,29048,29121,29110,1038.0,1038.0,57.80346820809248,57.80346820809248,67,62,134.0,124.0,,,-10.0,10.0,8.064516129032258
GDN0028,HoldingBreath,68,68,68,29404,29404,29923,29923,29573,29568,29634,29627,,,,,61,59,122.0,118.0,,,-4.0,4.0,3.389830508474576
GDN0028,TiltLevel,0,0,0,339,339,956,956,542,537,607,591,1234.0,1234.0,48.62236628849271,48.62236628849271,65,54,130.0,108.0,,,-22.0,22.0,20.37037037037037
GDN0028,TiltLevel,1,1,1,956,956,1575,1575,1159,1154,1225,1211,1240.0,1240.0,48.38709677419355,48.38709677419355,66,57,132.0,114.0,,,-18.0,18.0,15.789473684210526
GDN0028,TiltLevel,2,2,2,1575,1575,2173,2173,1779,1774,1845,1828,1172.0,1172.0,51.19453924914676,51.19453924914676,66,54,132.0,108.0,,,-24.0,24.0,22.22222222222222
GDN0028,TiltLevel,3,3,3,2173,2173,2781,2781,2365,2360,2433,2411,1240.0,1240.0,48.38709677419355,48.38709677419355,68,51,136.0,102.0,,,-34.0,34.0,33.33333333333333
GDN0028,TiltLevel,4,4,4,2781,2781,3412,3412,2985,2979,3051,3037,1274.0,1274.0,47.09576138147567,47.09576138147567,66,58,132.0,116.0,,,-16.0,16.0,13.793103448275861
GDN0028,TiltLevel,5,5,5,3412,3412,4028,4028,3622,3617,3688,3678,1208.0,1208.0,49.66887417218543,49.66887417218543,66,61,132.0,122.0,,,-10.0,10.0,8.19672131147541
GDN0028,TiltLevel,6,6,6,4028,4028,4635,4635,4226,4221,4292,4270,1218.0,1218.0,49.26108374384236,49.26108374384236,66,49,132.0,98.0,,,-34.0,34.0,34.69387755102041
GDN0028,TiltLevel,7,7,7,4635,4635,5260,5260,4835,4830,4902,4916,1268.0,1268.0,47.3186119873817,47.3186119873817,67,86,134.0,172.0,,,38.0,38.0,22.093023255813954
GDN0028,TiltLevel,8,8,8,5260,5260,5868,5868,5469,5464,5535,5522,1188.0,1188.0,50.505050505050505,50.505050505050505,66,58,132.0,116.0,,,-16.0,16.0,13.793103448275861
GDN0028,TiltLevel,9,9,9,5868,5868,6465,6465,6063,6058,6129,6128,1198.0,1198.0,50.08347245409015,50.08347245409015,66,70,132.0,140.0,,,8.0,8.0,5.714285714285714
GDN0028,TiltLevel,10,10,10,6465,6465,7060,7060,6662,6657,6729,6728,1186.0,1186.0,50.59021922428331,50.59021922428331,67,71,134.0,142.0,,,8.0,8.0,5.633802816901409
GDN0028,TiltLevel,11,11,11,7060,7060,7561,7561,7255,7250,7320,7309,902.0,902.0,66.51884700665188,66.51884700665188,65,59,130.0,118.0,,,-12.0,12.0,10.16949152542373
GDN0028,TiltLevel,12,12,12,7561,7561,7995,7995,7706,7701,7774,7782,850.0,850.0,70.58823529411765,70.58823529411765,68,81,136.0,162.0,,,26.0,26.0,16.049382716049383
GDN0028,TiltLevel,13,13,13,7995,7995,8618,8618,8131,8126,8201,8210,1458.0,1458.0,41.1522633744856,41.1522633744856,70,84,140.0,168.0,,,28.0,28.0,16.666666666666664
GDN0028,TiltLevel,14,14,14,8618,8618,9287,9287,8860,8855,8926,8914,1274.0,1274.0,47.09576138147567,47.09576138147567,66,59,132.0,118.0,,,-14.0,14.0,11.864406779661017
GDN0028,TiltLevel,15,15,15,9287,9287,9905,9905,9497,9492,9561,9541,1214.0,1214.0,49.423393739703464,49.423393739703464,64,49,128.0,98.0,,,-30.0,30.0,30.612244897959183
GDN0028,TiltLevel,16,16,16,9905,9905,10503,10503,10105,10099,10170,10153,1188.0,1188.0,50.505050505050505,50.505050505050505,65,54,130.0,108.0,,,-22.0,22.0,20.37037037037037
GDN0028,TiltLevel,17,17,17,10503,10503,11098,11098,10698,10692,10765,10766,1190.0,1190.0,50.420168067226896,50.420168067226896,67,74,134.0,148.0,,,14.0,14.0,9.45945945945946
GDN0028,TiltLevel,18,18,18,11098,11098,11690,11690,11293,11287,11359,11338,1182.0,1182.0,50.76142131979696,50.76142131979696,66,51,132.0,102.0,,,-30.0,30.0,29.411764705882355
GDN0028,TiltLevel,19,19,19,11690,11690,12282,12282,11884,11879,11951,11939,1184.0,1184.0,50.67567567567568,50.67567567567568,67,60,134.0,120.0,,,-14.0,14.0,11.666666666666666
GDN0028,TiltLevel,20,20,20,12282,12282,12895,12895,12477,12471,12543,12520,1248.0,1248.0,48.07692307692308,48.07692307692308,66,49,132.0,98.0,,,-34.0,34.0,34.69387755102041
GDN0028,TiltLevel,21,21,21,12895,12895,13507,13507,13100,13095,13168,13151,1212.0,1212.0,49.504950495049506,49.504950495049506,68,56,136.0,112.0,,,-24.0,24.0,21.428571428571427
GDN0028,TiltLevel,22,22,22,13507,13507,14123,14123,13706,13701,13771,13786,1244.0,1244.0,48.231511254019296,48.231511254019296,65,85,130.0,170.0,,,40.0,40.0,23.52941176470588
GDN0028,TiltLevel,23,23,23,14123,14123,14742,14742,14328,14323,14395,14385,1234.0,1234.0,48.62236628849271,48.62236628849271,67,62,134.0,124.0,,,-10.0,10.0,8.064516129032258
GDN0028,TiltLevel,24,24,24,14742,14742,15373,15373,14945,14940,15013,14993,1278.0,1278.0,46.948356807511736,46.948356807511736,68,53,136.0,106.0,,,-30.0,30.0,28.30188679245283
GDN0028,TiltLevel,25,25,25,15373,15373,15999,15999,15584,15579,15649,15635,1238.0,1238.0,48.46526655896607,48.46526655896607,65,56,130.0,112.0,,,-18.0,18.0,16.071428571428573
GDN0028,TiltLevel,26,26,26,15999,15999,16637,16637,16203,16198,16269,16270,1294.0,1294.0,46.3678516228748,46.3678516228748,66,72,132.0,144.0,,,12.0,12.0,8.333333333333332
GDN0028,TiltLevel,27,27,27,16637,16637,17280,17280,16850,16844,16917,16927,1282.0,1282.0,46.80187207488299,46.80187207488299,67,83,134.0,166.0,,,32.0,32.0,19.27710843373494
GDN0028,TiltLevel,28,28,28,17280,17280,17915,17915,17490,17485,17559,17568,1264.0,1264.0,47.46835443037975,47.46835443037975,69,83,138.0,166.0,,,28.0,28.0,16.867469879518072
GDN0028,TiltLevel,29,29,29,17915,17915,18541,18541,18123,18118,18189,18193,1246.0,1246.0,48.154093097913325,48.154093097913325,66,75,132.0,150.0,,,18.0,18.0,12.0
GDN0028,TiltLevel,30,30,30,18541,18541,19171,19171,18746,18740,18813,18793,1268.0,1268.0,47.3186119873817,47.3186119873817,67,53,134.0,106.0,,,-28.0,28.0,26.41509433962264
GDN0028,TiltLevel,31,31,31,19171,19171,19790,19790,19380,19375,19448,19426,1220.0,1220.0,49.18032786885246,49.18032786885246,68,51,136.0,102.0,,,-34.0,34.0,33.33333333333333
GDN0028,TiltLevel,32,32,32,19790,19790,20400,20400,19990,19984,20055,20031,1220.0,1220.0,49.18032786885246,49.18032786885246,65,47,130.0,94.0,,,-36.0,36.0,38.297872340425535
GDN0028,TiltLevel,33,33,33,20400,20400,21008,21008,20600,20594,20667,20657,1214.0,1214.0,49.423393739703464,49.423393739703464,67,63,134.0,126.0,,,-8.0,8.0,6.349206349206349
GDN0028,TiltLevel,34,34,34,21008,21008,21580,21580,21208,21203,21272,21287,1108.0,1108.0,54.15162454873646,54.15162454873646,64,84,128.0,168.0,,,40.0,40.0,23.809523809523807
GDN0028,TiltLevel,35,35,35,21580,21580,22127,22127,21761,21756,21830,21800,1086.0,1086.0,55.248618784530386,55.248618784530386,69,44,138.0,88.0,,,-50.0,50.0,56.81818181818182
GDN0028,TiltLevel,36,36,36,22127,22127,22756,22756,22304,22299,22372,22384,1350.0,1350.0,44.44444444444444,44.44444444444444,68,85,136.0,170.0,,,34.0,34.0,20.0
GDN0028,TiltLevel,37,37,37,22756,22756,23365,23365,22979,22974,23046,23043,1148.0,1148.0,52.264808362369344,52.264808362369344,67,69,134.0,138.0,,,4.0,4.0,2.898550724637681
GDN0028,TiltLevel,38,38,38,23365,23365,23922,23922,23553,23548,23621,23628,1094.0,1094.0,54.84460694698354,54.84460694698354,68,80,136.0,160.0,,,24.0,24.0,15.0
GDN0028,TiltLevel,39,39,39,23922,23922,24537,24537,24100,24095,24166,24165,1306.0,1306.0,45.94180704441041,45.94180704441041,66,70,132.0,140.0,,,8.0,8.0,5.714285714285714
GDN0028,TiltLevel,40,40,40,24537,24537,25153,25153,24753,24748,24820,24808,1192.0,1192.0,50.33557046979866,50.33557046979866,67,60,134.0,120.0,,,-14.0,14.0,11.666666666666666
GDN0028,TiltLevel,41,41,41,25153,25153,25714,25714,25349,25344,25416,25395,1084.0,1084.0,55.35055350553505,55.35055350553505,67,51,134.0,102.0,,,-32.0,32.0,31.372549019607842
GDN0028,TiltLevel,42,42,42,25714,25714,26326,26326,25892,25886,25958,25968,1300.0,1300.0,46.15384615384615,46.15384615384615,66,82,132.0,164.0,,,32.0,32.0,19.51219512195122
GDN0028,TiltLevel,43,43,43,26326,26326,26985,26985,26541,26536,26608,26605,1326.0,1326.0,45.24886877828054,45.24886877828054,67,69,134.0,138.0,,,4.0,4.0,2.898550724637681
GDN0028,TiltLevel,44,44,44,26985,26985,27628,27628,27203,27198,27269,27250,1266.0,1266.0,47.39336492890995,47.39336492890995,66,52,132.0,104.0,,,-28.0,28.0,26.923076923076923
GDN0028,TiltLevel,45,45,45,27628,27628,28261,28261,27837,27832,27902,27884,1264.0,1264.0,47.46835443037975,47.46835443037975,65,52,130.0,104.0,,,-26.0,26.0,25.0
GDN0028,TiltLevel,46,46,46,28261,28261,28902,28902,28469,28463,28535,28536,1292.0,1292.0,46.43962848297213,46.43962848297213,66,73,132.0,146.0,,,14.0,14.0,9.58904109589041
GDN0028,TiltLevel,47,47,47,28902,28902,29556,29556,29115,29110,29183,29156,1316.0,1316.0,45.59270516717325,45.59270516717325,68,46,136.0,92.0,,,-44.0,44.0,47.82608695652174
GDN0029,Pause,0,0,0,77,77,511,511,217,212,214,278,868.0,868.0,69.12442396313364,69.12442396313364,,66,,132.0,negative_pep,,,,
GDN0029,Pause,1,1,1,511,511,933,933,651,645,602,719,832.0,832.0,72.11538461538461,72.11538461538461,,74,,148.0,negative_pep,,,,
GDN0029,Pause,2,2,2,933,933,1360,1360,1067,1062,1027,1144,864.0,864.0,69.44444444444444,69.44444444444444,,82,,164.0,negative_pep,,,,
GDN0029,Pause,3,3,3,1360,1360,1806,1806,1499,1493,1452,1572,908.0,908.0,66.07929515418502,66.07929515418502,,79,,158.0,negative_pep,,,,
GDN0029,Pause,4,4,4,1806,1806,2263,2263,1952,1947,1911,2032,918.0,918.0,65.359477124183,65.359477124183,,85,,170.0,negative_pep,,,,
GDN0029,Pause,5,5,5,2263,2263,2722,2722,2412,2406,2396,2481,916.0,916.0,65.50218340611353,65.50218340611353,,75,,150.0,negative_pep,,,,
GDN0029,Pause,6,6,6,2722,2722,3184,3184,2869,2864,2894,2940,930.0,930.0,64.51612903225806,64.51612903225806,25,76,50.0,152.0,,,102.0,102.0,67.10526315789474
GDN0029,Pause,7,7,7,3184,3184,3632,3632,3335,3329,3375,3408,878.0,878.0,68.3371298405467,68.3371298405467,40,79,80.0,158.0,,,78.0,78.0,49.36708860759494
GDN0029,Pause,8,8,8,3632,3632,4062,4062,3773,3768,3793,3848,848.0,848.0,70.75471698113208,70.75471698113208,20,80,40.0,160.0,,,120.0,120.0,75.0
GDN0029,Pause,9,9,9,4062,4062,4487,4487,4197,4192,4229,4275,852.0,852.0,70.4225352112676,70.4225352112676,32,83,64.0,166.0,,,102.0,102.0,61.44578313253012
GDN0029,Pause,10,10,10,4487,4487,4922,4922,4624,4619,4692,4691,880.0,880.0,68.18181818181819,68.18181818181819,68,72,136.0,144.0,,,8.0,8.0,5.555555555555555
GDN0029,Pause,11,11,11,4922,4922,5376,5376,5064,5058,5097,5126,922.0,922.0,65.0759219088937,65.0759219088937,33,68,66.0,136.0,,,70.0,70.0,51.470588235294116
GDN0029,Pause,12,12,12,5376,5376,5846,5846,5524,5518,5565,5597,952.0,952.0,63.02521008403362,63.02521008403362,41,79,82.0,158.0,,,76.0,76.0,48.10126582278481
GDN0029,Pause,13,13,13,5846,5846,6326,6326,6000,5995,6068,6091,962.0,962.0,62.37006237006237,62.37006237006237,68,96,136.0,192.0,,,56.0,56.0,29.166666666666668
GDN0029,Pause,14,14,14,6326,6326,6782,6782,6482,6476,6549,6564,886.0,886.0,67.72009029345372,67.72009029345372,67,88,134.0,176.0,,,42.0,42.0,23.863636363636363
GDN0029,Pause,15,15,15,6782,6782,7219,7219,6925,6920,6985,6987,868.0,868.0,69.12442396313364,69.12442396313364,60,67,120.0,134.0,,,14.0,14.0,10.44776119402985
GDN0029,Pause,16,16,16,7219,7219,7656,7656,7359,7354,7422,7439,878.0,878.0,68.3371298405467,68.3371298405467,63,85,126.0,170.0,,,44.0,44.0,25.882352941176475
GDN0029,Pause,17,17,17,7656,7656,8112,8112,7797,7792,7866,7869,930.0,930.0,64.51612903225806,64.51612903225806,69,77,138.0,154.0,,,16.0,16.0,10.38961038961039
GDN0029,Pause,18,18,18,8112,8112,8582,8582,8262,8257,8330,8330,944.0,944.0,63.55932203389831,63.55932203389831,68,73,136.0,146.0,,,10.0,10.0,6.8493150684931505
GDN0029,Pause,19,19,19,8582,8582,9050,9050,8734,8729,8803,8820,932.0,932.0,64.37768240343347,64.37768240343347,69,91,138.0,182.0,,,44.0,44.0,24.175824175824175
GDN0029,Pause,20,20,20,9050,9050,9513,9513,9201,9195,9261,9274,924.0,924.0,64.93506493506493,64.93506493506493,60,79,120.0,158.0,,,38.0,38.0,24.050632911392405
GDN0029,Pause,21,21,21,9513,9513,9964,9964,9663,9657,9728,9721,890.0,890.0,67.41573033707866,67.41573033707866,65,64,130.0,128.0,,,-2.0,2.0,1.5625
GDN0029,Pause,22,22,22,9964,9964,10396,10396,10108,10102,10168,10158,850.0,850.0,70.58823529411765,70.58823529411765,60,56,120.0,112.0,,,-8.0,8.0,7.142857142857142
GDN0029,Pause,23,23,23,10396,10396,10821,10821,10533,10528,10597,10599,848.0,848.0,70.75471698113208,70.75471698113208,64,71,128.0,142.0,,,14.0,14.0,9.859154929577464
GDN0029,Pause,24,24,24,10821,10821,11261,11261,10956,10951,11022,11019,898.0,898.0,66.81514476614699,66.81514476614699,66,68,132.0,136.0,,,4.0,4.0,2.941176470588235
GDN0029,Pause,25,25,25,11261,11261,11724,11724,11406,11400,11467,11483,940.0,940.0,63.829787234042556,63.829787234042556,61,83,122.0,166.0,,,44.0,44.0,26.506024096385545
GDN0029,Pause,26,26,26,11724,11724,12193,12193,11875,11870,11950,11940,938.0,938.0,63.965884861407254,63.965884861407254,75,70,150.0,140.0,,,-10.0,10.0,7.142857142857142
GDN0029,Pause,27,27,27,12193,12193,12662,12662,12345,12339,12414,12417,938.0,938.0,63.965884861407254,63.965884861407254,69,78,138.0,156.0,,,18.0,18.0,11.538461538461538
GDN0029,Pause,28,28,28,12662,12662,13119,13119,12814,12808,12882,12896,902.0,902.0,66.51884700665188,66.51884700665188,68,88,136.0,176.0,,,40.0,40.0,22.727272727272727
GDN0029,Pause,29,29,29,13119,13119,13561,13561,13265,13260,13329,13353,874.0,874.0,68.64988558352402,68.64988558352402,64,93,128.0,186.0,,,58.0,58.0,31.182795698924732
GDN0029,Pause,30,30,30,13561,13561,13997,13997,13702,13696,13766,13756,870.0,870.0,68.96551724137932,68.96551724137932,64,60,128.0,120.0,,,-8.0,8.0,6.666666666666667
GDN0029,Pause,31,31,31,13997,13997,14444,14444,14136,14131,14200,14205,908.0,908.0,66.07929515418502,66.07929515418502,64,74,128.0,148.0,,,20.0,20.0,13.513513513513514
GDN0029,Pause,32,32,32,14444,14444,14901,14901,14591,14585,14665,14675,916.0,916.0,65.50218340611353,65.50218340611353,74,90,148.0,180.0,,,32.0,32.0,17.77777777777778
GDN0029,Pause,33,33,33,14901,14901,15365,15365,15049,15043,15118,15118,934.0,934.0,64.23982869379014,64.23982869379014,69,75,138.0,150.0,,,12.0,12.0,8.0
GDN0029,Pause,34,34,34,15365,15365,15834,15834,15516,15510,15587,15570,942.0,942.0,63.69426751592357,63.69426751592357,71,60,142.0,120.0,,,-22.0,22.0,18.333333333333332
GDN0029,Pause,35,35,35,15834,15834,16306,16306,15987,15982,16054,16055,944.0,944.0,63.55932203389831,63.55932203389831,67,73,134.0,146.0,,,12.0,12.0,8.21917808219178
GDN0029,Pause,36,36,36,16306,16306,16759,16759,16458,16453,16519,16507,886.0,886.0,67.72009029345372,67.72009029345372,61,54,122.0,108.0,,,-14.0,14.0,12.962962962962962
GDN0029,Pause,37,37,37,16759,16759,17197,17197,16903,16897,16969,16968,870.0,870.0,68.96551724137932,68.96551724137932,66,71,132.0,142.0,,,10.0,10.0,7.042253521126761
GDN0029,Pause,38,38,38,17197,17197,17647,17647,17336,17331,17399,17407,916.0,916.0,65.50218340611353,65.50218340611353,63,76,126.0,152.0,,,26.0,26.0,17.105263157894736
GDN0029,Pause,39,39,39,17647,17647,18122,18122,17794,17790,17857,17865,968.0,968.0,61.98347107438017,61.98347107438017,63,75,126.0,150.0,,,24.0,24.0,16.0
GDN0029,Pause,40,40,40,18122,18122,18608,18608,18278,18273,18344,18360,974.0,974.0,61.601642710472284,61.601642710472284,66,87,132.0,174.0,,,42.0,42.0,24.137931034482758
GDN0029,Pause,41,41,41,18608,18608,19095,19095,18766,18760,18832,18841,974.0,974.0,61.601642710472284,61.601642710472284,66,81,132.0,162.0,,,30.0,30.0,18.51851851851852
GDN0029,Pause,42,42,42,19095,19095,19569,19569,19253,19247,19323,19320,934.0,934.0,64.23982869379014,64.23982869379014,70,73,140.0,146.0,,,6.0,6.0,4.10958904109589
GDN0029,Pause,43,43,43,19569,19569,20020,20020,19720,19715,19791,19803,886.0,886.0,67.72009029345372,67.72009029345372,71,88,142.0,176.0,,,34.0,34.0,19.318181818181817
GDN0029,Pause,44,44,44,20020,20020,20466,20466,20162,20157,20233,20229,896.0,896.0,66.96428571428571,66.96428571428571,71,72,142.0,144.0,,,2.0,2.0,1.3888888888888888
GDN0029,Pause,45,45,45,20466,20466,20930,20930,20610,20605,20678,20680,944.0,944.0,63.55932203389831,63.55932203389831,68,75,136.0,150.0,,,14.0,14.0,9.333333333333334
GDN0029,Pause,46,46,46,20930,20930,21399,21399,21083,21077,21149,21152,934.0,934.0,64.23982869379014,64.23982869379014,66,75,132.0,150.0,,,18.0,18.0,12.0
GDN0029,Pause,47,47,47,21399,21399,21862,21862,21550,21544,21607,21620,922.0,922.0,65.0759219088937,65.0759219088937,57,76,114.0,152.0,,,38.0,38.0,25.0
GDN0029,Pause,48,48,48,21862,21862,22308,22308,22011,22005,22070,22079,876.0,876.0,68.4931506849315,68.4931506849315,59,74,118.0,148.0,,,30.0,30.0,20.27027027027027
GDN0029,Pause,49,49,49,22308,22308,22747,22747,22449,22443,22514,22532,880.0,880.0,68.18181818181819,68.18181818181819,65,89,130.0,178.0,,,48.0,48.0,26.96629213483146
GDN0029,Pause,50,50,50,22747,22747,23204,23204,22889,22884,22952,22953,932.0,932.0,64.37768240343347,64.37768240343347,63,69,126.0,138.0,,,12.0,12.0,8.695652173913043
GDN0029,Pause,51,51,51,23204,23204,23681,23681,23355,23349,23419,23422,966.0,966.0,62.11180124223603,62.11180124223603,64,73,128.0,146.0,,,18.0,18.0,12.32876712328767
GDN0029,Pause,52,52,52,23681,23681,24161,24161,23837,23832,23899,23917,956.0,956.0,62.761506276150634,62.761506276150634,62,85,124.0,170.0,,,46.0,46.0,27.058823529411764
GDN0029,Pause,53,53,53,24161,24161,24620,24620,24316,24310,24386,24362,898.0,898.0,66.81514476614699,66.81514476614699,70,52,140.0,104.0,,,-36.0,36.0,34.61538461538461
GDN0029,Pause,54,54,54,24620,24620,25064,25064,24765,24760,24823,24839,884.0,884.0,67.87330316742081,67.87330316742081,58,79,116.0,158.0,,,42.0,42.0,26.582278481012654
GDN0029,Pause,55,55,55,25064,25064,25516,25516,25206,25201,25267,25274,914.0,914.0,65.64551422319475,65.64551422319475,61,73,122.0,146.0,,,24.0,24.0,16.43835616438356
GDN0029,Pause,56,56,56,25516,25516,25973,25973,25663,25658,25734,25746,914.0,914.0,65.64551422319475,65.64551422319475,71,88,142.0,176.0,,,34.0,34.0,19.318181818181817
GDN0029,Pause,57,57,57,25973,25973,26434,26434,26121,26115,26186,26192,926.0,926.0,64.79481641468682,64.79481641468682,65,77,130.0,154.0,,,24.0,24.0,15.584415584415584
GDN0029,Pause,58,58,58,26434,26434,26897,26897,26584,26578,26649,26655,926.0,926.0,64.79481641468682,64.79481641468682,65,77,130.0,154.0,,,24.0,24.0,15.584415584415584
GDN0029,Pause,59,59,59,26897,26897,27351,27351,27047,27041,27112,27130,898.0,898.0,66.81514476614699,66.81514476614699,65,89,130.0,178.0,,,48.0,48.0,26.96629213483146
GDN0029,Pause,60,60,60,27351,27351,27802,27802,27496,27490,27554,27563,906.0,906.0,66.2251655629139,66.2251655629139,58,73,116.0,146.0,,,30.0,30.0,20.54794520547945
GDN0029,Pause,61,61,61,27802,27802,28268,28268,27949,27943,28010,28022,944.0,944.0,63.55932203389831,63.55932203389831,61,79,122.0,158.0,,,36.0,36.0,22.78481012658228
GDN0029,Pause,62,62,62,28268,28268,28742,28742,28421,28415,28489,28491,952.0,952.0,63.02521008403362,63.02521008403362,68,76,136.0,152.0,,,16.0,16.0,10.526315789473683
GDN0029,Pause,63,63,63,28742,28742,29220,29220,28896,28891,28957,28961,956.0,956.0,62.761506276150634,62.761506276150634,61,70,122.0,140.0,,,18.0,18.0,12.857142857142856
GDN0029,Pause,64,64,64,29220,29220,29682,29682,29375,29370,29442,29440,908.0,908.0,66.07929515418502,66.07929515418502,67,70,134.0,140.0,,,6.0,6.0,4.285714285714286
GDN0029,Valsalva,0,0,0,348,348,907,907,532,526,602,599,1118.0,1118.0,53.66726296958855,53.66726296958855,70,73,140.0,146.0,,,6.0,6.0,4.10958904109589
GDN0029,Valsalva,1,1,1,907,907,1478,1478,1091,1085,1160,1160,1154.0,1154.0,51.99306759098787,51.99306759098787,69,75,138.0,150.0,,,12.0,12.0,8.0
GDN0029,Valsalva,2,2,2,1478,1478,2056,2056,1668,1663,1738,1735,1158.0,1158.0,51.81347150259068,51.81347150259068,70,72,140.0,144.0,,,4.0,4.0,2.7777777777777777
GDN0029,Valsalva,3,3,3,2056,2056,2613,2613,2247,2241,2320,2323,1088.0,1088.0,55.147058823529406,55.147058823529406,73,82,146.0,164.0,,,18.0,18.0,10.975609756097562
GDN0029,Valsalva,4,4,4,2613,2613,3124,3124,2791,2785,2859,2856,988.0,988.0,60.72874493927126,60.72874493927126,68,71,136.0,142.0,,,6.0,6.0,4.225352112676056
GDN0029,Valsalva,5,5,5,3124,3124,3663,3663,3285,3280,3354,3348,1126.0,1126.0,53.28596802841919,53.28596802841919,69,68,138.0,136.0,,,-2.0,2.0,1.4705882352941175
GDN0029,Valsalva,6,6,6,3663,3663,4283,4283,3848,3842,3918,3915,1302.0,1302.0,46.08294930875576,46.08294930875576,70,73,140.0,146.0,,,6.0,6.0,4.10958904109589
GDN0029,Valsalva,7,7,7,4283,4283,4865,4865,4499,4493,4570,4569,1088.0,1088.0,55.147058823529406,55.147058823529406,71,76,142.0,152.0,,,10.0,10.0,6.578947368421052
GDN0029,Valsalva,8,8,8,4865,4865,5403,5403,5043,5037,5114,5101,1070.0,1070.0,56.074766355140184,56.074766355140184,71,64,142.0,128.0,,,-14.0,14.0,10.9375
GDN0029,Valsalva,9,9,9,5403,5403,6011,6011,5578,5572,5647,5644,1296.0,1296.0,46.2962962962963,46.2962962962963,69,72,138.0,144.0,,,6.0,6.0,4.166666666666666
GDN0029,Valsalva,10,10,10,6011,6011,6623,6623,6226,6220,6295,6293,1184.0,1184.0,50.67567567567568,50.67567567567568,69,73,138.0,146.0,,,8.0,8.0,5.47945205479452
GDN0029,Valsalva,11,11,11,6623,6623,7200,7200,6819,6812,6886,6885,1138.0,1138.0,52.72407732864675,52.72407732864675,67,73,134.0,146.0,,,12.0,12.0,8.21917808219178
GDN0029,Valsalva,12,12,12,7200,7200,7792,7792,7387,7381,7456,7455,1208.0,1208.0,49.66887417218543,49.66887417218543,69,74,138.0,148.0,,,10.0,10.0,6.756756756756757
GDN0029,Valsalva,13,13,13,7792,7792,8379,8379,7991,7985,8059,8058,1158.0,1158.0,51.81347150259068,51.81347150259068,68,73,136.0,146.0,,,10.0,10.0,6.8493150684931505
GDN0029,Valsalva,14,14,14,8379,8379,8930,8930,8570,8564,8639,8634,1072.0,1072.0,55.97014925373134,55.97014925373134,69,70,138.0,140.0,,,2.0,2.0,1.4285714285714286
GDN0029,Valsalva,15,15,15,8930,8930,9484,9484,9106,9100,9173,9169,1126.0,1126.0,53.28596802841919,53.28596802841919,67,69,134.0,138.0,,,4.0,4.0,2.898550724637681
GDN0029,Valsalva,16,16,16,9484,9484,10060,10060,9669,9663,9737,9734,1166.0,1166.0,51.45797598627787,51.45797598627787,68,71,136.0,142.0,,,6.0,6.0,4.225352112676056
GDN0029,Valsalva,17,17,17,10060,10060,10616,10616,10252,10246,10322,10319,1084.0,1084.0,55.35055350553505,55.35055350553505,70,73,140.0,146.0,,,6.0,6.0,4.10958904109589
GDN0029,Valsalva,18,18,18,10616,10616,11176,11176,10793,10788,10860,10857,1138.0,1138.0,52.72407732864675,52.72407732864675,67,69,134.0,138.0,,,4.0,4.0,2.898550724637681
GDN0029,Valsalva,19,19,19,11176,11176,11770,11770,11362,11357,11433,11422,1216.0,1216.0,49.3421052631579,49.3421052631579,71,65,142.0,130.0,,,-12.0,12.0,9.230769230769232
GDN0029,Valsalva,20,20,20,11770,11770,12354,12354,11971,11965,12041,12040,1140.0,1140.0,52.631578947368425,52.631578947368425,70,75,140.0,150.0,,,10.0,10.0,6.666666666666667
GDN0029,Valsalva,21,21,21,12354,12354,12888,12888,12541,12535,12609,12607,1030.0,1030.0,58.252427184466015,58.252427184466015,68,72,136.0,144.0,,,8.0,8.0,5.555555555555555
GDN0029,Valsalva,22,22,22,12888,12888,13429,13429,13055,13050,13122,13108,1110.0,1110.0,54.05405405405405,54.05405405405405,67,58,134.0,116.0,,,-18.0,18.0,15.517241379310345
GDN0029,Valsalva,23,23,23,13429,13429,14023,14023,13611,13605,13682,13679,1230.0,1230.0,48.78048780487805,48.78048780487805,71,74,142.0,148.0,,,6.0,6.0,4.054054054054054
GDN0029,Valsalva,24,24,24,14023,14023,14584,14584,14226,14220,14293,14291,1064.0,1064.0,56.39097744360902,56.39097744360902,67,71,134.0,142.0,,,8.0,8.0,5.633802816901409
GDN0029,Valsalva,25,25,25,14584,14584,15150,15150,14758,14752,14825,14822,1168.0,1168.0,51.369863013698634,51.369863013698634,67,70,134.0,140.0,,,6.0,6.0,4.285714285714286
GDN0029,Valsalva,26,26,26,15150,15150,15756,15756,15342,15336,15412,15411,1238.0,1238.0,48.46526655896607,48.46526655896607,70,75,140.0,150.0,,,10.0,10.0,6.666666666666667
GDN0029,Valsalva,27,27,27,15756,15756,16328,16328,15961,15956,16030,16030,1092.0,1092.0,54.94505494505494,54.94505494505494,69,74,138.0,148.0,,,10.0,10.0,6.756756756756757
GDN0029,Valsalva,28,28,28,16328,16328,16869,16869,16507,16501,16574,16564,1078.0,1078.0,55.65862708719851,55.65862708719851,67,63,134.0,126.0,,,-8.0,8.0,6.349206349206349
GDN0029,Valsalva,29,29,29,16869,16869,17428,17428,17046,17040,17122,17116,1140.0,1140.0,52.631578947368425,52.631578947368425,76,76,152.0,152.0,,,0.0,0.0,0.0
GDN0029,Valsalva,30,30,30,17428,17428,17991,17991,17615,17610,17684,17681,1118.0,1118.0,53.66726296958855,53.66726296958855,69,71,138.0,142.0,,,4.0,4.0,2.8169014084507045
GDN0029,Valsalva,31,31,31,17991,17991,18522,18522,18174,18169,18242,18237,1032.0,1032.0,58.13953488372093,58.13953488372093,68,68,136.0,136.0,,,0.0,0.0,0.0
GDN0029,Valsalva,32,32,32,18522,18522,19068,19068,18691,18685,18763,18759,1122.0,1122.0,53.475935828877,53.475935828877,72,74,144.0,148.0,,,4.0,4.0,2.7027027027027026
GDN0029,Valsalva,33,33,33,19068,19068,19627,19627,19252,19246,19321,19328,1118.0,1118.0,53.66726296958855,53.66726296958855,69,82,138.0,164.0,,,26.0,26.0,15.853658536585366
GDN0029,Valsalva,34,34,34,19627,19627,20176,20176,19810,19805,19879,19880,1086.0,1086.0,55.248618784530386,55.248618784530386,69,75,138.0,150.0,,,12.0,12.0,8.0
GDN0029,Valsalva,35,35,35,20176,20176,20755,20755,20353,20348,20422,20422,1198.0,1198.0,50.08347245409015,50.08347245409015,69,74,138.0,148.0,,,10.0,10.0,6.756756756756757
GDN0029,Valsalva,36,36,36,20755,20755,21343,21343,20953,20947,21022,21022,1162.0,1162.0,51.63511187607573,51.63511187607573,69,75,138.0,150.0,,,12.0,12.0,8.0
GDN0029,Valsalva,37,37,37,21343,21343,21896,21896,21534,21528,21603,21600,1076.0,1076.0,55.762081784386616,55.762081784386616,69,72,138.0,144.0,,,6.0,6.0,4.166666666666666
GDN0029,Valsalva,38,38,38,21896,21896,22456,22456,22072,22066,22142,22131,1146.0,1146.0,52.35602094240838,52.35602094240838,70,65,140.0,130.0,,,-10.0,10.0,7.6923076923076925
GDN0029,Valsalva,39,39,39,22456,22456,23020,23020,22645,22640,22716,22705,1118.0,1118.0,53.66726296958855,53.66726296958855,71,65,142.0,130.0,,,-12.0,12.0,9.230769230769232
GDN0029,Valsalva,40,40,40,23020,23020,23559,23559,23203,23198,23271,23266,1054.0,1054.0,56.92599620493358,56.92599620493358,68,68,136.0,136.0,,,0.0,0.0,0.0
GDN0029,Valsalva,41,41,41,23559,23559,24093,24093,23731,23725,23801,23795,1076.0,1076.0,55.762081784386616,55.762081784386616,70,70,140.0,140.0,,,0.0,0.0,0.0
GDN0029,Valsalva,42,42,42,24093,24093,24664,24664,24269,24263,24338,24344,1180.0,1180.0,50.847457627118644,50.847457627118644,69,81,138.0,162.0,,,24.0,24.0,14.814814814814813
GDN0029,Valsalva,43,43,43,24664,24664,25227,25227,24859,24853,24929,24929,1096.0,1096.0,54.74452554744525,54.74452554744525,70,76,140.0,152.0,,,12.0,12.0,7.894736842105263
GDN0029,Valsalva,44,44,44,25227,25227,25758,25758,25407,25400,25476,25476,1042.0,1042.0,57.58157389635316,57.58157389635316,69,76,138.0,152.0,,,14.0,14.0,9.210526315789473
GDN0029,Valsalva,45,45,45,25758,25758,26299,26299,25928,25922,25997,25998,1106.0,1106.0,54.24954792043399,54.24954792043399,69,76,138.0,152.0,,,14.0,14.0,9.210526315789473
GDN0029,Valsalva,46,46,46,26299,26299,26847,26847,26481,26475,26552,26549,1088.0,1088.0,55.147058823529406,55.147058823529406,71,74,142.0,148.0,,,6.0,6.0,4.054054054054054
GDN0029,Valsalva,47,47,47,26847,26847,27362,27362,27025,27020,27092,27092,1000.0,1000.0,60.0,60.0,67,72,134.0,144.0,,,10.0,10.0,6.944444444444445
GDN0029,Valsalva,48,48,48,27362,27362,27897,27897,27525,27519,27592,27588,1108.0,1108.0,54.15162454873646,54.15162454873646,67,69,134.0,138.0,,,4.0,4.0,2.898550724637681
GDN0029,Valsalva,49,49,49,27897,27897,28434,28434,28078,28073,28145,28147,1054.0,1054.0,56.92599620493358,56.92599620493358,67,74,134.0,148.0,,,14.0,14.0,9.45945945945946
GDN0029,Valsalva,50,50,50,28434,28434,28948,28948,28606,28600,28674,28672,1014.0,1014.0,59.171597633136095,59.171597633136095,68,72,136.0,144.0,,,8.0,8.0,5.555555555555555
GDN0029,Valsalva,51,51,51,28948,28948,29449,29448,29113,29107,29181,29178,996.0,996.0,60.24096385542169,60.24096385542169,68,71,136.0,142.0,,,6.0,6.0,4.225352112676056
GDN0029,Valsalva,52,52,52,29449,29448,29947,29947,29611,29605,29680,29679,,,,,69,74,138.0,148.0,,,10.0,10.0,6.756756756756757
GDN0029,HoldingBreath,0,0,0,181,181,592,592,313,307,376,373,822.0,822.0,72.99270072992701,72.99270072992701,63,66,126.0,132.0,,,6.0,6.0,4.545454545454546
GDN0029,HoldingBreath,1,1,1,592,592,1032,1032,723,718,787,789,912.0,912.0,65.78947368421052,65.78947368421052,64,71,128.0,142.0,,,14.0,14.0,9.859154929577464
GDN0029,HoldingBreath,2,2,2,1032,1032,1480,1480,1180,1174,1250,1238,886.0,886.0,67.72009029345372,67.72009029345372,70,64,140.0,128.0,,,-12.0,12.0,9.375
GDN0029,HoldingBreath,3,3,3,1480,1480,1929,1929,1624,1617,1690,1689,906.0,906.0,66.2251655629139,66.2251655629139,66,72,132.0,144.0,,,12.0,12.0,8.333333333333332
GDN0029,HoldingBreath,4,4,4,1929,1929,2373,2373,2076,2070,2142,2146,878.0,878.0,68.3371298405467,68.3371298405467,66,76,132.0,152.0,,,20.0,20.0,13.157894736842104
GDN0029,HoldingBreath,5,5,5,2373,2373,2802,2802,2516,2510,2579,2575,846.0,846.0,70.92198581560284,70.92198581560284,63,65,126.0,130.0,,,4.0,4.0,3.076923076923077
GDN0029,HoldingBreath,6,6,6,2802,2802,3222,3222,2938,2933,3001,2992,838.0,838.0,71.59904534606206,71.59904534606206,63,59,126.0,118.0,,,-8.0,8.0,6.779661016949152
GDN0029,HoldingBreath,7,7,7,3222,3222,3667,3667,3357,3351,3425,3419,918.0,918.0,65.359477124183,65.359477124183,68,68,136.0,136.0,,,0.0,0.0,0.0
GDN0029,HoldingBreath,8,8,8,3667,3667,4135,4135,3816,3810,3884,3872,946.0,946.0,63.42494714587738,63.42494714587738,68,62,136.0,124.0,,,-12.0,12.0,9.67741935483871
GDN0029,HoldingBreath,9,9,9,4135,4135,4612,4612,4289,4283,4359,4357,956.0,956.0,62.761506276150634,62.761506276150634,70,74,140.0,148.0,,,8.0,8.0,5.405405405405405
GDN0029,HoldingBreath,10,10,10,4612,4612,5078,5078,4767,4761,4836,4829,920.0,920.0,65.21739130434783,65.21739130434783,69,68,138.0,136.0,,,-2.0,2.0,1.4705882352941175
GDN0029,HoldingBreath,11,11,11,5078,5078,5511,5511,5227,5221,5294,5289,838.0,838.0,71.59904534606206,71.59904534606206,67,68,134.0,136.0,,,2.0,2.0,1.4705882352941175
GDN0029,HoldingBreath,12,12,12,5511,5511,5908,5908,5647,5641,5715,5701,770.0,770.0,77.92207792207792,77.92207792207792,68,60,136.0,120.0,,,-16.0,16.0,13.333333333333334
GDN0029,HoldingBreath,13,13,13,5908,5908,6299,6299,6034,6032,6095,6093,788.0,788.0,76.14213197969544,76.14213197969544,61,61,122.0,122.0,,,0.0,0.0,0.0
GDN0029,HoldingBreath,14,14,14,6299,6299,6728,6728,6425,6420,6493,6485,896.0,896.0,66.96428571428571,66.96428571428571,68,65,136.0,130.0,,,-6.0,6.0,4.615384615384616
GDN0029,HoldingBreath,15,15,15,6728,6728,7196,7196,6872,6867,6943,6936,958.0,958.0,62.63048016701462,62.63048016701462,71,69,142.0,138.0,,,-4.0,4.0,2.898550724637681
GDN0029,HoldingBreath,16,16,16,7196,7196,7681,7681,7351,7346,7419,7422,976.0,976.0,61.47540983606557,61.47540983606557,68,76,136.0,152.0,,,16.0,16.0,10.526315789473683
GDN0029,HoldingBreath,17,17,17,7681,7681,8161,8161,7840,7834,7906,7899,952.0,952.0,63.02521008403362,63.02521008403362,66,65,132.0,130.0,,,-2.0,2.0,1.5384615384615385
GDN0029,HoldingBreath,18,18,18,8161,8161,8627,8627,8316,8310,8383,8375,920.0,920.0,65.21739130434783,65.21739130434783,67,65,134.0,130.0,,,-4.0,4.0,3.076923076923077
GDN0029,HoldingBreath,19,19,19,8627,8627,9086,9086,8776,8771,8847,8827,918.0,918.0,65.359477124183,65.359477124183,71,56,142.0,112.0,,,-30.0,30.0,26.785714285714285
GDN0029,HoldingBreath,20,20,20,9086,9086,9538,9538,9235,9229,9298,9294,894.0,894.0,67.11409395973155,67.11409395973155,63,65,126.0,130.0,,,4.0,4.0,3.076923076923077
GDN0029,HoldingBreath,21,21,21,9538,9538,9968,9968,9681,9676,9746,9746,844.0,844.0,71.09004739336493,71.09004739336493,65,70,130.0,140.0,,,10.0,10.0,7.142857142857142
GDN0029,HoldingBreath,22,22,22,9968,9968,10388,10388,10104,10099,10170,10179,838.0,838.0,71.59904534606206,71.59904534606206,66,80,132.0,160.0,,,28.0,28.0,17.5
GDN0029,HoldingBreath,23,23,23,10388,10388,10804,10804,10523,10518,10591,10596,828.0,828.0,72.46376811594203,72.46376811594203,68,78,136.0,156.0,,,20.0,20.0,12.82051282051282
GDN0029,HoldingBreath,24,24,24,10804,10804,11217,11217,10937,10932,11004,10992,824.0,824.0,72.81553398058253,72.81553398058253,67,60,134.0,120.0,,,-14.0,14.0,11.666666666666666
GDN0029,HoldingBreath,25,25,25,11217,11217,11626,11626,11348,11343,11417,11409,814.0,814.0,73.71007371007371,73.71007371007371,69,66,138.0,132.0,,,-6.0,6.0,4.545454545454546
GDN0029,HoldingBreath,26,26,26,11626,11626,12033,12033,11755,11750,11822,11809,816.0,816.0,73.52941176470588,73.52941176470588,67,59,134.0,118.0,,,-16.0,16.0,13.559322033898304
GDN0029,HoldingBreath,27,27,27,12033,12033,12452,12452,12164,12158,12230,12240,848.0,848.0,70.75471698113208,70.75471698113208,66,82,132.0,164.0,,,32.0,32.0,19.51219512195122
GDN0029,HoldingBreath,28,28,28,12452,12452,12896,12896,12587,12582,12653,12653,912.0,912.0,65.78947368421052,65.78947368421052,66,71,132.0,142.0,,,10.0,10.0,7.042253521126761
GDN0029,HoldingBreath,29,29,29,12896,12896,13345,13345,13043,13038,13108,13113,890.0,890.0,67.41573033707866,67.41573033707866,65,75,130.0,150.0,,,20.0,20.0,13.333333333333334
GDN0029,HoldingBreath,30,30,30,13345,13345,13786,13786,13488,13483,13558,13549,878.0,878.0,68.3371298405467,68.3371298405467,70,66,140.0,132.0,,,-8.0,8.0,6.0606060606060606
GDN0029,HoldingBreath,31,31,31,13786,13786,14245,14245,13928,13923,13997,13996,938.0,938.0,63.965884861407254,63.965884861407254,69,73,138.0,146.0,,,8.0,8.0,5.47945205479452
GDN0029,HoldingBreath,32,32,32,14245,14245,14709,14709,14396,14392,14465,14454,924.0,924.0,64.93506493506493,64.93506493506493,69,62,138.0,124.0,,,-14.0,14.0,11.29032258064516
GDN0029,HoldingBreath,33,33,33,14709,14709,15171,15171,14858,14853,14925,14939,924.0,924.0,64.93506493506493,64.93506493506493,67,86,134.0,172.0,,,38.0,38.0,22.093023255813954
GDN0029,HoldingBreath,34,34,34,15171,15171,15633,15633,15321,15316,15389,15381,924.0,924.0,64.93506493506493,64.93506493506493,68,65,136.0,130.0,,,-6.0,6.0,4.615384615384616
GDN0029,HoldingBreath,35,35,35,15633,15633,16093,16093,15782,15777,15854,15852,918.0,918.0,65.359477124183,65.359477124183,72,75,144.0,150.0,,,6.0,6.0,4.0
GDN0029,HoldingBreath,36,36,36,16093,16093,16553,16553,16241,16236,16312,16308,920.0,920.0,65.21739130434783,65.21739130434783,71,72,142.0,144.0,,,2.0,2.0,1.3888888888888888
GDN0029,HoldingBreath,37,37,37,16553,16553,17032,17032,16701,16696,16771,16775,980.0,980.0,61.224489795918366,61.224489795918366,70,79,140.0,158.0,,,18.0,18.0,11.39240506329114
GDN0029,HoldingBreath,38,38,38,17032,17032,17526,17526,17191,17186,17268,17276,990.0,990.0,60.60606060606061,60.60606060606061,77,90,154.0,180.0,,,26.0,26.0,14.444444444444443
GDN0029,HoldingBreath,39,39,39,17526,17526,18018,18018,17686,17681,17763,17758,982.0,982.0,61.09979633401222,61.09979633401222,77,77,154.0,154.0,,,0.0,0.0,0.0
GDN0029,HoldingBreath,40,40,40,18018,18018,18500,18500,18177,18172,18246,18246,954.0,954.0,62.89308176100629,62.89308176100629,69,74,138.0,148.0,,,10.0,10.0,6.756756756756757
GDN0029,HoldingBreath,41,41,41,18500,18500,18974,18974,18654,18649,18726,18729,946.0,946.0,63.42494714587738,63.42494714587738,72,80,144.0,160.0,,,16.0,16.0,10.0
GDN0029,HoldingBreath,42,42,42,18974,18974,19446,19446,19127,19122,19200,19185,942.0,942.0,63.69426751592357,63.69426751592357,73,63,146.0,126.0,,,-20.0,20.0,15.873015873015872
GDN0029,HoldingBreath,43,43,43,19446,19446,19922,19922,19599,19594,19668,19673,958.0,958.0,62.63048016701462,62.63048016701462,69,79,138.0,158.0,,,20.0,20.0,12.658227848101266
GDN0029,HoldingBreath,44,44,44,19922,19922,20388,20388,20078,20072,20151,20146,918.0,918.0,65.359477124183,65.359477124183,73,74,146.0,148.0,,,2.0,2.0,1.3513513513513513
GDN0029,HoldingBreath,45,45,45,20388,20388,20833,20833,20537,20532,20607,20609,874.0,874.0,68.64988558352402,68.64988558352402,70,77,140.0,154.0,,,14.0,14.0,9.090909090909092
GDN0029,HoldingBreath,46,46,46,20833,20833,21267,21267,20974,20969,21047,21051,866.0,866.0,69.28406466512702,69.28406466512702,73,82,146.0,164.0,,,18.0,18.0,10.975609756097562
GDN0029,HoldingBreath,47,47,47,21267,21267,21702,21702,21407,21401,21480,21482,870.0,870.0,68.96551724137932,68.96551724137932,73,81,146.0,162.0,,,16.0,16.0,9.876543209876543
GDN0029,HoldingBreath,48,48,48,21702,21702,22152,22152,21842,21837,21915,21933,918.0,918.0,65.359477124183,65.359477124183,73,96,146.0,192.0,,,46.0,46.0,23.958333333333336
GDN0029,HoldingBreath,49,49,49,22152,22152,22630,22630,22300,22295,22371,22384,976.0,976.0,61.47540983606557,61.47540983606557,71,89,142.0,178.0,,,36.0,36.0,20.224719101123593
GDN0029,HoldingBreath,50,50,50,22630,22630,23141,23141,22788,22783,22859,22865,1046.0,1046.0,57.36137667304015,57.36137667304015,71,82,142.0,164.0,,,22.0,22.0,13.414634146341465
GDN0029,HoldingBreath,51,51,51,23141,23141,23665,23665,23312,23307,23381,23384,1050.0,1050.0,57.14285714285714,57.14285714285714,69,77,138.0,154.0,,,16.0,16.0,10.38961038961039
GDN0029,HoldingBreath,52,52,52,23665,23665,24179,24179,23836,23831,23910,23908,1014.0,1014.0,59.171597633136095,59.171597633136095,74,77,148.0,154.0,,,6.0,6.0,3.896103896103896
GDN0029,HoldingBreath,53,53,53,24179,24179,24686,24686,24344,24338,24417,24418,1016.0,1016.0,59.05511811023622,59.05511811023622,73,80,146.0,160.0,,,14.0,14.0,8.75
GDN0029,HoldingBreath,54,54,54,24686,24686,25190,25190,24851,24846,24924,24925,1002.0,1002.0,59.880239520958085,59.880239520958085,73,79,146.0,158.0,,,12.0,12.0,7.59493670886076
GDN0029,HoldingBreath,55,55,55,25190,25190,25694,25694,25353,25347,25425,25430,1012.0,1012.0,59.28853754940712,59.28853754940712,72,83,144.0,166.0,,,22.0,22.0,13.253012048192772
GDN0029,HoldingBreath,56,56,56,25694,25694,26201,26201,25859,25853,25933,25926,1016.0,1016.0,59.05511811023622,59.05511811023622,74,73,148.0,146.0,,,-2.0,2.0,1.36986301369863
GDN0029,HoldingBreath,57,57,57,26201,26201,26703,26703,26366,26361,26439,26439,998.0,998.0,60.120240480961925,60.120240480961925,73,78,146.0,156.0,,,10.0,10.0,6.41025641025641
GDN0029,HoldingBreath,58,58,58,26703,26703,27194,27194,26865,26860,26939,26949,972.0,972.0,61.7283950617284,61.7283950617284,74,89,148.0,178.0,,,30.0,30.0,16.853932584269664
GDN0029,HoldingBreath,59,59,59,27194,27194,27682,27682,27351,27346,27432,27420,978.0,978.0,61.34969325153374,61.34969325153374,81,74,162.0,148.0,,,-14.0,14.0,9.45945945945946
GDN0029,HoldingBreath,60,60,60,27682,27682,28162,28162,27840,27835,27915,27912,952.0,952.0,63.02521008403362,63.02521008403362,75,77,150.0,154.0,,,4.0,4.0,2.5974025974025974
GDN0029,HoldingBreath,61,61,61,28162,28162,28640,28640,28317,28311,28392,28398,958.0,958.0,62.63048016701462,62.63048016701462,75,87,150.0,174.0,,,24.0,24.0,13.793103448275861
GDN0029,HoldingBreath,62,62,62,28640,28640,29121,29121,28796,28789,28865,28869,962.0,962.0,62.37006237006237,62.37006237006237,69,80,138.0,160.0,,,22.0,22.0,13.750000000000002
GDN0029,HoldingBreath,63,63,63,29121,29121,29604,29604,29276,29271,29348,29340,970.0,970.0,61.855670103092784,61.855670103092784,72,69,144.0,138.0,,,-6.0,6.0,4.3478260869565215
GDN0029,TiltUp,0,0,0,269,269,592,592,371,366,,441,646.0,646.0,92.87925696594426,92.87925696594426,,75,,150.0,c_point_nan,,,,
GDN0029,TiltUp,1,1,1,592,592,917,917,695,689,,774,652.0,652.0,92.02453987730061,92.02453987730061,,85,,170.0,c_point_nan,,,,
GDN0029,TiltUp,2,2,2,917,917,1243,1243,1021,1015,1093,1107,652.0,652.0,92.02453987730061,92.02453987730061,72,92,144.0,184.0,,,40.0,40.0,21.73913043478261
GDN0029,TiltUp,3,3,3,1243,1243,1571,1571,1346,1341,1421,1420,658.0,658.0,91.1854103343465,91.1854103343465,75,79,150.0,158.0,,,8.0,8.0,5.063291139240507
GDN0029,TiltUp,4,4,4,1571,1571,1899,1899,1675,1669,1746,1747,654.0,654.0,91.74311926605505,91.74311926605505,71,78,142.0,156.0,,,14.0,14.0,8.974358974358974
GDN0029,TiltUp,5,5,5,1899,1899,2229,2229,2002,1997,2071,2073,664.0,664.0,90.36144578313252,90.36144578313252,69,76,138.0,152.0,,,14.0,14.0,9.210526315789473
GDN0029,TiltUp,6,6,6,2229,2229,2567,2567,2334,2328,,2404,684.0,684.0,87.71929824561403,87.71929824561403,,76,,152.0,c_point_nan,,,,
GDN0029,TiltUp,7,7,7,2567,2567,2914,2914,2676,2671,,2749,698.0,698.0,85.9598853868195,85.9598853868195,,78,,156.0,c_point_nan,,,,
GDN0029,TiltUp,8,8,8,2914,2914,3271,3271,3025,3020,,3107,722.0,722.0,83.10249307479225,83.10249307479225,,87,,174.0,c_point_nan,,,,
GDN0029,TiltUp,9,9,9,3271,3271,3632,3632,3386,3381,,3466,724.0,724.0,82.87292817679558,82.87292817679558,,85,,170.0,c_point_nan,,,,
GDN0029,TiltUp,10,10,10,3632,3632,3989,3989,3748,3743,,3826,708.0,708.0,84.74576271186442,84.74576271186442,,83,,166.0,c_point_nan,,,,
GDN0029,TiltUp,11,11,11,3989,3989,4341,4341,4102,4097,,4184,702.0,702.0,85.47008547008548,85.47008547008548,,87,,174.0,c_point_nan,,,,
GDN0029,TiltUp,12,12,12,4341,4341,4681,4681,4452,4447,4529,4532,668.0,668.0,89.82035928143712,89.82035928143712,77,85,154.0,170.0,,,16.0,16.0,9.411764705882353
GDN0029,TiltUp,13,13,13,4681,4681,5014,5014,4787,4782,4864,4869,664.0,664.0,90.36144578313252,90.36144578313252,77,87,154.0,174.0,,,20.0,20.0,11.494252873563218
GDN0029,TiltUp,14,14,14,5014,5014,5343,5343,5119,5113,5190,5190,656.0,656.0,91.46341463414633,91.46341463414633,71,77,142.0,154.0,,,12.0,12.0,7.792207792207792
GDN0029,TiltUp,15,15,15,5343,5343,5672,5672,5448,5442,5515,5526,660.0,660.0,90.9090909090909,90.9090909090909,67,84,134.0,168.0,,,34.0,34.0,20.238095238095237
GDN0029,TiltUp,16,16,16,5672,5672,6005,6005,5777,5772,,5858,668.0,668.0,89.82035928143712,89.82035928143712,,86,,172.0,c_point_nan,,,,
GDN0029,TiltUp,17,17,17,6005,6005,6346,6346,6111,6106,6181,6189,688.0,688.0,87.2093023255814,87.2093023255814,70,83,140.0,166.0,,,26.0,26.0,15.66265060240964
GDN0029,TiltUp,18,18,18,6346,6346,6691,6691,6455,6450,,6528,692.0,692.0,86.70520231213874,86.70520231213874,,78,,156.0,c_point_nan,,,,
GDN0029,TiltUp,19,19,19,6691,6691,7036,7036,6801,6795,,6882,688.0,688.0,87.2093023255814,87.2093023255814,,87,,174.0,c_point_nan,,,,
GDN0029,TiltUp,20,20,20,7036,7036,7374,7374,7145,7139,,7219,672.0,672.0,89.28571428571428,89.28571428571428,,80,,160.0,c_point_nan,,,,
GDN0029,TiltUp,21,21,21,7374,7374,7706,7706,7481,7475,7553,7558,660.0,660.0,90.9090909090909,90.9090909090909,72,83,144.0,166.0,,,22.0,22.0,13.253012048192772
GDN0029,TiltUp,22,22,22,7706,7706,8032,8032,7811,7805,7884,7887,646.0,646.0,92.87925696594426,92.87925696594426,73,82,146.0,164.0,,,18.0,18.0,10.975609756097562
GDN0029,TiltUp,23,23,23,8032,8032,8352,8352,8135,8128,,8211,638.0,638.0,94.04388714733543,94.04388714733543,,83,,166.0,c_point_nan,,,,
GDN0029,TiltUp,24,24,24,8352,8352,8673,8673,8454,8448,,8534,642.0,642.0,93.45794392523364,93.45794392523364,,86,,172.0,c_point_nan,,,,
GDN0029,TiltUp,25,25,25,8673,8673,8994,8994,8774,8768,,8845,644.0,644.0,93.16770186335404,93.16770186335404,,77,,154.0,c_point_nan,,,,
GDN0029,TiltUp,26,26,26,8994,8994,9322,9322,9096,9091,,9179,660.0,660.0,90.9090909090909,90.9090909090909,,88,,176.0,c_point_nan,,,,
GDN0029,TiltUp,27,27,27,9322,9322,9652,9652,9426,9421,,9506,660.0,660.0,90.9090909090909,90.9090909090909,,85,,170.0,c_point_nan,,,,
GDN0029,TiltUp,28,28,28,9652,9652,9980,9980,9757,9751,,9834,654.0,654.0,91.74311926605505,91.74311926605505,,83,,166.0,c_point_nan,,,,
GDN0029,TiltUp,29,29,29,9980,9980,10303,10303,10083,10077,10156,10162,644.0,644.0,93.16770186335404,93.16770186335404,73,85,146.0,170.0,,,24.0,24.0,14.117647058823529
GDN0029,TiltUp,30,30,30,10303,10303,10627,10627,10406,10399,10482,10478,650.0,650.0,92.3076923076923,92.3076923076923,76,79,152.0,158.0,,,6.0,6.0,3.79746835443038
GDN0029,TiltUp,31,31,31,10627,10627,10951,10951,10730,10724,10800,10807,646.0,646.0,92.87925696594426,92.87925696594426,70,83,140.0,166.0,,,26.0,26.0,15.66265060240964
GDN0029,TiltUp,32,32,32,10951,10951,11278,11278,11053,11047,,11130,658.0,658.0,91.1854103343465,91.1854103343465,,83,,166.0,c_point_nan,,,,
GDN0029,TiltUp,33,33,33,11278,11278,11610,11610,11382,11376,,11461,668.0,668.0,89.82035928143712,89.82035928143712,,85,,170.0,c_point_nan,,,,
GDN0029,TiltUp,34,34,34,11610,11610,11947,11947,11717,11711,,11801,676.0,676.0,88.75739644970413,88.75739644970413,,90,,180.0,c_point_nan,,,,
GDN0029,TiltUp,35,35,35,11947,11947,12288,12288,12054,12049,,12151,686.0,686.0,87.46355685131195,87.46355685131195,,102,,204.0,c_point_nan,,,,
GDN0029,TiltUp,36,36,36,12288,12288,12632,12632,12397,12390,12471,12469,690.0,690.0,86.95652173913044,86.95652173913044,74,79,148.0,158.0,,,10.0,10.0,6.329113924050633
GDN0029,TiltUp,37,37,37,12632,12632,12982,12982,12742,12736,12820,12815,704.0,704.0,85.22727272727273,85.22727272727273,78,79,156.0,158.0,,,2.0,2.0,1.2658227848101267
GDN0029,TiltUp,38,38,38,12982,12982,13329,13329,13094,13088,,13168,690.0,690.0,86.95652173913044,86.95652173913044,,80,,160.0,c_point_nan,,,,
GDN0029,TiltUp,39,39,39,13329,13329,13675,13675,13438,13433,,13518,692.0,692.0,86.70520231213874,86.70520231213874,,85,,170.0,c_point_nan,,,,
GDN0029,TiltUp,40,40,40,13675,13675,14020,14020,13784,13779,,13859,690.0,690.0,86.95652173913044,86.95652173913044,,80,,160.0,c_point_nan,,,,
GDN0029,TiltUp,41,41,41,14020,14020,14365,14365,14131,14125,,14211,690.0,690.0,86.95652173913044,86.95652173913044,,86,,172.0,c_point_nan,,,,
GDN0029,TiltUp,42,42,42,14365,14365,14708,14708,14475,14469,,14566,682.0,682.0,87.97653958944281,87.97653958944281,,97,,194.0,c_point_nan,,,,
GDN0029,TiltUp,43,43,43,14708,14708,15045,15045,14816,14811,,14898,670.0,670.0,89.55223880597015,89.55223880597015,,87,,174.0,c_point_nan,,,,
GDN0029,TiltUp,44,44,44,15045,15045,15376,15376,15152,15146,15218,15236,658.0,658.0,91.1854103343465,91.1854103343465,66,90,132.0,180.0,,,48.0,48.0,26.666666666666668
GDN0029,TiltUp,45,45,45,15376,15376,15695,15695,15480,15475,15564,15562,628.0,628.0,95.54140127388536,95.54140127388536,84,87,168.0,174.0,,,6.0,6.0,3.4482758620689653
GDN0029,TiltUp,46,46,46,15695,15695,16008,16008,15794,15788,15872,15874,624.0,624.0,96.15384615384616,96.15384615384616,78,86,156.0,172.0,,,16.0,16.0,9.30232558139535
GDN0029,TiltUp,47,47,47,16008,16008,16318,16318,16107,16102,16180,16183,618.0,618.0,97.0873786407767,97.0873786407767,73,81,146.0,162.0,,,16.0,16.0,9.876543209876543
GDN0029,TiltUp,48,48,48,16318,16318,16628,16628,16416,16409,,16493,622.0,622.0,96.46302250803859,96.46302250803859,,84,,168.0,c_point_nan,,,,
GDN0029,TiltUp,49,49,49,16628,16628,16950,16950,16727,16721,,16803,656.0,656.0,91.46341463414633,91.46341463414633,,82,,164.0,c_point_nan,,,,
GDN0029,TiltUp,50,50,50,16950,16950,17296,17296,17054,17049,17122,17133,710.0,710.0,84.50704225352113,84.50704225352113,68,84,136.0,168.0,,,32.0,32.0,19.047619047619047
GDN0029,TiltUp,51,51,51,17296,17296,17665,17665,17408,17403,,17484,754.0,754.0,79.57559681697613,79.57559681697613,,81,,162.0,c_point_nan,,,,
GDN0029,TiltUp,52,52,52,17665,17665,18055,18055,17786,17781,17860,17863,794.0,794.0,75.56675062972292,75.56675062972292,74,82,148.0,164.0,,,16.0,16.0,9.75609756097561
GDN0029,TiltUp,53,53,53,18055,18055,18441,18441,18183,18177,18258,18263,760.0,760.0,78.94736842105263,78.94736842105263,75,86,150.0,172.0,,,22.0,22.0,12.790697674418606
GDN0029,TiltUp,54,54,54,18441,18441,18814,18814,18563,18558,18632,18647,740.0,740.0,81.08108108108108,81.08108108108108,69,89,138.0,178.0,,,40.0,40.0,22.47191011235955
GDN0029,TiltUp,55,55,55,18814,18814,19170,19170,18932,18927,19008,19007,694.0,694.0,86.45533141210375,86.45533141210375,76,80,152.0,160.0,,,8.0,8.0,5.0
GDN0029,TiltUp,56,56,56,19170,19170,19512,19512,19280,19274,19355,19355,680.0,680.0,88.23529411764706,88.23529411764706,75,81,150.0,162.0,,,12.0,12.0,7.4074074074074066
GDN0029,TiltUp,57,57,57,19512,19512,19846,19846,19620,19614,,19698,662.0,662.0,90.63444108761328,90.63444108761328,,84,,168.0,c_point_nan,,,,
GDN0029,TiltUp,58,58,58,19846,19846,20176,20176,19951,19945,20020,20027,658.0,658.0,91.1854103343465,91.1854103343465,69,82,138.0,164.0,,,26.0,26.0,15.853658536585366
GDN0029,TiltUp,59,59,59,20176,20176,20504,20504,20280,20274,,20354,656.0,656.0,91.46341463414633,91.46341463414633,,80,,160.0,c_point_nan,,,,
GDN0029,TiltUp,60,60,60,20504,20504,20835,20835,20608,20602,,20683,664.0,664.0,90.36144578313252,90.36144578313252,,81,,162.0,c_point_nan,,,,
GDN0029,TiltUp,61,61,61,20835,20835,21166,21166,20940,20934,,21022,662.0,662.0,90.63444108761328,90.63444108761328,,88,,176.0,c_point_nan,,,,
GDN0029,TiltUp,62,62,62,21166,21166,21498,21498,21272,21266,,21354,664.0,664.0,90.36144578313252,90.36144578313252,,88,,176.0,c_point_nan,,,,
GDN0029,TiltUp,63,63,63,21498,21498,21831,21831,21603,21598,,21691,668.0,668.0,89.82035928143712,89.82035928143712,,93,,186.0,c_point_nan,,,,
GDN0029,TiltUp,64,64,64,21831,21831,22162,22162,21937,21931,,22008,660.0,660.0,90.9090909090909,90.9090909090909,,77,,154.0,c_point_nan,,,,
GDN0029,TiltUp,65,65,65,22162,22162,22487,22487,22268,22262,,22342,642.0,642.0,93.45794392523364,93.45794392523364,,80,,160.0,c_point_nan,,,,
GDN0029,TiltUp,66,66,66,22487,22487,22805,22805,22588,22582,22663,22665,634.0,634.0,94.6372239747634,94.6372239747634,75,83,150.0,166.0,,,16.0,16.0,9.63855421686747
GDN0029,TiltUp,67,67,67,22805,22805,23119,23119,22906,22900,22974,22980,624.0,624.0,96.15384615384616,96.15384615384616,68,80,136.0,160.0,,,24.0,24.0,15.0
GDN0029,TiltUp,68,68,68,23119,23119,23430,23430,23218,23212,,23299,622.0,622.0,96.46302250803859,96.46302250803859,,87,,174.0,c_point_nan,,,,
GDN0029,TiltUp,69,69,69,23430,23430,23745,23745,23529,23523,,23602,634.0,634.0,94.6372239747634,94.6372239747634,,79,,158.0,c_point_nan,,,,
GDN0029,TiltUp,70,70,70,23745,23745,24073,24073,23846,23840,,23930,668.0,668.0,89.82035928143712,89.82035928143712,,90,,180.0,c_point_nan,,,,
GDN0029,TiltUp,71,71,71,24073,24073,24409,24409,24179,24174,,24257,674.0,674.0,89.02077151335311,89.02077151335311,,83,,166.0,c_point_nan,,,,
GDN0029,TiltUp,72,72,72,24409,24409,24749,24749,24516,24511,,24597,682.0,682.0,87.97653958944281,87.97653958944281,,86,,172.0,c_point_nan,,,,
GDN0029,TiltUp,73,73,73,24749,24749,25092,25092,24857,24851,,24942,690.0,690.0,86.95652173913044,86.95652173913044,,91,,182.0,c_point_nan,,,,
GDN0029,TiltUp,74,74,74,25092,25092,25433,25433,25202,25196,,25282,678.0,678.0,88.49557522123894,88.49557522123894,,86,,172.0,c_point_nan,,,,
GDN0029,TiltUp,75,75,75,25433,25433,25770,25770,25541,25535,,25615,670.0,670.0,89.55223880597015,89.55223880597015,,80,,160.0,c_point_nan,,,,
GDN0029,TiltUp,76,76,76,25770,25770,26105,26105,25876,25871,,25951,672.0,672.0,89.28571428571428,89.28571428571428,,80,,160.0,c_point_nan,,,,
GDN0029,TiltUp,77,77,77,26105,26105,26443,26443,26212,26207,26290,26282,676.0,676.0,88.75739644970413,88.75739644970413,78,75,156.0,150.0,,,-6.0,6.0,4.0
GDN0029,TiltUp,78,78,78,26443,26443,26781,26781,26550,26544,,26621,678.0,678.0,88.49557522123894,88.49557522123894,,77,,154.0,c_point_nan,,,,
GDN0029,TiltUp,79,79,79,26781,26781,27117,27117,26889,26883,,26964,668.0,668.0,89.82035928143712,89.82035928143712,,81,,162.0,c_point_nan,,,,
GDN0029,TiltUp,80,80,80,27117,27117,27449,27449,27223,27217,27290,27303,662.0,662.0,90.63444108761328,90.63444108761328,67,86,134.0,172.0,,,38.0,38.0,22.093023255813954
GDN0029,TiltUp,81,81,81,27449,27449,27778,27778,27555,27549,27624,27627,654.0,654.0,91.74311926605505,91.74311926605505,69,78,138.0,156.0,,,18.0,18.0,11.538461538461538
GDN0029,TiltUp,82,82,82,27778,27778,28104,28104,27882,27876,,27962,652.0,652.0,92.02453987730061,92.02453987730061,,86,,172.0,c_point_nan,,,,
GDN0029,TiltUp,83,83,83,28104,28104,28426,28426,28208,28201,28274,28287,640.0,640.0,93.75,93.75,66,86,132.0,172.0,,,40.0,40.0,23.25581395348837
GDN0029,TiltUp,84,84,84,28426,28426,28744,28744,28528,28522,,28607,634.0,634.0,94.6372239747634,94.6372239747634,,85,,170.0,c_point_nan,,,,
GDN0029,TiltUp,85,85,85,28744,28744,29057,29057,28845,28839,28923,28916,622.0,622.0,96.46302250803859,96.46302250803859,78,77,156.0,154.0,,,-2.0,2.0,1.2987012987012987
GDN0029,TiltUp,86,86,86,29057,29057,29368,29368,29155,29149,29229,29238,622.0,622.0,96.46302250803859,96.46302250803859,74,89,148.0,178.0,,,30.0,30.0,16.853932584269664
GDN0029,TiltUp,87,87,87,29368,29368,29678,29678,29466,29460,29547,29541,618.0,618.0,97.0873786407767,97.0873786407767,81,81,162.0,162.0,,,0.0,0.0,0.0
GDN0029,TiltUp,88,88,88,29678,29678,29987,29987,29776,29770,,29852,,,,,,82,,164.0,c_point_nan,,,,
GDN0029,TiltLevel,0,0,0,140,140,666,666,312,306,349,383,1052.0,1052.0,57.03422053231939,57.03422053231939,37,77,74.0,154.0,,,80.0,80.0,51.94805194805194
GDN0029,TiltLevel,1,1,1,666,666,1195,1195,838,832,907,905,1062.0,1062.0,56.497175141242934,56.497175141242934,69,73,138.0,146.0,,,8.0,8.0,5.47945205479452
GDN0029,TiltLevel,2,2,2,1195,1195,1725,1725,1368,1363,1437,1434,1058.0,1058.0,56.71077504725898,56.71077504725898,69,71,138.0,142.0,,,4.0,4.0,2.8169014084507045
GDN0029,TiltLevel,3,3,3,1725,1725,2228,2228,1898,1892,1965,1958,978.0,978.0,61.34969325153374,61.34969325153374,67,66,134.0,132.0,,,-2.0,2.0,1.5151515151515151
GDN0029,TiltLevel,4,4,4,2228,2228,2710,2710,2388,2382,2455,2448,956.0,956.0,62.761506276150634,62.761506276150634,67,66,134.0,132.0,,,-2.0,2.0,1.5151515151515151
GDN0029,TiltLevel,5,5,5,2710,2710,3199,3199,2865,2859,2933,2912,992.0,992.0,60.483870967741936,60.483870967741936,68,53,136.0,106.0,,,-30.0,30.0,28.30188679245283
GDN0029,TiltLevel,6,6,6,3199,3199,3719,3719,3361,3356,3433,3427,1064.0,1064.0,56.39097744360902,56.39097744360902,72,71,144.0,142.0,,,-2.0,2.0,1.4084507042253522
GDN0029,TiltLevel,7,7,7,3719,3719,4244,4244,3893,3887,3961,3963,1044.0,1044.0,57.47126436781609,57.47126436781609,68,76,136.0,152.0,,,16.0,16.0,10.526315789473683
GDN0029,TiltLevel,8,8,8,4244,4244,4761,4761,4415,4409,4483,4484,1028.0,1028.0,58.36575875486381,58.36575875486381,68,75,136.0,150.0,,,14.0,14.0,9.333333333333334
GDN0029,TiltLevel,9,9,9,4761,4761,5245,5245,4929,4923,4997,4994,936.0,936.0,64.1025641025641,64.1025641025641,68,71,136.0,142.0,,,6.0,6.0,4.225352112676056
GDN0029,TiltLevel,10,10,10,5245,5245,5704,5704,5396,5391,5461,5458,908.0,908.0,66.07929515418502,66.07929515418502,65,67,130.0,134.0,,,4.0,4.0,2.9850746268656714
GDN0029,TiltLevel,11,11,11,5704,5704,6179,6179,5850,5845,5919,5917,972.0,972.0,61.7283950617284,61.7283950617284,69,72,138.0,144.0,,,6.0,6.0,4.166666666666666
GDN0029,TiltLevel,12,12,12,6179,6179,6695,6695,6336,6331,6406,6392,1066.0,1066.0,56.28517823639775,56.28517823639775,70,61,140.0,122.0,,,-18.0,18.0,14.754098360655737
GDN0029,TiltLevel,13,13,13,6695,6695,7241,7241,6870,6865,6941,6941,1104.0,1104.0,54.347826086956516,54.347826086956516,71,76,142.0,152.0,,,10.0,10.0,6.578947368421052
GDN0029,TiltLevel,14,14,14,7241,7241,7780,7780,7422,7416,7491,7497,1064.0,1064.0,56.39097744360902,56.39097744360902,69,81,138.0,162.0,,,24.0,24.0,14.814814814814813
GDN0029,TiltLevel,15,15,15,7780,7780,8296,8296,7954,7948,8025,8017,1014.0,1014.0,59.171597633136095,59.171597633136095,71,69,142.0,138.0,,,-4.0,4.0,2.898550724637681
GDN0029,TiltLevel,16,16,16,8296,8296,8785,8785,8460,8455,8526,8521,960.0,960.0,62.5,62.5,66,66,132.0,132.0,,,0.0,0.0,0.0
GDN0029,TiltLevel,17,17,17,8785,8785,9280,9280,8941,8935,9007,9003,1006.0,1006.0,59.642147117296226,59.642147117296226,66,68,132.0,136.0,,,4.0,4.0,2.941176470588235
GDN0029,TiltLevel,18,18,18,9280,9280,9804,9804,9443,9438,9512,9510,1072.0,1072.0,55.97014925373134,55.97014925373134,69,72,138.0,144.0,,,6.0,6.0,4.166666666666666
GDN0029,TiltLevel,19,19,19,9804,9804,10339,10339,9980,9975,10050,10048,1068.0,1068.0,56.17977528089887,56.17977528089887,70,73,140.0,146.0,,,6.0,6.0,4.10958904109589
GDN0029,TiltLevel,20,20,20,10339,10339,10869,10869,10513,10508,10582,10581,1056.0,1056.0,56.81818181818181,56.81818181818181,69,73,138.0,146.0,,,8.0,8.0,5.47945205479452
GDN0029,TiltLevel,21,21,21,10869,10869,11399,11399,11042,11036,11110,11111,1062.0,1062.0,56.497175141242934,56.497175141242934,68,75,136.0,150.0,,,14.0,14.0,9.333333333333334
GDN0029,TiltLevel,22,22,22,11399,11399,11918,11918,11573,11567,11643,11633,1026.0,1026.0,58.47953216374269,58.47953216374269,70,66,140.0,132.0,,,-8.0,8.0,6.0606060606060606
GDN0029,TiltLevel,23,23,23,11918,11918,12406,12406,12085,12080,12153,12157,948.0,948.0,63.29113924050633,63.29113924050633,68,77,136.0,154.0,,,18.0,18.0,11.688311688311687
GDN0029,TiltLevel,24,24,24,12406,12406,12865,12865,12560,12555,12626,12627,902.0,902.0,66.51884700665188,66.51884700665188,66,72,132.0,144.0,,,12.0,12.0,8.333333333333332
GDN0029,TiltLevel,25,25,25,12865,12865,13328,13328,13011,13005,13079,13059,938.0,938.0,63.965884861407254,63.965884861407254,68,54,136.0,108.0,,,-28.0,28.0,25.925925925925924
GDN0029,TiltLevel,26,26,26,13328,13328,13814,13814,13480,13475,13548,13547,992.0,992.0,60.483870967741936,60.483870967741936,68,72,136.0,144.0,,,8.0,8.0,5.555555555555555
GDN0029,TiltLevel,27,27,27,13814,13814,14331,14331,13975,13970,14045,14037,1054.0,1054.0,56.92599620493358,56.92599620493358,70,67,140.0,134.0,,,-6.0,6.0,4.477611940298507
GDN0029,TiltLevel,28,28,28,14331,14331,14848,14848,14503,14497,14571,14571,1026.0,1026.0,58.47953216374269,58.47953216374269,68,74,136.0,148.0,,,12.0,12.0,8.108108108108109
GDN0029,TiltLevel,29,29,29,14848,14848,15356,15356,15016,15011,15083,15080,1008.0,1008.0,59.523809523809526,59.523809523809526,67,69,134.0,138.0,,,4.0,4.0,2.898550724637681
GDN0029,TiltLevel,30,30,30,15356,15356,15871,15871,15520,15514,15588,15588,1044.0,1044.0,57.47126436781609,57.47126436781609,68,74,136.0,148.0,,,12.0,12.0,8.108108108108109
GDN0029,TiltLevel,31,31,31,15871,15871,16391,16391,16042,16036,16110,16111,1036.0,1036.0,57.915057915057915,57.915057915057915,68,75,136.0,150.0,,,14.0,14.0,9.333333333333334
GDN0029,TiltLevel,32,32,32,16391,16391,16895,16895,16560,16554,16630,16628,994.0,994.0,60.36217303822938,60.36217303822938,70,74,140.0,148.0,,,8.0,8.0,5.405405405405405
GDN0029,TiltLevel,33,33,33,16895,16895,17393,17393,17057,17051,17124,17122,998.0,998.0,60.120240480961925,60.120240480961925,67,71,134.0,142.0,,,8.0,8.0,5.633802816901409
GDN0029,TiltLevel,34,34,34,17393,17393,17885,17885,17555,17550,17625,17623,974.0,974.0,61.601642710472284,61.601642710472284,70,73,140.0,146.0,,,6.0,6.0,4.10958904109589
GDN0029,TiltLevel,35,35,35,17885,17885,18368,18368,18043,18037,18110,18108,962.0,962.0,62.37006237006237,62.37006237006237,67,71,134.0,142.0,,,8.0,8.0,5.633802816901409
GDN0029,TiltLevel,36,36,36,18368,18368,18847,18847,18524,18518,18591,18586,958.0,958.0,62.63048016701462,62.63048016701462,67,68,134.0,136.0,,,2.0,2.0,1.4705882352941175
GDN0029,TiltLevel,37,37,37,18847,18847,19330,19330,19002,18997,19069,19070,968.0,968.0,61.98347107438017,61.98347107438017,67,73,134.0,146.0,,,12.0,12.0,8.21917808219178
GDN0029,TiltLevel,38,38,38,19330,19330,19837,19837,19487,19481,19557,19552,1040.0,1040.0,57.69230769230769,57.69230769230769,70,71,140.0,142.0,,,2.0,2.0,1.4084507042253522
GDN0029,TiltLevel,39,39,39,19837,19837,20338,20338,20007,20001,20074,20076,980.0,980.0,61.224489795918366,61.224489795918366,67,75,134.0,150.0,,,16.0,16.0,10.666666666666668
GDN0029,TiltLevel,40,40,40,20338,20338,20839,20839,20497,20491,20564,20550,1014.0,1014.0,59.171597633136095,59.171597633136095,67,59,134.0,118.0,,,-16.0,16.0,13.559322033898304
GDN0029,TiltLevel,41,41,41,20839,20839,21375,21375,21003,20998,21072,21070,1106.0,1106.0,54.24954792043399,54.24954792043399,69,72,138.0,144.0,,,6.0,6.0,4.166666666666666
GDN0029,TiltLevel,42,42,42,21375,21375,21897,21897,21557,21551,21627,21622,1010.0,1010.0,59.40594059405941,59.40594059405941,70,71,140.0,142.0,,,2.0,2.0,1.4084507042253522
GDN0029,TiltLevel,43,43,43,21897,21897,22426,22426,22061,22056,22129,22125,1084.0,1084.0,55.35055350553505,55.35055350553505,68,69,136.0,138.0,,,2.0,2.0,1.4492753623188406
GDN0029,TiltLevel,44,44,44,22426,22426,22963,22963,22603,22598,22675,22675,1068.0,1068.0,56.17977528089887,56.17977528089887,72,77,144.0,154.0,,,10.0,10.0,6.493506493506493
GDN0029,TiltLevel,45,45,45,22963,22963,23473,23473,23137,23132,23209,23205,994.0,994.0,60.36217303822938,60.36217303822938,72,73,144.0,146.0,,,2.0,2.0,1.36986301369863
GDN0029,TiltLevel,46,46,46,23473,23473,23951,23951,23635,23629,23703,23698,934.0,934.0,64.23982869379014,64.23982869379014,68,69,136.0,138.0,,,2.0,2.0,1.4492753623188406
GDN0029,TiltLevel,47,47,47,23951,23951,24424,24424,24101,24096,24169,24167,954.0,954.0,62.89308176100629,62.89308176100629,68,71,136.0,142.0,,,6.0,6.0,4.225352112676056
GDN0029,TiltLevel,48,48,48,24424,24424,24922,24922,24578,24573,24650,24637,1018.0,1018.0,58.93909626719057,58.93909626719057,72,64,144.0,128.0,,,-16.0,16.0,12.5
GDN0029,TiltLevel,49,49,49,24922,24922,25419,25419,25088,25082,25153,25150,982.0,982.0,61.09979633401222,61.09979633401222,65,68,130.0,136.0,,,6.0,6.0,4.411764705882353
GDN0029,TiltLevel,50,50,50,25419,25419,25937,25937,25579,25573,25644,25637,1066.0,1066.0,56.28517823639775,56.28517823639775,65,64,130.0,128.0,,,-2.0,2.0,1.5625
GDN0029,TiltLevel,51,51,51,25937,25937,26515,26515,26111,26106,26179,26182,1202.0,1202.0,49.91680532445923,49.91680532445923,68,76,136.0,152.0,,,16.0,16.0,10.526315789473683
GDN0029,TiltLevel,52,52,52,26515,26515,27077,27077,26712,26707,26783,26785,1082.0,1082.0,55.452865064695004,55.452865064695004,71,78,142.0,156.0,,,14.0,14.0,8.974358974358974
GDN0029,TiltLevel,53,53,53,27077,27077,27596,27596,27253,27248,27322,27319,1016.0,1016.0,59.05511811023622,59.05511811023622,69,71,138.0,142.0,,,4.0,4.0,2.8169014084507045
GDN0029,TiltLevel,54,54,54,27596,27596,28115,28115,27762,27756,27831,27830,1050.0,1050.0,57.14285714285714,57.14285714285714,69,74,138.0,148.0,,,10.0,10.0,6.756756756756757
GDN0029,TiltLevel,55,55,55,28115,28115,28639,28639,28287,28281,28358,28353,1046.0,1046.0,57.36137667304015,57.36137667304015,71,72,142.0,144.0,,,2.0,2.0,1.3888888888888888
GDN0029,TiltLevel,56,56,56,28639,28639,29121,29121,28810,28804,28880,28876,920.0,920.0,65.21739130434783,65.21739130434783,70,72,140.0,144.0,,,4.0,4.0,2.7777777777777777
GDN0029,TiltLevel,57,57,57,29121,29121,29586,29586,29270,29264,29339,29335,934.0,934.0,64.23982869379014,64.23982869379014,69,71,138.0,142.0,,,4.0,4.0,2.8169014084507045
GDN0030,Valsalva,0,0,0,35,35,618,618,225,219,291,293,1166.0,1166.0,51.45797598627787,51.45797598627787,66,74,132.0,148.0,,,16.0,16.0,10.81081081081081
GDN0030,Valsalva,1,1,1,618,618,1200,1200,809,803,874,878,1164.0,1164.0,51.54639175257732,51.54639175257732,65,75,130.0,150.0,,,20.0,20.0,13.333333333333334
GDN0030,Valsalva,2,2,2,1200,1200,1780,1780,1391,1385,1457,1436,1158.0,1158.0,51.81347150259068,51.81347150259068,66,51,132.0,102.0,,,-30.0,30.0,29.411764705882355
GDN0030,Valsalva,3,3,3,1780,1780,2346,2346,1970,1964,2036,2034,1118.0,1118.0,53.66726296958855,53.66726296958855,66,70,132.0,140.0,,,8.0,8.0,5.714285714285714
GDN0030,Valsalva,4,4,4,2346,2346,2911,2911,2529,2523,2594,2596,1134.0,1134.0,52.91005291005291,52.91005291005291,65,73,130.0,146.0,,,16.0,16.0,10.95890410958904
GDN0030,Valsalva,5,5,5,2911,2911,3487,3487,3096,3090,3161,3165,1164.0,1164.0,51.54639175257732,51.54639175257732,65,75,130.0,150.0,,,20.0,20.0,13.333333333333334
GDN0030,Valsalva,6,6,6,3487,3487,4054,4054,3677,3671,3743,3735,1118.0,1118.0,53.66726296958855,53.66726296958855,66,64,132.0,128.0,,,-4.0,4.0,3.125
GDN0030,Valsalva,7,7,7,4054,4054,4640,4640,4236,4230,4301,4311,1200.0,1200.0,50.0,50.0,65,81,130.0,162.0,,,32.0,32.0,19.753086419753085
GDN0030,Valsalva,8,8,8,4640,4640,5174,5174,4835,4830,4900,4891,996.0,996.0,60.24096385542169,60.24096385542169,65,61,130.0,122.0,,,-8.0,8.0,6.557377049180328
GDN0030,Valsalva,9,9,9,5174,5174,5642,5642,5333,5329,5406,5414,904.0,904.0,66.3716814159292,66.3716814159292,73,85,146.0,170.0,,,24.0,24.0,14.117647058823529
GDN0030,Valsalva,10,10,10,5642,5642,6111,6111,5786,5781,5855,5853,958.0,958.0,62.63048016701462,62.63048016701462,69,72,138.0,144.0,,,6.0,6.0,4.166666666666666
GDN0030,Valsalva,11,11,11,6111,6111,6625,6625,6264,6260,6331,6328,1066.0,1066.0,56.28517823639775,56.28517823639775,67,68,134.0,136.0,,,2.0,2.0,1.4705882352941175
GDN0030,Valsalva,12,12,12,6625,6625,7123,7123,6798,6793,6865,6855,958.0,958.0,62.63048016701462,62.63048016701462,67,62,134.0,124.0,,,-10.0,10.0,8.064516129032258
GDN0030,Valsalva,13,13,13,7123,7123,7653,7653,7277,7272,7347,7340,1114.0,1114.0,53.85996409335726,53.85996409335726,70,68,140.0,136.0,,,-4.0,4.0,2.941176470588235
GDN0030,Valsalva,14,14,14,7653,7653,8317,8317,7834,7829,7901,7907,1442.0,1442.0,41.608876560332874,41.608876560332874,67,78,134.0,156.0,,,22.0,22.0,14.102564102564102
GDN0030,Valsalva,15,15,15,8317,8317,9028,9028,8555,8550,8620,8618,1412.0,1412.0,42.492917847025495,42.492917847025495,65,68,130.0,136.0,,,6.0,6.0,4.411764705882353
GDN0030,Valsalva,16,16,16,9028,9028,9705,9705,9260,9255,9328,9331,1324.0,1324.0,45.31722054380664,45.31722054380664,68,76,136.0,152.0,,,16.0,16.0,10.526315789473683
GDN0030,Valsalva,17,17,17,9705,9705,10324,10324,9923,9917,9992,10000,1192.0,1192.0,50.33557046979866,50.33557046979866,69,83,138.0,166.0,,,28.0,28.0,16.867469879518072
GDN0030,Valsalva,18,18,18,10324,10324,10868,10868,10519,10514,10598,10595,1032.0,1032.0,58.13953488372093,58.13953488372093,79,81,158.0,162.0,,,4.0,4.0,2.4691358024691357
GDN0030,Valsalva,19,19,19,10868,10868,11405,11405,11035,11030,11105,11111,1096.0,1096.0,54.74452554744525,54.74452554744525,70,81,140.0,162.0,,,22.0,22.0,13.580246913580247
GDN0030,Valsalva,20,20,20,11405,11405,11986,11986,11583,11578,11650,11642,1196.0,1196.0,50.16722408026756,50.16722408026756,67,64,134.0,128.0,,,-6.0,6.0,4.6875
GDN0030,Valsalva,21,21,21,11986,11986,12560,12560,12181,12176,12251,12253,1122.0,1122.0,53.475935828877,53.475935828877,70,77,140.0,154.0,,,14.0,14.0,9.090909090909092
GDN0030,Valsalva,22,22,22,12560,12560,13107,13107,12742,12736,12806,12810,1080.0,1080.0,55.55555555555555,55.55555555555555,64,74,128.0,148.0,,,20.0,20.0,13.513513513513514
GDN0030,Valsalva,23,23,23,13107,13107,13613,13613,13282,13276,13349,13352,976.0,976.0,61.47540983606557,61.47540983606557,67,76,134.0,152.0,,,18.0,18.0,11.842105263157894
GDN0030,Valsalva,24,24,24,13613,13613,14104,14104,13770,13765,13839,13853,986.0,986.0,60.851926977687626,60.851926977687626,69,88,138.0,176.0,,,38.0,38.0,21.59090909090909
GDN0030,Valsalva,25,25,25,14104,14104,14574,14574,14263,14258,14327,14343,914.0,914.0,65.64551422319475,65.64551422319475,64,85,128.0,170.0,,,42.0,42.0,24.705882352941178
GDN0030,Valsalva,26,26,26,14574,14574,15027,15027,14720,14715,14787,14801,902.0,902.0,66.51884700665188,66.51884700665188,67,86,134.0,172.0,,,38.0,38.0,22.093023255813954
GDN0030,Valsalva,27,27,27,15027,15027,15478,15478,15171,15166,15235,15251,902.0,902.0,66.51884700665188,66.51884700665188,64,85,128.0,170.0,,,42.0,42.0,24.705882352941178
GDN0030,Valsalva,28,28,28,15478,15478,15938,15938,15623,15617,15692,15691,930.0,930.0,64.51612903225806,64.51612903225806,69,74,138.0,148.0,,,10.0,10.0,6.756756756756757
GDN0030,Valsalva,29,29,29,15938,15938,16431,16431,16087,16082,16151,16128,1014.0,1014.0,59.171597633136095,59.171597633136095,64,46,128.0,92.0,,,-36.0,36.0,39.130434782608695
GDN0030,Valsalva,30,30,30,16431,16431,16952,16952,16594,16589,16661,16654,1058.0,1058.0,56.71077504725898,56.71077504725898,67,65,134.0,130.0,,,-4.0,4.0,3.076923076923077
GDN0030,Valsalva,31,31,31,16952,16952,17444,17444,17123,17118,17188,17192,946.0,946.0,63.42494714587738,63.42494714587738,65,74,130.0,148.0,,,18.0,18.0,12.162162162162163
GDN0030,Valsalva,32,32,32,17444,17444,17943,17943,17597,17592,17665,17657,1026.0,1026.0,58.47953216374269,58.47953216374269,68,65,136.0,130.0,,,-6.0,6.0,4.615384615384616
GDN0030,Valsalva,33,33,33,17943,17943,18458,18458,18109,18104,18173,18176,1032.0,1032.0,58.13953488372093,58.13953488372093,64,72,128.0,144.0,,,16.0,16.0,11.11111111111111
GDN0030,Valsalva,34,34,34,18458,18458,18972,18972,18625,18619,18689,18689,1024.0,1024.0,58.59375,58.59375,64,70,128.0,140.0,,,12.0,12.0,8.571428571428571
GDN0030,Valsalva,35,35,35,18972,18972,19484,19484,19137,19132,19203,19189,1026.0,1026.0,58.47953216374269,58.47953216374269,66,57,132.0,114.0,,,-18.0,18.0,15.789473684210526
GDN0030,Valsalva,36,36,36,19484,19484,20005,20005,19650,19645,19715,19698,1050.0,1050.0,57.14285714285714,57.14285714285714,65,53,130.0,106.0,,,-24.0,24.0,22.641509433962266
GDN0030,Valsalva,37,37,37,20005,20005,20524,20524,20175,20170,20239,20239,1030.0,1030.0,58.252427184466015,58.252427184466015,64,69,128.0,138.0,,,10.0,10.0,7.246376811594203
GDN0030,Valsalva,38,38,38,20524,20524,21054,21054,20690,20685,20754,20740,1076.0,1076.0,55.762081784386616,55.762081784386616,64,55,128.0,110.0,,,-18.0,18.0,16.363636363636363
GDN0030,Valsalva,39,39,39,21054,21054,21609,21609,21229,21223,21295,21300,1128.0,1128.0,53.19148936170213,53.19148936170213,66,77,132.0,154.0,,,22.0,22.0,14.285714285714285
GDN0030,Valsalva,40,40,40,21609,21609,22154,22154,21792,21787,21858,21869,1072.0,1072.0,55.97014925373134,55.97014925373134,66,82,132.0,164.0,,,32.0,32.0,19.51219512195122
GDN0030,Valsalva,41,41,41,22154,22154,22683,22683,22328,22323,22393,22399,1048.0,1048.0,57.25190839694656,57.25190839694656,65,76,130.0,152.0,,,22.0,22.0,14.473684210526317
GDN0030,Valsalva,42,42,42,22683,22683,23202,23202,22852,22846,22917,22927,1034.0,1034.0,58.027079303675045,58.027079303675045,65,81,130.0,162.0,,,32.0,32.0,19.753086419753085
GDN0030,Valsalva,43,43,43,23202,23202,23720,23720,23369,23364,23436,23440,1036.0,1036.0,57.915057915057915,57.915057915057915,67,76,134.0,152.0,,,18.0,18.0,11.842105263157894
GDN0030,Valsalva,44,44,44,23720,23720,24242,24242,23887,23882,23952,23957,1048.0,1048.0,57.25190839694656,57.25190839694656,65,75,130.0,150.0,,,20.0,20.0,13.333333333333334
GDN0030,Valsalva,45,45,45,24242,24242,24788,24788,24411,24406,24476,24483,1116.0,1116.0,53.76344086021505,53.76344086021505,65,77,130.0,154.0,,,24.0,24.0,15.584415584415584
GDN0030,Valsalva,46,46,46,24788,24788,25320,25320,24969,24964,25035,25034,1038.0,1038.0,57.80346820809248,57.80346820809248,66,70,132.0,140.0,,,8.0,8.0,5.714285714285714
GDN0030,Valsalva,47,47,47,25320,25320,25826,25826,25489,25483,25552,25563,996.0,996.0,60.24096385542169,60.24096385542169,63,80,126.0,160.0,,,34.0,34.0,21.25
GDN0030,Valsalva,48,48,48,25826,25826,26350,26350,25986,25981,26050,26060,1076.0,1076.0,55.762081784386616,55.762081784386616,64,79,128.0,158.0,,,30.0,30.0,18.9873417721519
GDN0030,Valsalva,49,49,49,26350,26350,26879,26879,26524,26519,26588,26576,1048.0,1048.0,57.25190839694656,57.25190839694656,64,57,128.0,114.0,,,-14.0,14.0,12.280701754385964
GDN0030,Valsalva,50,50,50,26879,26879,27371,27371,27048,27043,27114,27122,950.0,950.0,63.15789473684211,63.15789473684211,66,79,132.0,158.0,,,26.0,26.0,16.455696202531644
GDN0030,Valsalva,51,51,51,27371,27371,27855,27855,27523,27518,27588,27597,978.0,978.0,61.34969325153374,61.34969325153374,65,79,130.0,158.0,,,28.0,28.0,17.72151898734177
GDN0030,Valsalva,52,52,52,27855,27855,28362,28362,28012,28007,28078,28086,1034.0,1034.0,58.027079303675045,58.027079303675045,66,79,132.0,158.0,,,26.0,26.0,16.455696202531644
GDN0030,Valsalva,53,53,53,28362,28362,28859,28859,28529,28524,28593,28581,972.0,972.0,61.7283950617284,61.7283950617284,64,57,128.0,114.0,,,-14.0,14.0,12.280701754385964
GDN0030,Valsalva,54,54,54,28859,28859,29363,29363,29015,29010,29081,29061,1028.0,1028.0,58.36575875486381,58.36575875486381,66,51,132.0,102.0,,,-30.0,30.0,29.411764705882355
GDN0030,Valsalva,55,55,55,29363,29363,29877,29877,29529,29524,29595,29594,,,,,66,70,132.0,140.0,,,8.0,8.0,5.714285714285714
GDN0030,HoldingBreath,0,0,0,278,278,759,759,432,426,498,495,962.0,962.0,62.37006237006237,62.37006237006237,66,69,132.0,138.0,,,6.0,6.0,4.3478260869565215
GDN0030,HoldingBreath,1,1,1,759,759,1229,1229,913,907,983,972,928.0,928.0,64.6551724137931,64.6551724137931,70,65,140.0,130.0,,,-10.0,10.0,7.6923076923076925
GDN0030,HoldingBreath,2,2,2,1229,1229,1689,1689,1378,1371,1444,1445,918.0,918.0,65.359477124183,65.359477124183,66,74,132.0,148.0,,,16.0,16.0,10.81081081081081
GDN0030,HoldingBreath,3,3,3,1689,1689,2148,2148,1836,1830,1905,1900,916.0,916.0,65.50218340611353,65.50218340611353,69,70,138.0,140.0,,,2.0,2.0,1.4285714285714286
GDN0030,HoldingBreath,4,4,4,2148,2148,2610,2610,2295,2288,2365,2364,928.0,928.0,64.6551724137931,64.6551724137931,70,76,140.0,152.0,,,12.0,12.0,7.894736842105263
GDN0030,HoldingBreath,5,5,5,2610,2610,3072,3072,2758,2752,2827,2829,924.0,924.0,64.93506493506493,64.93506493506493,69,77,138.0,154.0,,,16.0,16.0,10.38961038961039
GDN0030,HoldingBreath,6,6,6,3072,3072,3553,3553,3220,3214,3287,3304,982.0,982.0,61.09979633401222,61.09979633401222,67,90,134.0,180.0,,,46.0,46.0,25.555555555555554
GDN0030,HoldingBreath,7,7,7,3553,3553,4040,4040,3711,3705,3777,3792,968.0,968.0,61.98347107438017,61.98347107438017,66,87,132.0,174.0,,,42.0,42.0,24.137931034482758
GDN0030,HoldingBreath,8,8,8,4040,4040,4539,4539,4195,4189,4264,4266,1016.0,1016.0,59.05511811023622,59.05511811023622,69,77,138.0,154.0,,,16.0,16.0,10.38961038961039
GDN0030,HoldingBreath,9,9,9,4539,4539,5002,5002,4704,4698,4771,4782,878.0,878.0,68.3371298405467,68.3371298405467,67,84,134.0,168.0,,,34.0,34.0,20.238095238095237
GDN0030,HoldingBreath,10,10,10,5002,5002,5422,5422,5143,5138,5206,5223,818.0,818.0,73.34963325183375,73.34963325183375,63,85,126.0,170.0,,,44.0,44.0,25.882352941176475
GDN0030,HoldingBreath,11,11,11,5422,5422,5830,5830,5551,5547,5624,5639,816.0,816.0,73.52941176470588,73.52941176470588,73,92,146.0,184.0,,,38.0,38.0,20.652173913043477
GDN0030,HoldingBreath,12,12,12,5830,5830,6316,6316,5959,5954,6031,6004,1056.0,1056.0,56.81818181818181,56.81818181818181,72,50,144.0,100.0,,,-44.0,44.0,44.0
GDN0030,HoldingBreath,13,13,13,6316,6316,6845,6845,6487,6483,6555,6555,1058.0,1058.0,56.71077504725898,56.71077504725898,68,72,136.0,144.0,,,8.0,8.0,5.555555555555555
GDN0030,HoldingBreath,14,14,14,6845,6845,7339,7339,7016,7011,7082,7088,952.0,952.0,63.02521008403362,63.02521008403362,66,77,132.0,154.0,,,22.0,22.0,14.285714285714285
GDN0030,HoldingBreath,15,15,15,7339,7339,7806,7806,7492,7487,7560,7560,922.0,922.0,65.0759219088937,65.0759219088937,68,73,136.0,146.0,,,10.0,10.0,6.8493150684931505
GDN0030,HoldingBreath,16,16,16,7806,7806,8258,8258,7953,7948,8022,8019,894.0,894.0,67.11409395973155,67.11409395973155,69,71,138.0,142.0,,,4.0,4.0,2.8169014084507045
GDN0030,HoldingBreath,17,17,17,8258,8258,8734,8734,8400,8395,8467,8457,986.0,986.0,60.851926977687626,60.851926977687626,67,62,134.0,124.0,,,-10.0,10.0,8.064516129032258
GDN0030,HoldingBreath,18,18,18,8734,8734,9250,9250,8893,8887,8959,8960,1056.0,1056.0,56.81818181818181,56.81818181818181,66,73,132.0,146.0,,,14.0,14.0,9.58904109589041
GDN0030,HoldingBreath,19,19,19,9250,9250,9881,9881,9421,9415,9489,9495,1372.0,1372.0,43.731778425655975,43.731778425655975,68,80,136.0,160.0,,,24.0,24.0,15.0
GDN0030,HoldingBreath,20,20,20,9881,9881,10534,10534,10107,10101,10173,10173,1270.0,1270.0,47.24409448818898,47.24409448818898,66,72,132.0,144.0,,,12.0,12.0,8.333333333333332
GDN0030,HoldingBreath,21,21,21,10534,10534,11083,11083,10743,10737,10812,10811,1006.0,1006.0,59.642147117296226,59.642147117296226,69,74,138.0,148.0,,,10.0,10.0,6.756756756756757
GDN0030,HoldingBreath,23,23,23,11561,11561,12030,12030,11710,11705,11778,11783,944.0,944.0,63.55932203389831,63.55932203389831,68,78,136.0,156.0,,,20.0,20.0,12.82051282051282
GDN0030,HoldingBreath,24,24,24,12030,12030,12345,12345,12180,12176,12247,12249,462.0,462.0,129.87012987012986,129.87012987012986,67,73,134.0,146.0,,,12.0,12.0,8.21917808219178
GDN0030,HoldingBreath,26,26,26,12578,12578,12965,12965,12647,12642,12712,12712,938.0,938.0,63.965884861407254,63.965884861407254,65,70,130.0,140.0,,,10.0,10.0,7.142857142857142
GDN0030,HoldingBreath,27,27,27,12965,12965,13423,13423,13116,13110,13182,13166,904.0,904.0,66.3716814159292,66.3716814159292,66,56,132.0,112.0,,,-20.0,20.0,17.857142857142858
GDN0030,HoldingBreath,28,28,28,13423,13423,13861,13861,13568,13563,13634,13614,862.0,862.0,69.60556844547564,69.60556844547564,66,51,132.0,102.0,,,-30.0,30.0,29.411764705882355
GDN0030,HoldingBreath,30,30,30,14295,14295,14730,14730,14434,14429,14499,14498,868.0,868.0,69.12442396313364,69.12442396313364,65,69,130.0,138.0,,,8.0,8.0,5.797101449275362
GDN0030,HoldingBreath,31,31,31,14730,14730,15163,15163,14867,14863,14934,14936,864.0,864.0,69.44444444444444,69.44444444444444,67,73,134.0,146.0,,,12.0,12.0,8.21917808219178
GDN0030,HoldingBreath,32,32,32,15163,15163,15601,15601,15300,15295,15366,15368,884.0,884.0,67.87330316742081,67.87330316742081,66,73,132.0,146.0,,,14.0,14.0,9.58904109589041
GDN0030,HoldingBreath,33,33,33,15601,15601,16056,16056,15742,15736,15806,15799,922.0,922.0,65.0759219088937,65.0759219088937,64,63,128.0,126.0,,,-2.0,2.0,1.5873015873015872
GDN0030,HoldingBreath,34,34,34,16056,16056,16518,16518,16203,16199,16267,16262,926.0,926.0,64.79481641468682,64.79481641468682,64,63,128.0,126.0,,,-2.0,2.0,1.5873015873015872
GDN0030,HoldingBreath,35,35,35,16518,16518,16974,16974,16666,16661,16730,16719,906.0,906.0,66.2251655629139,66.2251655629139,64,58,128.0,116.0,,,-12.0,12.0,10.344827586206897
GDN0030,HoldingBreath,36,36,36,16974,16974,17424,17424,17119,17114,17180,17173,896.0,896.0,66.96428571428571,66.96428571428571,61,59,122.0,118.0,,,-4.0,4.0,3.389830508474576
GDN0030,HoldingBreath,37,37,37,17424,17424,17879,17879,17568,17562,17632,17608,918.0,918.0,65.359477124183,65.359477124183,64,46,128.0,92.0,,,-36.0,36.0,39.130434782608695
GDN0030,HoldingBreath,38,38,38,17879,17879,18342,18342,18027,18021,18090,18073,928.0,928.0,64.6551724137931,64.6551724137931,63,52,126.0,104.0,,,-22.0,22.0,21.153846153846153
GDN0030,HoldingBreath,39,39,39,18342,18342,18804,18804,18490,18485,18553,18559,922.0,922.0,65.0759219088937,65.0759219088937,63,74,126.0,148.0,,,22.0,22.0,14.864864864864865
GDN0030,HoldingBreath,40,40,40,18804,18804,19261,19261,18952,18946,19012,19017,912.0,912.0,65.78947368421052,65.78947368421052,60,71,120.0,142.0,,,22.0,22.0,15.492957746478872
GDN0030,HoldingBreath,41,41,41,19261,19261,19732,19732,19408,19401,19472,19449,958.0,958.0,62.63048016701462,62.63048016701462,64,48,128.0,96.0,,,-32.0,32.0,33.33333333333333
GDN0030,HoldingBreath,42,42,42,19732,19732,20206,20205,19886,19881,19951,19952,942.0,942.0,63.69426751592357,63.69426751592357,65,71,130.0,142.0,,,12.0,12.0,8.450704225352112
GDN0030,HoldingBreath,43,43,43,20206,20205,20673,20673,20358,20352,20419,20411,928.0,928.0,64.6551724137931,64.6551724137931,61,59,122.0,118.0,,,-4.0,4.0,3.389830508474576
GDN0030,HoldingBreath,46,46,46,21619,21619,22134,22134,21776,21770,21841,21841,1058.0,1058.0,56.71077504725898,56.71077504725898,65,71,130.0,142.0,,,12.0,12.0,8.450704225352112
GDN0030,HoldingBreath,47,47,47,22134,22134,22697,22697,22305,22300,22405,22363,1164.0,1164.0,51.54639175257732,51.54639175257732,100,63,200.0,126.0,,,-74.0,74.0,58.730158730158735
GDN0030,HoldingBreath,49,49,49,23239,23239,23729,23729,23408,23402,23472,23482,948.0,948.0,63.29113924050633,63.29113924050633,64,80,128.0,160.0,,,32.0,32.0,20.0
GDN0030,HoldingBreath,50,50,50,23729,23729,24197,24197,23881,23876,23945,23928,928.0,928.0,64.6551724137931,64.6551724137931,64,52,128.0,104.0,,,-24.0,24.0,23.076923076923077
GDN0030,HoldingBreath,51,51,51,24197,24197,24644,24644,24345,24339,24410,24387,878.0,878.0,68.3371298405467,68.3371298405467,65,48,130.0,96.0,,,-34.0,34.0,35.41666666666667
GDN0030,HoldingBreath,52,52,52,24644,24644,25089,25089,24785,24779,24851,24847,896.0,896.0,66.96428571428571,66.96428571428571,66,68,132.0,136.0,,,4.0,4.0,2.941176470588235
GDN0030,HoldingBreath,53,53,53,25089,25089,25541,25541,25232,25227,25296,25283,908.0,908.0,66.07929515418502,66.07929515418502,64,56,128.0,112.0,,,-16.0,16.0,14.285714285714285
GDN0030,HoldingBreath,54,54,54,25541,25541,26060,26060,25687,25681,25753,25746,1108.0,1108.0,54.15162454873646,54.15162454873646,66,65,132.0,130.0,,,-2.0,2.0,1.5384615384615385
GDN0030,HoldingBreath,55,55,55,26060,26060,26580,26580,26240,26235,26306,26292,1004.0,1004.0,59.7609561752988,59.7609561752988,66,57,132.0,114.0,,,-18.0,18.0,15.789473684210526
GDN0030,HoldingBreath,56,56,56,26580,26580,27088,27088,26742,26736,26806,26810,1020.0,1020.0,58.8235294117647,58.8235294117647,64,74,128.0,148.0,,,20.0,20.0,13.513513513513514
GDN0030,HoldingBreath,57,57,57,27088,27088,27592,27592,27252,27247,27317,27320,1002.0,1002.0,59.880239520958085,59.880239520958085,65,73,130.0,146.0,,,16.0,16.0,10.95890410958904
GDN0030,HoldingBreath,58,58,58,27592,27592,28071,28071,27754,27748,27819,27794,934.0,934.0,64.23982869379014,64.23982869379014,65,46,130.0,92.0,,,-38.0,38.0,41.30434782608695
GDN0030,HoldingBreath,59,59,59,28071,28071,28540,28540,28221,28215,28286,28296,942.0,942.0,63.69426751592357,63.69426751592357,65,81,130.0,162.0,,,32.0,32.0,19.753086419753085
GDN0030,HoldingBreath,60,60,60,28540,28540,29021,29021,28691,28685,28757,28748,972.0,972.0,61.7283950617284,61.7283950617284,66,63,132.0,126.0,,,-6.0,6.0,4.761904761904762
GDN0030,HoldingBreath,61,61,61,29021,29021,29526,29526,29178,29173,29242,29223,1030.0,1030.0,58.252427184466015,58.252427184466015,64,50,128.0,100.0,,,-28.0,28.0,28.000000000000004
GDN0030,TiltLevel,0,0,0,353,353,884,884,524,519,589,590,1062.0,1062.0,56.497175141242934,56.497175141242934,65,71,130.0,142.0,,,12.0,12.0,8.450704225352112
GDN0030,TiltLevel,1,1,1,884,884,1416,1416,1055,1050,1117,1105,1064.0,1064.0,56.39097744360902,56.39097744360902,62,55,124.0,110.0,,,-14.0,14.0,12.727272727272727
GDN0030,TiltLevel,2,2,2,1416,1416,1956,1956,1588,1582,1652,1635,1090.0,1090.0,55.04587155963302,55.04587155963302,64,53,128.0,106.0,,,-22.0,22.0,20.754716981132077
GDN0030,TiltLevel,3,3,3,1956,1956,2480,2480,2133,2128,2194,2183,1024.0,1024.0,58.59375,58.59375,61,55,122.0,110.0,,,-12.0,12.0,10.909090909090908
GDN0030,TiltLevel,4,4,4,2480,2480,3009,3009,2644,2639,2705,2716,1076.0,1076.0,55.762081784386616,55.762081784386616,61,77,122.0,154.0,,,32.0,32.0,20.77922077922078
GDN0030,TiltLevel,5,5,5,3009,3009,3543,3543,3183,3178,3246,3255,1066.0,1066.0,56.28517823639775,56.28517823639775,63,77,126.0,154.0,,,28.0,28.0,18.181818181818183
GDN0030,TiltLevel,6,6,6,3543,3543,4071,4071,3716,3711,3778,3767,1050.0,1050.0,57.14285714285714,57.14285714285714,62,56,124.0,112.0,,,-12.0,12.0,10.714285714285714
GDN0030,TiltLevel,7,7,7,4071,4071,4591,4591,4240,4235,4303,4290,1034.0,1034.0,58.027079303675045,58.027079303675045,63,55,126.0,110.0,,,-16.0,16.0,14.545454545454545
GDN0030,TiltLevel,8,8,8,4591,4591,5098,5098,4758,4753,4822,4819,1004.0,1004.0,59.7609561752988,59.7609561752988,64,66,128.0,132.0,,,4.0,4.0,3.0303030303030303
GDN0030,TiltLevel,9,9,9,5098,5098,5628,5628,5260,5255,5326,5330,1088.0,1088.0,55.147058823529406,55.147058823529406,66,75,132.0,150.0,,,18.0,18.0,12.0
GDN0030,TiltLevel,10,10,10,5628,5628,6168,6168,5804,5798,5868,5860,1076.0,1076.0,55.762081784386616,55.762081784386616,64,62,128.0,124.0,,,-4.0,4.0,3.225806451612903
GDN0030,TiltLevel,11,11,11,6168,6168,6734,6734,6342,6337,6404,6413,1164.0,1164.0,51.54639175257732,51.54639175257732,62,76,124.0,152.0,,,28.0,28.0,18.421052631578945
GDN0030,TiltLevel,12,12,12,6734,6734,7305,7305,6924,6918,6986,6986,1130.0,1130.0,53.09734513274337,53.09734513274337,62,68,124.0,136.0,,,12.0,12.0,8.823529411764707
GDN0030,TiltLevel,13,13,13,7305,7305,7842,7842,7488,7483,7551,7551,1042.0,1042.0,57.58157389635316,57.58157389635316,63,68,126.0,136.0,,,10.0,10.0,7.352941176470589
GDN0030,TiltLevel,14,14,14,7842,7842,8389,8389,8009,8005,8075,8081,1124.0,1124.0,53.380782918149464,53.380782918149464,66,76,132.0,152.0,,,20.0,20.0,13.157894736842104
GDN0030,TiltLevel,15,15,15,8389,8389,8928,8928,8572,8566,8637,8631,1052.0,1052.0,57.03422053231939,57.03422053231939,65,65,130.0,130.0,,,0.0,0.0,0.0
GDN0030,TiltLevel,16,16,16,8928,8928,9429,9429,9098,9093,9162,9145,976.0,976.0,61.47540983606557,61.47540983606557,64,52,128.0,104.0,,,-24.0,24.0,23.076923076923077
GDN0030,TiltLevel,17,17,17,9429,9429,9960,9960,9586,9581,9648,9656,1108.0,1108.0,54.15162454873646,54.15162454873646,62,75,124.0,150.0,,,26.0,26.0,17.333333333333336
GDN0030,TiltLevel,18,18,18,9960,9960,10498,10498,10139,10134,10205,10189,1060.0,1060.0,56.60377358490566,56.60377358490566,66,55,132.0,110.0,,,-22.0,22.0,20.0
GDN0030,TiltLevel,19,19,19,10498,10498,11030,11030,10670,10665,10733,10736,1066.0,1066.0,56.28517823639775,56.28517823639775,63,71,126.0,142.0,,,16.0,16.0,11.267605633802818
GDN0030,TiltLevel,20,20,20,11030,11030,11589,11589,11203,11198,11267,11265,1146.0,1146.0,52.35602094240838,52.35602094240838,64,67,128.0,134.0,,,6.0,6.0,4.477611940298507
GDN0030,TiltLevel,21,21,21,11589,11589,12159,12159,11776,11771,11839,11833,1134.0,1134.0,52.91005291005291,52.91005291005291,63,62,126.0,124.0,,,-2.0,2.0,1.6129032258064515
GDN0030,TiltLevel,22,22,22,12159,12159,12683,12683,12342,12337,12407,12400,1004.0,1004.0,59.7609561752988,59.7609561752988,65,63,130.0,126.0,,,-4.0,4.0,3.1746031746031744
GDN0030,TiltLevel,23,23,23,12683,12683,13180,13180,12845,12840,12909,12901,988.0,988.0,60.72874493927126,60.72874493927126,64,61,128.0,122.0,,,-6.0,6.0,4.918032786885246
GDN0030,TiltLevel,24,24,24,13180,13180,13665,13665,13339,13334,13403,13389,960.0,960.0,62.5,62.5,64,55,128.0,110.0,,,-18.0,18.0,16.363636363636363
GDN0030,TiltLevel,25,25,25,13665,13665,14153,14153,13819,13814,13881,13858,984.0,984.0,60.97560975609756,60.97560975609756,62,44,124.0,88.0,,,-36.0,36.0,40.909090909090914
GDN0030,TiltLevel,26,26,26,14153,14153,14676,14676,14311,14306,14375,14377,1080.0,1080.0,55.55555555555555,55.55555555555555,64,71,128.0,142.0,,,14.0,14.0,9.859154929577464
GDN0030,TiltLevel,27,27,27,14676,14676,15219,15219,14851,14846,14915,14899,1090.0,1090.0,55.04587155963302,55.04587155963302,64,53,128.0,106.0,,,-22.0,22.0,20.754716981132077
GDN0030,TiltLevel,28,28,28,15219,15219,15730,15730,15396,15391,15459,15456,984.0,984.0,60.97560975609756,60.97560975609756,63,65,126.0,130.0,,,4.0,4.0,3.076923076923077
GDN0030,TiltLevel,29,29,29,15730,15730,16237,16237,15887,15882,15951,15953,1030.0,1030.0,58.252427184466015,58.252427184466015,64,71,128.0,142.0,,,14.0,14.0,9.859154929577464
GDN0030,TiltLevel,30,30,30,16237,16237,16710,16710,16403,16397,16466,16470,902.0,902.0,66.51884700665188,66.51884700665188,63,73,126.0,146.0,,,20.0,20.0,13.698630136986301
GDN0030,TiltLevel,31,31,31,16710,16710,17166,17166,16854,16849,16919,16924,918.0,918.0,65.359477124183,65.359477124183,65,75,130.0,150.0,,,20.0,20.0,13.333333333333334
GDN0030,TiltLevel,32,32,32,17166,17166,17654,17654,17313,17308,17377,17386,1006.0,1006.0,59.642147117296226,59.642147117296226,64,78,128.0,156.0,,,28.0,28.0,17.94871794871795
GDN0030,TiltLevel,33,33,33,17654,17654,18158,18158,17816,17811,17880,17857,1008.0,1008.0,59.523809523809526,59.523809523809526,64,46,128.0,92.0,,,-36.0,36.0,39.130434782608695
GDN0030,TiltLevel,34,34,34,18158,18158,18682,18682,18319,18314,18382,18373,1072.0,1072.0,55.97014925373134,55.97014925373134,63,59,126.0,118.0,,,-8.0,8.0,6.779661016949152
GDN0030,TiltLevel,35,35,35,18682,18682,19190,19190,18856,18850,18918,18914,984.0,984.0,60.97560975609756,60.97560975609756,62,64,124.0,128.0,,,4.0,4.0,3.125
GDN0030,TiltLevel,36,36,36,19190,19190,19708,19708,19348,19343,19414,19418,1066.0,1066.0,56.28517823639775,56.28517823639775,66,75,132.0,150.0,,,18.0,18.0,12.0
GDN0030,TiltLevel,37,37,37,19708,19708,20251,20251,19881,19876,19944,19945,1094.0,1094.0,54.84460694698354,54.84460694698354,63,69,126.0,138.0,,,12.0,12.0,8.695652173913043
GDN0030,TiltLevel,38,38,38,20251,20251,20768,20768,20427,20422,20490,20494,1002.0,1002.0,59.880239520958085,59.880239520958085,63,72,126.0,144.0,,,18.0,18.0,12.5
GDN0030,TiltLevel,39,39,39,20768,20768,21288,21288,20929,20924,20991,20989,1062.0,1062.0,56.497175141242934,56.497175141242934,62,65,124.0,130.0,,,6.0,6.0,4.615384615384616
GDN0030,TiltLevel,40,40,40,21288,21288,21809,21809,21460,21455,21522,21510,1032.0,1032.0,58.13953488372093,58.13953488372093,62,55,124.0,110.0,,,-14.0,14.0,12.727272727272727
GDN0030,TiltLevel,41,41,41,21809,21809,22314,22314,21976,21971,22038,22023,998.0,998.0,60.120240480961925,60.120240480961925,62,52,124.0,104.0,,,-20.0,20.0,19.230769230769234
GDN0030,TiltLevel,42,42,42,22314,22314,22834,22834,22475,22469,22539,22508,1060.0,1060.0,56.60377358490566,56.60377358490566,64,39,128.0,78.0,,,-50.0,50.0,64.1025641025641
GDN0030,TiltLevel,43,43,43,22834,22834,23358,23358,23005,23000,23068,23076,1044.0,1044.0,57.47126436781609,57.47126436781609,63,76,126.0,152.0,,,26.0,26.0,17.105263157894736
GDN0030,TiltLevel,44,44,44,23358,23358,23883,23883,23527,23522,23589,23577,1052.0,1052.0,57.03422053231939,57.03422053231939,62,55,124.0,110.0,,,-14.0,14.0,12.727272727272727
GDN0030,TiltLevel,45,45,45,23883,23883,24408,24408,24052,24047,24115,24106,1050.0,1050.0,57.14285714285714,57.14285714285714,63,59,126.0,118.0,,,-8.0,8.0,6.779661016949152
GDN0030,TiltLevel,46,46,46,24408,24408,24914,24914,24578,24572,24640,24650,992.0,992.0,60.483870967741936,60.483870967741936,62,78,124.0,156.0,,,32.0,32.0,20.51282051282051
GDN0030,TiltLevel,47,47,47,24914,24914,25439,25439,25074,25069,25137,25138,1080.0,1080.0,55.55555555555555,55.55555555555555,63,69,126.0,138.0,,,12.0,12.0,8.695652173913043
GDN0030,TiltLevel,48,48,48,25439,25439,25963,25963,25613,25608,25676,25688,1032.0,1032.0,58.13953488372093,58.13953488372093,63,80,126.0,160.0,,,34.0,34.0,21.25
GDN0030,TiltLevel,49,49,49,25963,25963,26489,26489,26130,26125,26194,26199,1062.0,1062.0,56.497175141242934,56.497175141242934,64,74,128.0,148.0,,,20.0,20.0,13.513513513513514
GDN0030,TiltLevel,50,50,50,26489,26489,27029,27029,26660,26655,26726,26731,1088.0,1088.0,55.147058823529406,55.147058823529406,66,76,132.0,152.0,,,20.0,20.0,13.157894736842104
GDN0030,TiltLevel,51,51,51,27029,27029,27570,27570,27205,27200,27267,27278,1080.0,1080.0,55.55555555555555,55.55555555555555,62,78,124.0,156.0,,,32.0,32.0,20.51282051282051
GDN0030,TiltLevel,52,52,52,27570,27570,28118,28118,27745,27740,27809,27815,1106.0,1106.0,54.24954792043399,54.24954792043399,64,75,128.0,150.0,,,22.0,22.0,14.666666666666666
GDN0030,TiltLevel,53,53,53,28118,28118,28652,28652,28298,28293,28363,28345,1046.0,1046.0,57.36137667304015,57.36137667304015,65,52,130.0,104.0,,,-26.0,26.0,25.0
GDN0030,TiltLevel,54,54,54,28652,28652,29167,29167,28821,28816,28884,28867,1022.0,1022.0,58.708414872798436,58.708414872798436,63,51,126.0,102.0,,,-24.0,24.0,23.52941176470588
GDN0030,TiltLevel,55,55,55,29167,29167,29678,29678,29332,29327,29397,29389,,,,,65,62,130.0,124.0,,,-6.0,6.0,4.838709677419355
